314 58 693
294 384 433
433 247 604
117 118 794
247 65 405
103 1 654
130 377 564
410 72 698
343 365 426
342 280 577
273 483 490
123 45 642
52 311 428
293 470 502
164 390 888
442 59 468
24 34 771
73 367 731
394 232 761
297 117 915
371 270 833
486 254 448
206 37 639
498 110 594
213 60 818
52 43 632
226 126 603
98 174 643
238 40 450
203 162 569
477 34 480
83 406 744
415 363 747
64 152 651
10 94 568
7 109 602
35 78 701
18 98 538
187 115 922
77 480 756
465 251 948
421 482 864
118 483 567
46 476 401
131 247 590
35 399 763
278 500 674
248 350 435
242 93 825
316 195 823
70 356 834
326 126 511
45 232 544
244 319 960
98 145 944
250 299 975
395 15 644
106 457 597
256 474 684
260 46 773
28 290 618
282 241 742
416 141 538
494 242 770
5 496 890
276 434 772
58 78 825
333 211 554
79 246 880
338 489 998
155 153 529
188 45 822
23 353 804
471 48 991
236 294 573
192 361 487
65 230 488
388 80 408
434 241 574
44 99 654
277 284 563
179 96 440
442 80 774
78 66 778
37 104 988
416 162 964
227 434 449
486 75 664
6 421 521
19 445 496
468 422 598
485 409 662
172 468 516
17 116 550
375 176 512
485 94 739
165 20 580
342 470 957
428 180 694
276 73 649
28 255 427
414 11 750
70 50 553
437 346 736
5 134 425
103 190 457
28 381 952
4 84 734
74 217 866
10 87 767
375 191 452
68 99 978
1 470 878
438 93 414
247 208 812
127 134 731
171 418 657
10 318 760
162 213 772
243 167 489
255 253 486
16 309 639
149 79 945
91 60 782
61 389 912
140 215 414
302 183 540
262 170 465
314 157 470
105 67 718
17 422 973
258 161 717
327 476 759
290 114 813
61 10 588
45 119 404
249 135 747
359 301 448
22 411 518
33 214 609
463 233 453
284 17 884
216 16 871
485 6 492
285 120 870
126 306 545
447 430 546
181 500 797
216 351 401
14 324 558
420 393 570
273 70 732
313 106 827
77 386 669
61 128 693
47 228 531
190 89 949
3 62 555
45 464 812
289 451 633
205 112 568
269 355 742
403 110 579
433 184 428
300 25 742
118 450 625
89 156 958
214 368 550
310 387 710
188 386 575
442 143 800
133 169 639
193 35 911
414 441 973
271 232 643
394 274 406
306 308 505
80 377 411
202 412 822
464 130 864
183 253 929
346 247 895
481 67 427
107 274 546
119 82 523
123 92 491
21 442 539
70 398 683
30 276 486
146 13 417
415 323 569
459 81 631
309 28 521
481 122 700
269 482 821
51 326 758
248 131 901
246 10 890
418 327 543
287 74 825
138 23 739
34 176 939
295 394 525
490 349 511
202 377 770
49 414 438
155 253 877
240 324 901
352 269 689
490 362 754
339 71 789
360 82 464
411 498 991
414 381 860
52 83 537
444 412 805
400 111 997
449 248 802
460 177 535
104 319 926
415 31 530
316 485 876
290 319 636
355 381 661
430 458 836
130 0 529
383 499 569
360 105 837
161 22 421
441 476 717
403 43 633
39 307 894
2 5 905
242 294 450
321 306 408
358 270 970
34 377 639
139 253 537
265 353 701
7 145 953
52 389 427
457 66 962
228 483 520
32 252 444
242 478 684
96 18 664
77 485 472
183 438 998
60 40 762
322 315 995
455 476 670
117 60 806
103 428 924
168 128 618
180 407 540
256 120 493
275 432 635
494 283 952
92 0 454
418 107 638
264 398 533
150 127 622
142 27 829
467 249 584
306 306 538
428 169 610
316 181 879
98 338 779
146 314 661
100 176 928
288 77 726
276 487 557
473 351 970
347 416 543
345 58 955
344 448 988
442 54 688
215 226 843
148 289 825
287 319 816
178 373 408
142 324 427
201 229 494
269 75 574
191 400 898
35 392 533
457 302 890
80 219 831
315 229 916
55 192 452
468 455 636
487 113 772
428 177 514
245 499 598
347 394 557
280 390 989
295 484 847
344 381 455
18 427 426
119 479 762
326 344 510
346 274 601
328 284 733
240 360 991
57 57 813
343 42 593
69 117 999
261 0 575
257 314 920
415 17 400
400 434 883
133 250 483
219 223 819
164 350 797
249 180 547
198 433 444
103 295 682
228 402 974
152 286 977
133 475 669
198 483 692
469 202 979
426 440 532
346 255 445
187 65 763
363 453 464
328 152 978
163 316 598
354 433 854
452 335 814
203 250 405
304 394 803
330 327 934
497 51 589
449 306 874
379 307 572
29 431 784
2 448 446
56 281 611
29 360 433
135 445 424
271 165 602
250 403 904
90 254 634
107 237 551
463 314 729
338 66 656
103 27 473
207 323 572
182 74 470
111 84 589
85 336 807
327 466 962
458 357 954
121 252 899
158 192 788
481 198 978
341 422 703
199 475 868
61 479 612
420 11 958
236 115 895
166 314 487
334 461 702
302 326 542
405 406 594
480 166 409
46 178 401
356 457 594
433 395 667
192 11 614
481 458 947
308 226 787
388 371 434
479 145 883
404 369 401
256 41 463
107 300 681
304 188 700
404 496 561
411 340 859
162 300 686
272 380 440
205 346 770
492 197 684
290 254 805
204 23 726
79 419 605
104 418 945
133 196 846
122 82 805
411 212 673
206 235 665
229 22 472
60 128 446
320 90 948
75 250 457
228 287 790
285 118 500
18 375 895
482 226 717
303 249 741
366 402 624
173 427 410
316 351 487
144 491 634
285 229 894
13 271 961
417 45 853
400 361 630
353 334 492
149 460 648
245 198 418
446 161 770
54 84 992
380 370 522
316 434 893
351 85 569
118 204 860
212 144 949
434 201 500
20 184 531
83 481 628
294 325 554
283 214 698
127 110 588
47 184 821
396 438 631
485 441 501
249 231 553
42 380 583
406 386 724
2 75 923
406 308 776
371 34 876
66 213 884
250 72 798
344 441 774
231 135 592
203 356 992
24 165 456
397 347 482
175 466 428
159 153 749
198 222 432
33 45 691
233 63 550
201 40 929
310 187 978
323 246 523
20 301 410
435 474 627
367 52 755
223 256 983
6 424 626
223 72 905
25 390 566
62 434 598
390 405 888
261 409 752
482 234 465
440 426 707
468 124 734
282 170 964
407 465 590
76 299 651
70 128 775
226 476 849
122 353 563
284 430 737
494 455 681
286 364 658
387 113 846
291 168 672
255 227 418
145 175 700
418 438 611
184 255 414
500 143 764
111 411 814
105 277 859
80 494 864
142 279 498
470 136 974
307 105 784
142 258 534
79 196 540
297 23 691
422 375 927
380 245 444
485 205 897
345 176 948
81 157 916
454 250 899
483 15 708
484 305 558
319 232 474
32 130 649
180 369 795
120 438 415
434 124 442
477 475 998
432 179 582
238 108 448
347 124 650
109 387 978
258 288 740
412 462 724
209 424 934
394 144 931
350 5 879
299 295 794
301 476 859
177 235 917
209 479 886
387 394 663
161 121 643
195 427 923
297 204 414
38 212 790
225 109 799
275 108 566
365 185 442
173 98 559
44 409 526
463 381 738
352 197 985
11 122 464
463 207 868
483 161 683
484 262 825
436 359 909
470 388 538
79 295 576
498 165 918
206 164 524
221 2 512
137 288 988
139 52 859
410 315 772
283 232 885
222 261 938
2 232 711
325 398 854
102 400 539
408 127 481
97 377 740
479 316 606
259 350 765
290 370 599
131 286 852
321 103 779
376 160 881
263 368 970
423 60 615
179 471 462
209 280 446
100 446 819
137 405 832
130 319 964
110 183 958
159 286 819
165 206 735
401 3 416
233 141 469
176 170 438
12 435 773
467 275 490
378 207 977
61 138 860
183 344 804
171 468 743
491 395 951
246 22 572
237 199 424
190 371 889
95 186 762
135 486 919
90 58 432
131 75 596
161 347 421
203 164 984
402 438 651
54 45 589
55 80 541
365 54 581
328 498 946
334 406 784
497 270 996
456 476 586
441 88 580
37 445 552
211 187 546
33 49 749
419 351 713
265 88 593
16 399 557
137 75 451
59 384 622
33 143 491
65 441 983
282 77 605
131 230 647
193 240 911
179 296 772
354 187 899
213 225 684
486 261 749
408 204 418
414 187 941
18 10 681
74 371 923
105 49 808
108 410 799
222 309 967
499 463 713
248 470 654
54 155 627
350 414 813
12 465 697
91 230 717
377 166 477
340 250 798
300 302 781
152 72 489
485 234 479
231 52 896
118 95 712
492 62 704
263 115 406
40 447 670
209 322 589
74 150 675
433 355 992
29 402 717
24 498 644
233 479 806
166 119 632
370 121 600
413 118 514
441 0 692
482 335 460
214 360 834
80 384 699
484 340 691
106 341 521
107 217 802
382 258 482
152 323 814
123 332 607
258 129 773
176 482 923
56 239 861
329 188 870
372 57 983
200 417 719
126 54 622
324 333 856
160 402 501
196 172 501
297 222 538
39 251 524
481 276 422
442 422 846
12 41 526
380 357 638
112 65 721
267 473 715
251 203 558
91 451 830
49 8 655
98 339 873
364 385 548
19 105 880
421 3 578
13 375 909
102 279 480
191 359 791
495 183 695
135 340 729
248 110 845
244 149 767
391 427 712
385 113 668
469 427 517
398 461 597
344 33 543
217 179 665
143 468 834
371 452 642
434 462 698
407 82 533
449 127 955
127 29 555
476 320 556
350 462 892
439 212 818
408 39 600
34 22 529
493 188 420
58 343 643
91 284 994
286 310 673
285 241 910
10 53 869
258 340 703
37 352 499
96 402 782
351 405 726
274 287 764
456 76 907
121 428 711
7 355 841
22 108 830
403 472 953
24 498 972
327 63 979
276 305 807
82 44 709
344 60 772
63 293 890
95 8 525
378 5 625
256 168 604
111 272 809
283 143 796
210 19 401
111 295 520
354 312 669
479 20 478
134 323 767
232 113 916
27 266 808
446 323 946
419 427 799
413 262 560
115 315 659
48 456 766
200 454 966
279 401 726
279 257 780
492 440 480
33 391 763
314 486 432
484 202 736
144 461 625
92 119 988
272 137 695
30 216 804
14 383 632
134 32 512
137 342 520
357 451 852
83 480 910
500 352 782
186 403 988
355 339 647
330 460 715
423 77 676
74 378 438
27 464 497
12 314 596
70 462 940
279 97 702
165 161 463
494 67 917
42 386 637
79 266 724
405 328 411
99 140 454
345 220 435
90 196 950
302 56 524
399 358 427
39 223 880
496 192 485
437 182 446
478 140 695
358 475 668
172 248 568
209 455 491
471 382 541
40 93 955
320 353 531
100 327 896
487 145 927
307 170 634
276 221 898
474 50 465
65 149 910
263 36 712
191 421 978
145 480 782
437 165 690
223 226 962
188 263 684
414 237 673
40 19 769
466 14 601
199 344 674
154 142 540
345 427 872
251 131 411
253 404 950
429 43 611
11 485 827
43 102 972
331 26 862
236 12 679
232 432 608
316 101 621
225 173 882
222 327 420
106 198 728
304 365 472
4 455 691
216 143 812
483 472 402
161 276 443
305 183 577
453 295 562
363 191 582
426 59 605
467 451 894
177 137 600
109 348 468
362 397 766
206 312 540
244 382 983
128 395 497
337 78 718
33 409 615
159 268 540
165 48 449
135 418 979
451 403 706
171 432 652
381 29 886
141 437 410
396 498 942
58 42 900
49 7 658
158 19 535
367 271 922
58 120 503
367 479 767
174 328 946
119 9 986
151 237 854
247 205 599
458 467 843
406 428 917
448 454 859
180 7 679
461 58 679
23 424 861
97 202 720
200 495 623
334 186 758
125 70 503
92 446 506
294 365 848
145 391 456
27 230 832
340 22 728
211 365 710
219 329 971
419 24 924
337 256 906
113 83 468
206 390 447
496 489 429
339 63 441
470 252 815
446 247 403
325 341 880
401 30 937
349 17 802
107 165 512
465 46 988
474 171 602
149 13 802
201 374 547
71 60 668
176 363 606
127 7 751
416 366 761
13 216 882
40 97 759
495 55 414
26 482 462
214 481 468
103 246 954
380 458 482
97 58 803
318 264 970
473 126 704
200 305 948
217 276 610
268 333 605
468 14 529
440 387 902
357 428 435
129 229 736
32 112 778
325 293 550
306 233 579
160 67 519
60 231 712
431 92 793
479 69 981
215 170 510
194 172 688
134 156 795
243 327 571
9 197 565
25 263 402
248 358 859
187 365 963
20 97 513
279 71 642
116 84 780
187 322 427
260 263 726
221 477 758
426 384 707
134 61 965
77 285 712
404 380 880
299 216 609
218 310 411
465 213 770
333 142 629
377 165 827
286 115 836
86 312 524
432 457 878
303 419 994
72 134 691
301 490 470
343 124 681
107 186 586
352 395 708
107 218 765
82 403 908
14 324 419
59 287 628
83 381 928
416 421 783
79 470 632
370 477 569
327 52 943
7 10 745
420 93 427
334 96 878
254 34 856
399 62 768
75 134 543
271 476 651
278 301 997
381 50 804
311 37 434
45 446 405
67 179 516
369 499 519
411 255 908
441 496 849
113 327 878
302 359 880
409 475 514
331 377 572
33 292 825
464 409 459
379 338 824
441 437 653
237 314 932
408 103 557
106 411 684
35 431 748
246 419 413
111 168 779
158 54 549
194 19 576
126 102 413
8 218 437
4 83 982
269 339 711
255 114 567
341 213 813
422 418 780
312 156 793
118 140 636
499 106 848
126 179 703
187 173 479
349 326 756
81 103 580
280 142 543
293 299 773
21 119 988
25 218 935
428 151 731
146 5 577
389 209 971
101 243 737
487 347 551
425 192 679
242 495 426
133 129 956
87 187 439
479 102 997
371 129 506
227 354 802
128 118 515
332 460 799
215 261 452
114 354 824
314 22 891
44 128 985
29 155 667
316 423 617
163 492 575
464 52 524
472 349 885
304 436 727
297 363 948
1 127 898
114 493 825
480 312 974
71 289 697
159 67 772
197 357 594
133 361 817
323 57 510
275 11 858
382 322 966
480 263 605
410 91 621
182 28 801
261 58 725
276 450 840
215 368 796
236 154 576
53 341 918
331 48 574
50 323 904
363 466 817
466 316 518
192 217 785
407 225 616
332 494 609
354 33 710
271 355 648
458 148 729
23 27 635
394 110 946
471 228 682
390 248 554
298 89 459
4 43 555
217 385 872
326 233 649
11 285 699
399 199 506
422 181 575
352 469 428
152 429 560
278 243 802
142 449 582
392 45 950
237 480 935
49 119 546
313 427 826
440 152 406
122 453 660
467 498 502
377 54 618
151 305 798
273 235 556
197 340 460
451 431 403
347 255 728
341 369 989
474 107 833
73 80 924
453 362 908
473 440 666
123 467 575
183 481 561
11 212 546
215 165 986
28 101 971
447 398 691
35 143 937
216 73 555
159 353 421
456 360 971
406 88 873
131 204 772
32 258 403
245 73 821
304 473 887
22 68 767
54 140 419
161 152 994
407 477 980
349 43 526
98 34 944
250 220 790
209 4 695
178 372 875
465 237 468
114 115 623
491 459 891
215 406 916
196 253 747
280 331 726
108 272 989
166 162 795
279 11 977
99 160 698
310 52 625
106 8 514
127 296 481
423 388 899
238 76 972
284 144 956
82 475 836
489 434 642
7 462 762
151 170 744
184 339 894
479 341 748
252 441 812
17 123 890
193 425 658
60 184 879
102 394 637
272 379 728
393 108 588
307 176 946
85 189 512
427 390 760
492 356 554
166 498 490
452 275 843
11 383 660
18 387 798
60 396 701
366 437 998
340 206 639
358 88 746
438 321 854
465 346 913
6 354 468
262 36 624
438 388 464
74 67 540
293 278 436
125 106 713
451 195 722
52 422 734
230 253 705
194 388 774
364 111 862
336 316 853
388 442 932
263 219 640
498 341 536
83 2 863
236 467 788
20 123 852
281 408 702
36 55 770
393 452 865
458 0 763
32 150 892
442 325 592
118 208 602
41 458 462
114 413 614
386 127 677
419 146 538
343 80 939
333 341 538
247 83 735
143 298 753
366 179 706
438 27 701
249 479 931
419 421 943
161 362 895
310 101 423
354 436 817
82 93 479
81 441 530
200 39 829
333 376 628
20 1 791
224 352 998
165 115 556
371 16 636
109 251 733
419 232 616
365 124 440
119 238 755
197 286 444
419 435 987
31 301 866
416 350 989
414 126 909
10 466 494
262 93 513
448 305 750
65 358 456
327 305 409
280 25 511
191 436 920
372 130 748
380 270 429
50 92 713
447 208 455
431 272 812
213 180 786
140 71 693
12 98 973
120 383 994
149 253 879
125 206 648
306 9 743
62 338 488
51 337 813
115 273 708
114 188 663
248 395 452
332 286 741
205 240 718
198 81 983
360 9 672
495 82 880
11 62 793
212 218 548
12 138 944
117 140 845
140 225 765
422 277 747
257 396 678
216 427 723
471 248 506
243 57 670
36 350 870
459 103 627
276 46 581
181 5 930
418 79 535
191 197 567
206 302 935
381 498 866
341 127 935
103 292 921
364 165 557
328 225 998
272 447 898
79 215 997
449 298 530
185 134 971
115 149 916
268 210 493
327 409 420
354 275 489
253 233 614
291 204 688
429 415 698
56 266 681
355 30 484
304 50 626
338 24 467
410 269 518
123 492 940
5 56 809
265 474 670
378 100 868
359 115 705
229 398 969
172 121 604
96 188 686
429 0 762
7 177 506
168 271 699
42 360 828
308 311 586
171 467 732
397 472 447
489 4 401
10 78 511
174 442 841
13 40 667
409 431 654
466 461 504
162 248 455
33 162 993
498 42 646
249 250 464
487 378 815
205 367 996
414 496 525
223 379 788
377 379 502
145 405 820
257 125 409
43 343 680
339 234 466
111 331 946
11 396 580
178 459 580
91 446 477
3 350 836
164 345 509
223 168 551
177 242 601
27 83 873
220 331 787
163 82 875
465 500 988
267 81 715
78 173 465
164 48 641
490 272 693
271 490 421
410 486 645
96 263 746
108 32 869
464 288 559
85 347 566
325 145 700
295 493 502
475 48 838
311 357 680
245 12 848
385 299 527
163 310 659
348 445 447
355 137 844
335 252 909
356 420 458
190 226 985
349 463 469
464 344 891
32 496 629
250 340 590
360 189 663
289 4 510
89 120 804
188 112 442
194 304 822
377 8 847
136 258 520
2 100 839
246 242 815
439 1 915
430 309 524
265 451 504
2 138 585
70 451 758
353 403 835
118 118 502
3 280 919
214 99 403
187 98 936
235 304 959
22 191 428
233 429 480
303 65 519
74 167 504
211 439 623
28 385 834
345 202 994
350 128 629
424 226 815
13 131 436
436 375 686
500 426 429
479 288 776
418 403 937
381 320 641
106 428 413
449 349 998
461 308 703
139 107 417
96 63 618
411 143 836
124 426 428
305 102 527
318 63 756
326 354 402
29 155 550
174 279 885
115 101 918
19 430 843
147 446 593
166 22 478
388 114 683
151 190 596
93 84 433
38 175 731
450 216 637
387 425 917
42 486 441
61 190 872
185 136 401
20 332 820
32 76 632
196 6 984
383 282 540
286 228 999
13 88 942
360 253 588
282 334 533
271 413 409
281 479 606
395 192 676
496 106 406
380 12 461
357 30 464
446 370 647
201 330 767
200 389 883
9 342 734
451 93 697
375 427 433
89 19 539
74 94 838
176 397 577
278 199 567
381 97 963
339 481 652
250 173 653
132 127 420
485 69 766
402 168 536
9 485 881
122 182 813
155 184 844
304 301 867
421 202 448
91 152 616
201 474 864
333 62 887
88 326 426
199 287 653
118 62 794
279 172 468
220 49 987
403 413 535
272 500 400
259 146 936
55 425 551
120 201 750
389 483 788
148 498 502
179 446 429
167 261 919
464 475 967
355 291 959
217 77 986
22 164 465
422 81 683
32 391 453
106 164 453
57 115 429
144 371 533
176 166 559
40 339 632
373 418 828
441 110 695
356 50 642
440 239 875
21 3 741
25 201 742
335 158 879
35 451 859
92 478 897
413 327 882
463 148 867
281 433 925
161 493 753
173 222 418
83 377 583
385 337 907
322 48 945
496 480 982
170 250 535
322 243 810
99 484 795
389 266 652
109 493 707
362 123 495
376 0 426
134 103 586
56 261 455
193 163 544
434 111 836
362 34 954
148 166 789
499 91 679
276 111 716
273 315 513
428 181 671
466 429 925
237 115 831
260 104 945
201 396 992
214 16 906
353 500 991
376 183 722
87 468 467
72 248 682
74 426 732
498 115 610
265 382 443
261 365 815
450 40 883
397 302 508
254 466 577
354 167 832
150 114 778
150 59 469
117 372 774
500 497 651
62 395 588
138 486 688
196 4 567
117 466 798
122 164 901
438 236 714
340 101 431
352 260 752
21 321 695
438 476 417
386 400 892
151 157 632
336 377 969
196 416 477
241 456 460
341 90 697
469 65 404
276 111 914
218 364 890
377 173 992
4 68 773
53 366 733
254 383 646
469 19 669
122 313 965
318 64 434
153 491 724
459 430 607
459 149 616
354 403 977
363 380 620
172 69 411
344 336 729
437 207 996
440 147 487
69 144 897
294 182 709
404 23 712
326 381 808
159 434 895
498 217 627
276 112 402
371 484 997
102 129 820
383 409 837
407 263 697
156 443 753
209 223 638
450 16 869
220 484 553
466 116 996
37 58 484
41 118 531
457 365 971
226 312 937
217 430 593
49 222 580
48 447 822
227 175 595
146 38 779
401 297 909
72 151 941
296 203 974
158 297 780
422 137 442
77 7 689
132 226 881
125 38 483
69 4 978
208 137 485
137 96 439
151 58 892
72 8 777
467 7 678
44 103 973
98 38 714
380 47 712
24 425 502
309 327 643
423 37 575
119 92 587
296 222 538
13 274 771
208 392 785
223 3 688
72 33 670
42 289 872
57 465 840
135 304 437
81 299 827
19 87 586
121 237 696
454 33 466
350 42 458
312 57 789
280 144 950
431 86 776
229 450 913
341 307 759
142 61 873
60 457 616
485 402 468
83 403 864
252 212 746
222 436 958
43 408 902
157 436 954
425 207 794
456 475 496
179 159 477
24 231 671
9 293 428
339 428 924
157 22 964
458 96 960
288 375 731
22 326 970
443 350 900
401 232 536
468 25 822
436 79 400
303 235 550
500 56 999
52 343 410
425 395 880
398 126 954
411 136 514
453 350 594
38 76 783
43 331 589
418 54 866
457 140 574
398 66 829
80 404 607
155 279 988
123 178 906
48 449 795
203 203 953
176 280 541
192 242 781
471 100 635
30 136 552
21 469 601
421 219 550
208 160 999
495 221 912
404 362 422
41 248 491
0 495 500
337 25 990
50 392 993
279 2 922
28 317 517
289 370 569
52 66 707
80 194 525
435 478 492
102 430 466
92 203 991
194 428 975
428 254 957
103 359 883
369 432 717
343 454 978
380 192 781
317 301 950
89 177 850
170 334 635
337 338 871
401 126 602
10 20 879
180 49 945
450 103 594
118 90 951
294 55 635
347 11 565
368 34 876
22 25 697
198 166 804
22 171 668
437 29 496
210 33 919
316 282 679
366 303 501
171 111 540
238 490 802
206 169 993
385 18 525
60 266 985
125 195 877
44 256 727
173 107 534
91 73 427
368 341 861
301 276 827
362 125 809
80 289 724
218 92 650
481 269 640
337 46 420
82 136 577
223 160 590
70 266 761
40 414 997
70 448 729
113 33 924
279 53 644
167 345 608
84 235 452
376 182 909
295 498 918
111 286 468
430 121 626
299 359 457
385 312 635
181 341 795
80 238 829
81 108 859
200 96 905
484 259 524
441 349 896
354 22 964
368 352 553
80 157 980
286 42 524
146 377 824
14 189 438
176 436 646
437 237 932
383 89 420
165 117 972
179 313 424
443 300 850
458 381 618
296 357 727
72 65 461
181 59 904
283 233 778
457 356 674
391 79 616
389 477 933
213 317 722
177 453 686
469 429 720
308 288 716
13 394 438
4 444 664
301 11 401
320 358 542
380 468 424
57 72 530
12 269 534
367 139 952
425 279 599
433 197 890
80 123 499
125 75 971
411 457 517
281 47 466
280 89 852
229 321 610
353 200 413
323 168 961
77 310 707
84 477 754
102 371 837
450 425 756
338 466 976
2 255 677
219 187 593
261 296 560
178 165 955
92 322 579
479 483 735
407 11 727
375 126 577
162 146 838
378 456 819
467 100 473
285 446 672
307 94 762
38 86 915
440 21 584
473 253 977
101 476 726
289 208 903
235 88 972
25 36 414
175 20 915
221 191 662
327 230 936
322 290 640
377 107 668
465 430 801
88 497 810
180 201 647
216 338 508
171 184 759
176 362 410
317 406 514
233 35 411
307 478 483
67 365 671
71 392 732
350 30 516
405 266 456
154 31 440
52 246 500
41 374 898
425 175 938
262 141 458
280 102 611
228 457 823
478 369 458
21 395 535
145 464 812
425 301 562
375 100 804
124 101 555
173 37 934
74 277 875
194 112 466
345 487 852
274 497 445
449 455 957
485 262 669
359 392 713
145 283 779
418 114 635
391 42 575
139 67 731
257 377 415
267 315 482
154 24 691
184 379 587
447 27 859
367 85 531
111 86 527
209 209 601
331 344 855
318 27 607
222 47 653
12 472 822
119 106 907
21 112 962
136 76 512
208 349 659
69 294 841
312 17 971
350 312 542
403 36 744
84 129 568
274 63 940
53 160 696
480 297 838
474 170 583
484 302 975
100 386 932
37 105 928
129 199 468
108 17 856
7 293 820
10 338 467
353 23 853
95 89 872
156 38 426
60 155 538
415 4 551
63 33 943
113 388 459
54 448 480
149 133 987
464 254 966
400 129 787
46 27 693
50 18 912
386 4 542
320 208 996
142 48 598
327 162 579
30 131 816
419 79 776
275 274 466
202 139 531
323 233 816
280 186 938
194 69 412
73 141 929
383 262 509
149 70 538
246 113 707
481 97 773
450 423 499
317 300 548
345 174 500
19 407 806
142 112 907
183 452 694
91 27 956
354 109 896
84 15 872
50 132 916
156 184 973
266 123 400
226 75 589
4 439 956
109 422 472
417 468 591
423 146 898
227 13 719
449 30 887
267 91 769
203 296 919
359 420 615
389 371 810
452 181 727
318 438 983
140 367 717
345 186 736
30 183 734
63 403 524
352 131 922
15 290 582
438 65 825
249 258 501
164 450 453
207 193 516
83 364 656
366 369 416
235 388 965
314 48 647
38 331 919
451 451 536
74 451 440
447 222 633
174 117 744
267 351 500
461 192 898
174 138 927
380 385 717
296 418 483
2 327 530
379 400 423
415 114 958
12 278 820
87 212 694
327 33 440
472 155 975
213 443 597
332 388 608
75 481 909
86 456 975
395 272 783
257 456 888
15 117 411
211 131 500
33 493 770
377 204 902
287 284 493
485 52 634
288 43 935
349 292 477
308 363 415
192 332 965
181 182 763
256 397 490
196 187 438
33 34 759
127 118 705
388 365 513
410 207 687
84 393 495
256 103 893
5 7 867
190 387 888
23 51 527
348 142 469
169 405 649
445 72 468
158 274 853
165 44 830
337 410 488
473 389 550
122 396 827
113 182 763
451 220 883
233 120 722
138 72 992
473 301 520
164 178 925
292 488 559
339 446 857
480 250 522
203 75 429
69 32 950
444 161 886
349 181 973
400 321 792
88 120 450
173 10 925
395 81 411
146 312 614
220 399 710
247 54 792
9 431 752
90 273 570
397 480 747
50 357 576
351 154 630
152 478 919
355 422 784
170 340 534
478 331 789
408 171 509
251 87 461
500 75 409
357 76 906
245 67 979
396 177 861
461 169 623
294 308 895
359 252 443
149 105 570
8 453 547
158 279 442
435 58 557
488 465 698
421 412 578
220 319 659
477 84 835
356 243 981
257 113 419
376 265 582
468 328 823
57 255 408
181 442 848
474 333 484
485 343 858
297 351 772
483 367 512
79 105 617
170 27 509
307 420 703
134 385 949
272 322 596
265 83 495
387 232 963
263 27 400
288 330 894
412 475 557
191 341 859
97 107 679
487 167 919
471 4 462
478 225 471
136 261 640
390 213 806
164 274 816
484 458 735
405 360 532
162 384 633
150 292 489
212 15 880
50 71 920
360 73 427
344 296 704
493 412 760
59 230 901
298 231 871
4 254 805
135 158 464
348 198 462
219 48 835
2 224 972
404 387 439
62 488 469
451 393 521
485 259 714
267 249 463
9 319 413
320 412 732
177 117 883
115 380 641
417 186 899
462 333 996
371 181 739
28 158 551
122 353 767
392 149 965
286 46 916
54 365 789
271 250 874
384 183 643
230 300 510
269 238 912
35 126 577
281 172 891
324 158 526
184 206 773
487 349 514
87 166 740
78 159 476
147 376 867
456 251 515
20 145 818
336 0 549
26 43 917
189 487 930
363 447 446
453 340 443
345 207 904
72 425 718
483 218 809
6 298 770
160 353 799
361 123 759
212 123 501
154 162 732
251 495 614
180 287 602
500 473 592
117 227 747
315 109 886
493 183 857
389 315 455
300 363 680
75 270 953
240 243 454
164 420 840
323 57 925
286 20 426
244 257 942
252 128 692
124 241 757
111 278 573
412 138 854
450 482 958
229 343 691
363 258 901
220 127 979
267 124 463
480 468 656
454 108 980
400 166 635
57 310 597
246 36 430
407 463 466
6 395 834
318 40 972
177 189 893
175 228 998
199 337 710
379 22 805
324 157 868
143 9 700
133 24 732
325 156 419
369 218 744
238 299 648
233 290 898
42 286 787
176 368 571
422 59 522
131 302 793
257 376 418
160 223 761
358 345 928
347 446 907
408 279 519
404 51 761
447 105 462
181 256 474
454 307 554
429 123 925
42 368 512
468 66 926
372 283 790
141 341 417
442 414 692
111 16 461
10 447 730
171 279 447
350 199 498
425 118 814
54 19 895
241 213 978
452 330 655
247 296 812
115 486 922
311 348 785
10 35 531
307 486 805
432 485 949
113 266 455
249 310 872
311 286 444
321 62 442
208 439 891
49 454 558
254 16 888
329 192 668
199 387 746
13 426 535
368 416 987
357 136 570
418 286 774
77 460 701
175 299 961
482 193 959
441 354 600
335 431 654
334 467 683
330 430 659
180 211 846
113 65 527
70 180 430
345 482 799
46 327 749
200 143 678
42 229 705
431 425 860
464 186 463
124 9 636
458 77 844
115 367 945
497 318 981
397 135 807
334 171 522
340 159 563
258 269 486
426 411 988
386 200 928
23 386 936
161 218 895
495 410 760
383 353 953
135 151 633
202 163 520
16 289 844
420 310 424
159 433 843
212 54 809
352 389 470
439 143 795
277 400 438
406 322 564
282 322 681
380 172 531
381 348 862
334 91 489
328 87 439
311 332 989
243 344 996
492 119 842
217 239 961
252 3 780
451 210 942
44 89 791
427 86 546
316 216 578
74 168 687
426 286 938
100 254 600
376 221 621
100 312 771
159 266 633
87 61 760
276 23 538
344 327 419
209 229 470
437 393 854
366 67 867
138 311 439
293 435 861
306 81 679
209 15 758
83 443 442
75 366 585
107 311 505
203 113 613
323 180 651
141 196 957
197 331 741
358 33 756
226 125 926
75 366 631
382 84 965
20 493 725
196 195 536
170 368 799
56 371 463
119 379 847
466 195 851
81 463 469
385 136 574
447 267 992
1 375 690
121 383 565
136 208 600
471 119 497
277 147 496
281 466 827
137 284 699
147 160 516
314 380 783
266 148 911
380 191 600
55 304 800
93 482 656
54 315 474
256 17 456
438 192 993
264 423 500
309 122 484
75 226 467
187 27 810
201 386 411
455 15 579
396 146 652
327 21 582
272 162 574
295 451 449
145 80 955
22 50 677
3 141 503
42 301 785
420 427 831
22 159 444
125 386 574
499 392 856
495 284 441
67 462 772
22 149 712
318 7 496
120 359 671
303 476 940
418 119 748
438 95 468
425 2 468
125 497 670
390 34 914
283 312 807
266 107 505
445 172 748
319 55 796
194 85 976
265 117 914
297 385 611
455 423 647
356 450 773
209 127 812
423 209 850
79 404 677
378 462 919
107 10 406
45 416 670
278 268 520
77 394 503
288 486 615
282 430 752
292 139 593
217 230 445
316 190 755
248 484 720
387 213 925
413 405 564
448 0 667
12 409 765
56 376 536
85 307 793
369 11 594
120 309 524
223 451 520
303 468 989
408 211 911
105 141 873
196 215 863
432 268 718
136 392 946
134 378 837
94 494 994
58 41 673
296 134 541
173 469 745
90 287 467
94 138 949
450 440 588
19 427 509
288 30 809
126 424 449
83 287 476
47 434 554
231 225 789
83 398 683
149 340 969
238 182 558
382 58 654
40 297 541
113 31 930
156 370 607
370 66 533
397 180 797
311 185 780
238 87 947
96 459 456
221 364 976
78 240 520
242 340 635
210 235 931
69 390 729
445 248 943
389 434 494
275 276 939
499 424 958
209 59 745
15 370 955
406 105 783
385 410 747
85 244 808
418 210 691
121 439 945
264 425 617
98 246 506
283 348 876
121 327 532
276 366 491
353 47 575
219 488 512
171 216 655
275 356 540
337 47 526
15 370 811
365 169 697
178 484 596
342 430 709
265 412 468
214 340 492
438 415 479
454 497 476
101 434 806
134 175 635
281 24 836
8 469 634
370 336 564
164 127 491
426 437 586
51 449 891
105 22 988
188 22 767
423 298 434
126 206 468
110 325 941
9 254 879
168 234 688
374 426 678
375 99 822
135 471 576
340 314 543
454 435 778
148 213 937
155 410 430
179 26 938
277 274 682
82 322 955
434 217 452
39 279 512
220 48 857
309 338 754
327 72 847
17 301 599
204 102 451
125 428 580
176 280 866
471 439 764
101 8 669
217 142 629
90 442 717
387 346 900
252 225 874
144 156 537
286 45 464
216 43 590
25 115 740
152 126 830
396 398 942
486 336 832
168 253 506
278 138 991
208 8 638
49 29 890
235 245 704
379 421 442
224 172 974
317 240 840
303 257 981
307 441 882
410 11 582
344 64 502
468 183 412
17 48 890
62 489 471
117 205 483
142 413 431
78 425 517
328 246 527
258 251 755
244 326 484
97 313 453
123 196 417
167 321 655
234 312 860
484 76 544
321 26 569
458 277 451
370 148 529
172 148 552
220 208 816
283 459 957
55 467 596
390 429 710
56 104 890
482 217 741
382 378 508
368 290 886
234 119 798
448 486 538
397 65 756
91 433 748
463 241 479
249 112 611
311 421 594
399 221 764
260 149 650
65 231 687
423 255 532
199 278 793
470 458 902
82 142 875
39 352 969
282 354 599
375 215 618
278 192 769
207 122 744
252 249 802
80 323 624
444 161 978
264 472 858
449 313 638
258 389 919
296 298 637
41 239 424
375 414 995
22 113 903
64 156 961
359 174 700
479 250 771
497 21 430
263 182 443
50 7 627
339 280 457
147 36 641
272 277 888
321 417 800
95 54 779
153 379 439
479 93 940
64 394 661
218 78 497
62 16 833
376 22 627
257 186 536
187 378 672
123 161 509
22 148 827
244 390 625
214 64 531
292 133 789
348 231 494
241 113 764
235 27 859
43 189 629
230 493 876
250 275 680
246 117 549
211 12 840
218 497 643
293 379 988
495 357 852
84 195 935
108 153 875
67 439 649
355 398 839
81 187 939
326 210 850
248 297 837
181 199 552
385 344 470
17 108 977
123 287 605
427 416 472
199 372 423
0 167 584
88 449 722
138 196 442
335 249 798
391 165 588
468 415 900
98 423 490
113 313 504
262 475 722
192 99 889
200 198 549
215 426 771
142 457 566
275 207 460
131 201 540
309 408 882
324 217 810
177 17 921
340 379 657
348 416 514
339 219 488
377 11 416
155 200 513
415 368 753
195 97 462
481 71 472
462 115 450
95 208 685
312 313 740
92 426 945
290 150 687
469 314 485
329 85 541
45 72 817
493 320 728
229 398 683
143 419 507
321 54 657
21 164 948
148 374 489
105 45 945
371 318 470
342 446 990
169 410 654
183 140 586
432 30 869
441 475 881
415 261 447
453 260 538
380 364 929
409 55 971
136 117 752
301 422 414
209 115 814
372 62 699
470 197 490
256 28 792
70 369 904
258 248 736
107 182 772
387 383 821
270 132 842
34 7 753
293 171 776
207 215 651
355 256 512
445 466 864
222 427 873
9 7 755
316 319 821
47 198 795
65 58 933
329 384 880
481 103 419
278 468 846
63 190 970
254 56 618
370 11 717
420 259 516
31 240 604
358 363 704
60 392 716
319 194 484
147 364 940
176 281 624
255 199 530
266 156 837
475 237 782
253 88 526
213 238 674
178 486 445
269 353 873
214 86 574
264 154 511
472 484 843
5 417 682
339 496 665
177 477 821
280 372 840
58 189 502
77 242 941
173 366 687
109 117 891
39 33 945
67 167 623
19 269 713
140 300 429
36 368 831
77 1 670
168 287 433
120 202 687
425 370 702
500 78 764
217 274 636
134 268 937
199 45 494
199 211 722
152 405 804
46 185 831
391 459 819
253 37 763
395 417 610
402 374 895
472 193 437
222 2 928
388 390 815
155 304 606
480 383 943
431 298 710
265 433 690
221 396 776
111 244 566
284 125 983
72 107 434
29 208 698
175 169 697
386 140 962
441 448 885
283 165 699
202 339 551
350 413 987
225 49 640
420 113 511
166 464 783
108 433 654
282 86 700
179 373 750
122 494 698
196 60 538
133 375 612
72 84 710
239 246 689
258 354 914
500 68 479
176 67 499
361 34 629
203 310 874
271 394 947
124 403 454
213 412 594
346 385 864
16 389 909
188 106 587
205 366 692
463 291 445
477 286 495
230 335 739
444 10 951
350 488 792
278 312 773
356 222 766
451 331 946
253 322 744
182 442 759
317 37 597
404 200 420
336 477 637
477 164 582
334 35 944
433 10 410
230 374 408
407 357 784
432 452 912
54 219 568
405 365 897
327 176 894
178 76 947
142 41 963
292 370 645
15 200 400
60 214 623
441 205 645
10 174 820
399 396 960
457 445 883
238 180 416
19 295 596
204 181 423
289 23 449
357 206 520
318 429 716
168 411 551
343 141 510
381 202 693
176 284 882
196 248 841
34 76 969
427 171 446
252 48 739
5 421 543
265 294 606
439 351 871
475 274 436
327 15 803
271 245 925
366 217 976
297 30 670
401 45 845
346 68 757
59 114 500
315 481 507
371 283 635
190 395 998
347 231 709
240 113 787
315 244 493
24 437 920
416 442 744
69 434 672
112 250 680
416 477 403
312 37 992
262 2 637
69 428 511
152 474 534
77 324 894
27 293 445
115 167 750
152 116 429
74 48 707
428 84 563
58 289 564
414 363 559
474 270 868
463 25 639
149 30 469
406 88 667
167 215 553
402 442 997
168 202 884
361 492 902
417 237 740
140 148 654
109 65 592
122 264 470
123 417 888
157 216 764
354 209 540
64 412 689
55 465 514
442 173 600
44 450 949
427 390 599
395 120 903
367 175 477
112 254 591
186 427 726
357 285 686
135 17 477
50 254 635
265 225 789
371 391 900
71 102 656
382 437 807
101 186 569
393 483 551
497 203 504
96 243 427
452 467 597
352 221 773
314 26 572
416 4 767
35 396 796
199 190 1000
150 21 437
494 20 979
382 67 924
347 358 864
421 74 727
295 302 847
248 99 926
402 311 732
222 230 554
266 330 898
51 288 903
219 323 934
83 162 832
138 170 798
116 279 906
256 177 573
328 307 425
171 222 662
250 392 659
130 110 890
210 9 567
278 498 793
81 220 928
482 131 418
258 420 533
334 270 463
298 114 710
467 70 652
481 381 430
478 443 826
74 269 863
260 235 524
151 191 434
486 358 936
278 471 511
2 82 421
99 492 888
192 323 584
237 98 605
111 61 724
456 62 698
337 8 937
415 305 752
488 396 782
214 114 776
464 294 448
142 405 580
254 157 620
79 301 478
133 54 643
203 21 526
397 287 604
195 460 606
420 222 772
496 474 876
239 202 753
246 464 543
105 330 421
416 382 719
424 361 711
100 447 954
485 482 640
106 196 571
351 401 799
22 284 400
163 468 839
491 376 742
58 369 656
406 255 869
138 297 572
132 62 942
113 388 802
36 500 777
24 197 699
2 165 428
164 25 547
281 40 617
121 5 554
211 127 502
417 123 469
306 291 471
148 377 654
10 36 480
63 459 569
342 412 760
349 318 991
15 435 659
335 117 898
66 335 602
273 222 691
260 94 522
243 222 897
334 124 681
173 336 938
66 192 582
10 16 964
171 289 612
46 17 600
185 486 704
261 442 538
91 175 928
243 147 855
405 411 956
248 183 772
120 490 550
103 359 620
231 399 587
474 276 869
89 4 839
5 480 714
128 377 604
383 338 915
449 258 845
170 405 747
359 227 974
150 66 814
324 262 411
107 384 585
298 334 930
244 198 435
333 44 475
266 240 449
61 74 877
146 322 737
338 362 981
426 324 640
353 130 792
468 19 922
27 415 475
13 358 680
373 68 601
197 141 851
348 134 954
366 242 897
287 498 530
83 485 701
291 404 658
414 142 990
219 230 978
142 435 1000
135 14 667
264 339 700
286 462 617
360 395 683
224 129 536
116 379 952
117 346 509
366 426 654
332 423 455
99 150 982
297 349 629
256 257 876
114 494 637
148 154 657
174 122 906
304 188 895
188 182 428
280 39 820
128 1 582
416 174 769
248 267 576
162 499 819
206 78 910
313 274 932
235 43 448
417 135 785
164 462 748
392 125 550
3 444 545
81 298 909
43 329 785
303 283 459
450 171 773
64 330 588
384 495 489
181 239 995
278 141 979
187 212 918
377 375 708
493 137 836
222 105 803
198 79 563
426 142 687
373 105 565
391 320 889
384 440 535
158 93 988
68 60 643
155 272 592
338 474 700
63 314 581
323 484 991
421 142 412
71 131 460
429 450 907
114 408 670
232 10 429
442 99 602
400 186 767
184 326 947
334 123 847
207 46 725
37 320 428
173 214 895
33 190 453
251 141 912
95 67 977
209 15 598
453 491 535
200 8 895
44 460 647
386 170 984
5 360 762
115 347 472
221 388 725
435 190 783
50 347 467
198 270 992
372 289 679
39 39 950
247 469 410
197 388 840
191 3 854
227 478 782
213 94 804
10 147 513
287 430 751
270 360 893
84 193 731
76 313 426
61 412 500
178 107 412
223 422 429
195 0 459
12 35 737
265 472 670
295 250 836
38 213 834
148 149 662
384 168 591
45 472 503
191 471 696
145 227 476
440 246 697
101 331 486
186 495 592
356 401 576
462 449 798
391 112 622
449 94 502
11 325 503
407 71 592
20 48 509
476 497 914
426 481 628
294 480 852
374 140 977
189 59 757
176 422 945
419 421 455
20 9 574
392 158 542
90 442 887
471 404 938
128 45 941
443 6 780
494 90 499
189 328 697
487 15 875
235 324 566
413 188 790
304 473 891
189 325 843
330 174 821
496 163 978
428 405 620
484 133 688
280 297 857
280 204 831
30 257 436
6 500 981
97 196 484
340 377 999
135 444 762
441 442 825
26 243 983
93 202 667
343 297 965
241 36 537
219 369 700
299 84 570
177 172 762
272 477 788
405 223 663
267 197 727
495 323 890
226 363 684
348 358 616
153 370 868
446 133 985
487 252 439
179 435 667
297 51 845
64 44 813
488 101 568
259 309 921
86 158 869
92 303 941
90 154 412
7 40 747
437 400 574
416 240 692
230 221 806
75 132 819
35 175 779
244 321 952
320 63 424
462 61 767
492 23 696
335 47 407
284 325 985
103 224 539
367 306 538
33 143 452
63 265 930
116 46 954
318 322 911
11 20 750
334 224 465
100 52 413
392 256 488
398 183 709
336 250 506
387 323 621
432 186 668
215 418 556
317 243 646
465 314 829
412 67 439
244 327 912
322 78 929
442 312 645
84 215 812
204 95 719
295 367 865
180 12 725
168 500 949
282 289 556
82 26 904
496 257 674
9 417 691
259 147 869
132 286 910
323 338 888
393 257 944
459 166 601
273 216 779
340 47 599
231 122 973
98 215 611
1 414 509
297 475 756
234 441 825
356 116 997
409 390 726
394 192 871
396 459 519
312 300 979
130 361 422
387 346 561
494 80 563
369 304 667
120 0 827
135 32 514
307 222 452
144 171 920
500 1 431
236 441 992
239 338 947
175 389 489
317 299 655
479 98 653
298 107 965
180 441 489
293 75 806
372 128 630
478 435 726
335 499 865
368 399 987
325 114 794
273 274 616
12 346 760
207 500 429
1 247 411
9 99 466
475 144 571
87 297 716
183 349 459
201 358 903
114 379 780
251 441 545
304 65 900
408 177 512
14 481 790
200 46 627
59 109 595
69 478 517
446 267 479
379 432 908
77 152 825
465 268 670
221 102 632
136 165 937
373 495 787
196 244 547
485 182 682
228 340 463
170 168 468
282 483 999
151 112 423
490 179 962
182 5 686
402 210 458
391 222 871
324 303 774
452 181 949
6 89 818
432 4 655
192 139 770
306 303 593
0 125 989
371 119 935
43 365 791
430 83 638
161 244 852
327 404 684
334 360 660
372 171 478
86 445 938
190 181 465
489 120 666
175 488 810
212 104 422
243 129 987
267 336 572
30 423 904
331 4 846
454 182 405
8 246 599
364 385 571
152 475 611
369 156 539
320 329 879
22 42 415
395 497 853
159 352 681
32 71 533
309 73 595
451 144 979
195 27 780
233 326 431
240 334 638
49 360 679
153 336 824
139 114 510
19 435 513
346 209 767
254 229 636
477 332 499
1 20 692
168 268 756
288 230 993
226 190 811
183 319 651
347 135 574
78 117 890
416 458 435
399 228 500
148 304 451
169 309 574
305 37 520
28 430 882
343 269 978
143 387 515
335 208 521
450 245 692
237 470 904
472 176 723
83 126 966
39 68 696
457 234 996
342 128 921
135 351 880
214 295 830
8 462 983
312 450 945
292 210 808
3 462 735
208 271 622
429 37 438
12 141 898
194 51 639
491 119 669
209 82 861
81 12 663
451 349 791
299 381 711
420 388 618
304 290 728
119 215 870
107 37 803
125 220 780
427 289 477
22 326 722
87 486 814
466 216 666
219 2 488
386 106 558
299 4 761
49 441 959
363 31 867
220 122 604
254 497 941
304 411 908
150 401 766
156 196 606
97 349 963
413 59 560
133 51 819
152 360 483
98 257 966
112 8 875
233 347 532
116 8 822
181 222 710
272 25 473
303 261 455
69 41 710
145 173 787
219 458 846
84 265 725
386 111 902
40 201 795
385 216 657
363 487 565
356 432 644
344 6 877
244 256 796
102 451 574
232 218 979
359 342 738
369 99 570
126 471 703
397 88 591
26 452 933
422 75 912
439 194 986
284 78 792
409 372 664
277 481 458
329 281 641
35 53 876
363 33 770
437 218 552
60 62 684
70 172 622
173 198 452
57 109 667
390 341 890
75 1 967
436 390 489
14 177 894
45 361 856
489 99 733
370 183 675
3 199 567
252 436 494
468 44 538
6 25 765
438 382 453
181 86 634
444 430 508
253 137 901
345 413 675
31 184 542
269 13 590
290 428 744
42 144 825
186 302 981
365 67 515
244 94 873
217 448 755
200 113 542
378 308 424
372 154 406
428 294 651
90 248 977
45 343 510
43 437 781
52 41 897
223 153 795
384 173 508
252 234 890
62 211 525
7 110 445
203 146 764
250 105 626
148 202 404
450 248 887
33 498 939
62 29 828
164 321 691
71 202 951
230 285 733
360 89 635
53 96 898
427 291 739
422 247 883
9 370 443
380 71 486
283 90 967
136 70 658
240 404 768
454 291 880
21 485 971
284 222 591
138 414 766
81 32 894
11 297 721
112 310 488
176 230 543
365 393 620
112 363 992
56 80 652
425 101 670
7 149 710
276 282 825
427 374 625
39 125 938
100 311 962
254 382 832
392 96 684
133 142 855
406 71 838
150 221 564
31 203 454
493 419 818
286 208 752
424 434 463
351 291 723
166 63 826
241 163 584
476 282 451
252 454 578
415 423 768
333 37 702
429 32 713
318 395 408
416 223 659
91 452 401
337 353 845
170 44 833
59 340 915
83 188 995
102 21 716
63 162 914
397 168 576
13 495 764
206 371 787
207 12 779
482 225 719
112 148 769
271 68 847
162 209 740
106 396 522
387 315 545
407 161 734
117 470 774
357 194 853
435 220 526
473 153 843
432 477 574
439 57 877
314 246 917
359 228 619
300 386 826
450 397 594
450 407 820
98 131 811
266 379 543
446 116 683
69 47 513
187 409 561
78 429 855
210 374 983
79 101 511
197 238 898
344 436 563
455 252 866
390 340 746
130 83 592
400 307 643
129 24 772
225 41 530
386 488 849
475 382 983
463 300 866
155 243 662
406 149 989
105 303 449
223 370 790
71 473 736
383 201 437
383 293 473
500 37 807
336 442 617
305 303 870
445 112 794
78 185 745
258 417 799
103 383 538
432 428 492
222 85 652
475 384 718
467 32 896
200 447 989
260 321 730
181 0 691
138 195 494
282 38 677
3 479 637
3 19 601
446 223 518
481 423 574
345 247 430
476 393 933
234 456 616
261 471 503
124 173 667
346 169 777
75 271 418
38 487 621
107 249 981
134 354 577
403 361 621
34 188 932
209 199 906
375 418 572
275 278 541
58 450 413
372 439 922
255 500 582
88 253 595
347 385 735
307 152 805
418 342 677
373 215 768
181 11 554
402 337 815
20 22 733
217 145 450
341 154 659
79 357 865
332 296 906
417 254 694
90 370 568
276 3 460
362 445 500
160 0 736
443 107 626
354 455 507
234 156 788
148 122 734
370 111 854
31 182 532
167 221 909
393 369 626
348 424 837
175 86 534
486 23 670
87 306 857
245 366 524
298 437 891
157 89 544
304 279 470
94 348 827
431 95 848
139 204 861
57 233 890
64 173 592
234 110 764
393 21 940
345 281 712
174 430 699
392 123 988
286 253 463
353 68 625
278 30 988
391 421 832
30 245 760
366 249 878
428 120 766
177 167 656
348 141 582
413 325 923
64 441 891
259 32 940
469 213 899
457 328 500
450 250 880
443 277 430
397 367 563
481 382 567
43 431 544
257 242 964
270 205 562
17 400 531
82 298 656
290 336 645
152 52 607
181 102 765
435 238 813
497 408 833
32 427 668
393 105 414
97 54 505
355 49 508
284 23 649
165 364 577
374 116 916
2 97 826
190 285 641
174 343 997
167 276 824
370 73 669
218 389 693
11 195 601
103 104 607
12 398 841
378 353 700
153 372 790
195 132 551
96 492 572
427 326 598
184 106 603
491 237 829
488 216 998
369 119 447
53 397 706
296 440 410
415 253 841
484 166 784
215 330 657
239 108 729
381 196 412
255 178 737
14 38 769
300 112 980
79 343 715
127 433 541
263 294 625
480 259 804
403 413 751
106 45 408
98 124 549
35 383 671
499 406 712
457 299 634
445 138 915
187 70 955
267 119 418
465 91 730
407 369 416
252 91 560
323 363 661
372 445 707
329 23 651
477 351 617
437 462 564
23 242 815
397 342 509
242 100 760
290 228 590
278 323 636
86 104 419
218 11 515
385 403 973
448 318 593
31 145 931
176 346 945
90 144 475
424 230 485
35 493 442
222 101 774
406 183 742
358 162 942
177 25 773
44 410 935
297 297 923
96 280 655
114 184 982
419 31 934
102 473 965
30 243 589
24 29 521
380 82 846
455 418 519
4 274 553
234 69 935
260 89 728
351 411 413
333 231 594
197 175 581
129 216 860
226 474 955
391 458 466
84 283 723
357 450 847
424 329 471
258 418 710
495 365 913
477 175 591
83 158 637
279 115 406
273 414 587
20 390 760
128 171 998
408 469 608
220 391 684
10 458 403
315 236 760
365 153 864
190 108 469
481 356 915
177 295 548
479 18 648
122 175 415
62 243 570
292 157 866
496 61 1000
375 324 565
406 79 941
430 323 976
220 186 995
186 6 788
453 263 703
320 306 854
123 170 785
430 157 560
108 423 777
209 440 967
10 48 969
118 61 788
330 318 701
44 442 582
57 125 636
319 177 917
154 67 506
77 188 602
326 4 640
212 247 631
440 31 785
117 463 961
195 207 440
459 299 851
102 412 680
435 37 992
283 150 456
143 435 662
481 27 827
251 198 790
41 47 483
395 418 781
363 419 611
208 285 931
337 488 711
348 310 991
182 220 531
450 159 826
177 102 560
268 44 906
95 239 814
253 419 455
439 97 891
168 368 855
139 144 476
302 325 621
433 95 839
281 372 849
190 220 515
224 81 703
413 181 982
458 365 835
127 370 786
60 424 734
338 81 919
455 170 405
445 462 422
55 223 830
112 371 600
483 227 656
492 332 529
76 187 450
286 193 709
371 474 758
475 402 943
383 296 700
402 23 1000
101 179 973
71 285 489
335 41 957
490 475 726
259 469 753
486 125 677
325 173 807
431 124 559
207 7 479
395 458 841
232 493 782
169 211 816
61 450 887
182 212 502
191 155 517
165 459 903
161 200 836
252 453 558
19 431 734
199 373 936
349 94 685
44 390 595
451 347 923
357 265 586
12 330 864
383 473 546
343 46 704
471 310 876
496 291 605
182 498 451
13 346 793
120 97 882
261 139 775
92 267 807
218 319 597
294 428 883
57 368 413
180 201 813
135 85 806
377 376 670
76 231 635
321 227 575
280 109 813
281 382 794
109 278 776
485 346 832
494 259 548
332 134 886
489 426 616
383 286 904
448 304 554
162 130 601
198 411 678
208 0 467
252 394 608
191 333 423
145 256 704
290 164 663
436 160 848
187 474 786
106 414 459
145 8 982
452 67 675
253 110 995
479 170 482
287 244 438
427 340 845
378 100 530
38 309 512
339 36 757
380 193 539
174 444 902
288 167 635
430 315 554
344 114 535
387 352 439
2 44 470
459 168 746
281 74 879
107 216 654
393 305 516
467 309 722
495 302 674
76 136 819
496 66 936
301 162 782
428 249 740
499 494 677
256 41 632
305 33 531
208 227 738
35 451 922
332 262 986
21 388 546
130 249 995
494 290 776
74 94 691
175 334 421
25 377 864
17 302 779
360 272 526
192 106 627
382 319 485
426 480 700
192 402 414
284 434 969
420 308 945
433 339 992
435 171 644
237 170 731
37 161 848
226 277 873
18 355 402
203 443 703
2 231 652
379 467 613
202 391 416
360 61 452
492 278 703
346 292 874
172 172 908
81 303 853
143 106 893
333 55 928
297 131 630
403 420 839
143 229 722
207 485 446
163 177 848
65 31 604
472 183 537
134 422 856
394 6 904
86 235 408
62 269 444
395 283 457
432 206 486
488 245 415
45 19 723
483 46 498
49 95 553
380 96 474
246 253 641
157 367 872
25 155 625
94 104 918
26 382 431
139 239 992
194 16 466
180 355 904
47 420 620
192 383 633
104 253 505
379 401 708
97 331 783
382 67 719
233 129 843
164 169 593
129 407 764
475 58 565
378 222 600
305 466 586
144 216 526
155 95 828
355 491 838
373 259 553
232 155 991
263 141 956
362 69 642
398 300 760
405 104 912
175 258 674
273 460 610
294 392 833
364 146 577
2 345 633
139 375 750
237 45 996
238 96 978
128 267 480
229 195 400
349 295 457
359 142 914
106 130 588
355 448 648
188 31 614
478 479 803
302 370 485
435 331 785
289 79 884
57 67 650
474 445 583
417 449 841
16 306 763
5 94 827
3 461 795
227 251 447
358 342 631
275 253 490
6 278 547
300 35 775
487 30 462
192 171 889
237 61 527
225 428 435
398 38 869
116 28 563
377 270 511
244 159 794
470 44 718
47 191 558
416 82 706
316 327 554
471 432 569
445 38 572
374 65 611
391 223 956
283 398 485
350 386 934
267 454 898
86 149 880
172 292 708
162 76 928
277 256 800
217 103 420
129 133 641
234 365 853
420 360 910
323 423 526
71 49 421
276 423 507
438 435 548
497 422 858
241 110 533
470 165 794
393 265 805
124 356 620
107 194 611
55 158 615
257 324 468
187 83 440
199 413 606
287 50 733
242 243 956
192 351 603
472 326 986
126 116 693
86 466 469
391 466 705
118 219 653
138 208 502
433 170 612
329 413 482
147 268 503
78 121 589
69 29 867
237 403 408
452 433 796
458 305 418
134 341 502
200 80 648
418 429 497
497 287 578
306 404 778
107 157 540
462 489 934
249 310 415
108 170 699
75 126 703
498 50 533
465 78 453
258 55 927
42 178 933
374 200 611
22 234 997
499 360 790
19 439 637
80 57 432
121 317 804
429 164 607
435 41 689
157 432 523
341 489 883
237 196 686
164 252 797
123 333 924
400 73 970
180 320 627
106 135 422
177 76 431
230 40 421
228 166 802
472 443 778
72 28 979
125 349 866
57 278 917
234 297 931
228 222 557
229 80 690
355 402 971
388 225 989
188 243 944
366 448 925
47 140 731
95 321 544
313 188 719
206 17 980
20 371 799
306 41 652
70 185 852
106 491 598
360 250 542
366 446 696
37 399 892
174 398 812
94 359 662
1 431 728
418 53 802
459 407 505
166 40 412
284 400 585
243 229 742
141 135 487
287 117 814
382 392 421
390 268 454
432 301 611
306 384 976
428 254 760
431 340 804
125 5 646
493 488 614
160 220 487
475 100 527
329 405 827
489 163 581
346 17 913
230 427 802
46 380 696
102 401 632
380 373 789
208 336 994
51 255 736
369 217 652
304 495 513
122 232 646
169 356 442
424 186 985
109 91 856
249 407 956
125 311 903
114 296 763
307 291 715
170 329 563
131 465 415
380 491 827
285 231 737
5 145 422
445 302 485
195 226 556
42 43 488
370 19 955
78 483 709
443 7 616
92 165 871
459 263 511
80 236 947
344 398 678
350 291 897
276 489 824
252 409 642
212 51 884
33 123 637
466 195 414
106 297 646
380 134 897
462 417 847
147 370 474
13 301 940
212 327 425
189 189 550
182 85 442
230 495 891
380 247 778
322 336 594
323 11 416
139 211 710
359 200 442
27 60 482
109 161 472
199 125 983
397 265 644
146 295 883
351 130 638
421 72 465
254 178 520
281 16 435
400 329 741
318 171 507
24 437 939
275 93 894
226 387 984
284 220 711
393 1 799
381 228 663
94 47 457
301 237 510
4 89 621
323 204 802
201 182 542
232 409 634
65 212 655
369 291 903
476 57 543
403 419 506
176 331 669
39 99 988
222 449 959
472 106 782
269 432 796
257 403 453
267 353 502
90 334 971
164 137 406
487 105 929
98 377 566
379 376 634
485 263 834
379 15 905
102 279 558
120 433 447
429 53 509
18 121 530
111 380 818
462 171 477
261 85 981
211 20 550
386 167 670
445 118 606
342 42 929
407 247 983
156 67 447
372 33 584
449 62 898
89 346 646
76 125 430
76 359 868
162 42 930
426 17 662
283 210 421
25 331 653
179 369 923
438 329 606
426 99 527
98 136 540
488 361 412
307 327 955
373 100 709
485 157 810
5 396 749
106 180 545
142 406 551
168 342 638
156 450 718
197 26 515
12 289 774
83 444 679
315 46 704
497 104 831
438 471 720
476 279 662
27 116 668
282 438 603
208 19 987
324 421 896
484 116 477
496 24 568
198 466 810
243 402 725
313 207 750
397 243 679
371 250 659
108 45 871
175 357 993
498 27 565
56 432 883
296 90 577
440 426 401
179 94 716
388 60 775
239 67 404
211 457 653
456 316 430
476 347 663
280 496 817
441 239 559
112 288 985
9 112 972
272 200 1000
419 206 953
78 287 624
35 443 686
309 374 628
290 268 662
466 336 923
462 191 714
434 468 644
243 256 917
367 498 405
95 12 873
251 64 762
305 318 789
15 185 783
384 118 751
396 495 555
298 334 639
468 422 417
151 132 870
277 254 536
474 321 524
44 165 634
2 206 707
110 250 788
191 372 596
230 101 515
348 175 673
265 3 731
138 118 573
378 293 891
138 312 705
270 354 862
241 396 825
346 473 603
134 183 544
246 339 846
451 337 753
246 355 774
93 159 973
129 122 963
193 231 813
403 43 497
404 306 678
17 384 769
235 327 831
154 454 965
208 83 854
291 184 590
51 342 825
248 279 821
428 219 810
32 494 832
107 234 699
118 389 735
328 3 785
42 66 864
25 213 949
14 110 636
139 482 556
355 475 938
17 332 759
263 122 772
333 87 848
303 254 627
265 71 568
417 293 918
194 75 426
499 479 770
177 119 511
322 442 902
327 225 893
203 80 555
274 385 831
8 100 557
70 125 727
488 147 552
208 151 919
277 89 929
382 55 960
447 298 679
27 271 403
109 155 700
214 9 704
264 249 725
207 130 814
196 193 936
442 233 906
221 275 761
210 8 645
32 278 541
423 115 694
7 422 959
355 338 841
493 208 688
277 191 497
347 322 696
470 280 420
245 6 490
285 272 612
68 254 859
111 46 918
431 383 873
29 239 992
16 472 773
371 58 670
18 131 861
90 375 869
494 124 958
83 129 503
287 15 447
167 485 809
26 223 825
260 239 629
282 315 409
300 206 835
70 183 707
240 482 947
136 156 682
310 184 943
117 124 614
145 292 648
188 33 412
301 217 765
86 328 700
121 85 808
429 352 590
368 205 780
147 46 942
131 276 871
236 304 956
249 166 731
15 129 681
463 34 695
332 12 465
422 217 654
241 39 869
418 166 547
8 478 459
46 318 430
18 259 701
376 30 764
464 78 518
360 397 707
156 72 940
173 317 452
227 120 803
190 51 729
86 87 537
177 26 979
110 5 969
396 235 509
261 104 834
376 305 768
350 104 802
458 458 634
120 494 828
413 350 485
293 304 807
85 498 910
34 39 698
285 239 534
58 294 992
255 102 839
154 386 714
125 479 599
180 211 970
31 256 657
414 462 744
131 444 436
226 301 529
220 245 431
412 461 548
339 107 673
114 106 703
54 269 472
94 88 835
437 433 777
386 478 953
384 80 429
38 249 745
484 128 425
289 400 947
302 356 563
198 73 891
283 60 629
157 189 656
147 469 552
291 400 464
169 453 488
370 323 601
196 232 646
460 345 671
0 350 525
413 131 733
44 227 576
335 463 506
140 151 596
445 106 907
63 65 605
218 148 912
336 85 881
337 358 906
75 150 687
428 483 525
219 441 485
435 190 946
30 299 772
475 111 959
58 404 767
384 215 493
373 27 964
178 270 566
464 487 763
82 497 512
120 151 629
12 463 687
397 447 678
95 286 671
122 86 401
336 126 447
434 240 571
170 208 794
436 407 924
289 82 902
251 225 481
189 327 620
194 258 855
107 232 889
474 382 912
383 78 492
251 355 876
228 470 706
452 361 570
354 144 853
214 100 977
482 401 639
232 186 576
297 99 900
397 369 772
252 15 797
231 372 828
61 163 710
269 336 776
449 177 954
348 427 946
214 249 773
300 468 874
221 374 423
475 264 700
272 102 837
137 47 751
128 28 716
64 207 931
39 119 909
379 419 991
449 9 615
83 359 529
296 220 597
476 46 594
450 235 506
127 10 690
375 8 491
484 288 848
52 191 729
451 197 841
72 55 609
23 203 602
247 77 473
324 61 934
77 120 884
290 313 505
445 113 452
80 221 446
349 169 907
184 17 600
483 405 603
87 198 441
169 235 861
282 156 808
42 277 525
376 465 597
320 200 721
226 341 972
55 260 896
298 322 815
57 114 898
390 334 994
435 220 514
288 27 706
43 485 840
236 166 909
412 101 895
56 426 798
444 280 683
103 33 490
237 182 817
129 70 853
139 139 877
465 366 623
439 283 400
51 52 707
367 166 771
338 434 462
428 272 417
257 31 741
451 46 658
498 301 826
162 424 952
385 200 995
155 95 921
323 82 999
30 167 927
101 142 682
168 168 477
500 196 607
329 349 501
185 13 471
368 204 918
193 416 588
96 46 463
438 500 579
174 226 816
442 118 749
61 266 506
55 234 582
304 389 902
314 414 435
344 240 664
81 385 1000
125 200 513
60 148 838
341 348 482
258 8 972
241 100 653
195 332 420
314 277 709
423 225 730
316 281 540
53 306 955
455 392 889
300 234 650
198 311 505
437 270 688
368 332 571
371 463 929
430 63 556
232 439 827
189 484 807
141 149 865
159 331 460
152 210 865
327 343 896
444 10 659
36 109 990
251 422 550
388 454 572
282 196 969
387 318 906
185 291 648
331 429 448
119 0 910
66 149 531
51 306 762
278 104 720
361 173 623
139 480 607
357 356 1000
180 84 799
450 56 843
392 198 422
328 89 811
191 266 642
411 128 936
500 23 948
18 145 831
18 44 441
4 229 867
42 244 836
311 416 707
313 275 971
185 335 864
6 164 673
69 372 516
242 308 788
119 286 879
471 463 409
43 398 974
37 224 998
113 431 444
26 50 543
54 467 700
408 401 970
483 310 984
349 12 790
390 415 955
343 377 710
374 211 572
329 170 680
151 456 559
236 327 476
492 86 923
296 483 776
187 405 538
480 201 770
433 319 785
275 177 999
145 170 589
75 177 954
194 151 770
480 23 950
431 384 926
259 49 717
358 396 755
235 59 689
93 378 503
331 39 846
362 339 739
76 364 722
22 256 965
148 245 787
177 83 963
424 481 636
53 449 874
234 56 582
229 473 952
164 25 685
224 335 585
260 223 644
6 283 402
383 145 418
438 218 916
430 222 573
10 51 732
370 66 423
175 268 577
159 459 641
434 490 932
99 348 902
231 482 686
393 427 585
63 476 836
211 499 536
32 105 641
92 207 710
82 432 795
93 462 682
411 356 795
337 500 931
393 298 902
303 422 605
123 15 945
342 295 646
39 387 616
180 200 492
454 285 461
476 216 793
6 150 639
119 496 749
439 184 577
346 186 497
117 199 569
266 24 676
59 313 785
490 285 748
484 254 831
429 373 932
179 215 537
273 439 533
185 169 905
92 352 731
209 108 543
181 94 886
65 449 802
262 307 742
392 410 881
236 274 826
384 231 706
236 286 548
335 142 483
107 402 502
282 123 975
64 383 945
125 53 462
79 444 715
482 4 554
48 319 742
42 245 941
308 411 773
47 326 442
490 5 426
313 92 735
161 344 439
68 76 972
414 488 406
409 416 876
293 364 651
122 15 752
265 251 563
218 271 909
219 178 980
426 397 547
2 249 435
179 94 676
298 471 529
267 180 788
395 374 796
200 194 793
429 0 815
469 175 911
9 251 813
387 493 932
374 373 938
181 103 544
422 348 976
73 73 932
266 108 570
352 463 473
476 216 923
20 493 681
374 28 746
67 70 713
302 63 891
49 45 981
358 20 744
179 8 778
59 345 631
338 129 994
31 63 595
414 416 596
305 215 470
181 494 984
187 22 618
183 494 863
213 75 844
173 100 569
196 89 433
283 201 990
120 46 498
108 304 531
33 295 721
299 25 416
256 99 932
211 449 653
199 462 686
34 236 481
213 374 852
233 20 401
248 236 415
275 83 651
490 305 742
88 121 981
5 467 523
148 46 962
468 405 940
300 480 753
63 428 583
424 15 857
495 15 606
276 393 593
493 291 923
380 362 715
397 58 405
412 489 685
71 282 634
94 207 419
394 443 904
102 301 978
455 230 878
388 267 697
303 31 633
82 26 845
1 269 933
260 233 482
488 152 449
371 455 725
114 458 645
235 68 900
139 367 568
264 482 439
345 59 735
401 69 896
37 123 553
443 265 964
290 211 854
90 386 900
438 405 772
45 227 572
198 413 506
401 372 799
49 120 685
285 322 591
233 310 855
189 57 686
316 264 513
340 52 871
388 368 497
318 16 825
352 236 564
156 155 761
189 14 426
417 16 999
177 203 628
158 294 997
149 381 968
65 128 556
320 181 533
228 162 683
235 471 766
85 448 478
297 348 787
43 448 903
368 165 946
401 93 447
349 4 753
282 346 963
403 262 645
452 276 673
126 7 467
107 375 423
88 196 513
107 9 869
392 353 834
335 93 793
107 112 912
79 317 738
485 40 684
346 222 695
31 400 491
0 246 544
339 393 811
80 345 477
473 484 435
471 110 820
286 438 540
260 337 793
257 223 508
71 77 735
463 182 675
194 160 449
424 63 520
206 189 597
351 123 449
231 121 719
425 63 540
184 240 696
467 500 670
383 196 846
263 417 773
371 311 432
373 209 782
26 384 961
370 199 405
10 314 969
64 173 706
241 160 867
169 96 983
278 197 797
327 309 758
479 298 638
390 407 553
322 409 798
84 104 863
398 246 573
256 304 820
470 368 500
463 39 596
382 196 883
324 212 739
173 398 567
347 102 526
215 315 873
430 110 509
455 235 898
471 270 934
38 9 711
298 237 940
119 6 588
148 437 772
53 368 484
348 377 671
407 183 550
401 463 855
493 216 432
144 370 707
430 386 663
174 463 876
191 489 869
100 288 567
491 49 477
389 108 498
333 111 523
468 411 404
8 180 427
170 38 427
97 376 777
66 61 507
0 454 765
133 34 814
132 16 488
221 292 487
220 378 815
202 305 832
371 5 692
450 78 883
189 78 697
186 414 573
168 347 479
31 59 943
156 113 826
116 295 459
60 72 744
347 496 406
214 413 874
275 463 661
163 163 549
360 94 445
57 423 760
73 310 447
111 218 930
425 263 498
440 352 949
423 231 656
25 224 628
195 447 962
362 181 718
417 420 734
66 468 703
215 27 868
337 306 798
389 266 557
68 170 655
407 210 769
69 104 993
260 339 875
226 20 808
15 287 808
479 76 749
411 456 443
17 296 695
435 292 908
350 262 782
121 487 779
119 116 437
423 372 698
150 141 593
481 483 776
90 440 586
143 144 637
232 251 941
429 450 659
55 409 848
398 445 654
129 261 956
15 376 403
296 92 627
292 442 653
161 282 527
331 259 967
239 416 578
58 467 855
316 140 526
374 4 567
0 384 487
472 99 635
56 376 793
179 471 562
300 241 648
59 475 591
149 499 800
151 169 992
82 405 812
305 204 615
288 400 847
299 488 742
335 3 823
313 173 811
140 460 494
315 146 827
215 207 590
151 44 636
165 336 527
232 125 402
88 429 944
434 291 643
367 369 482
13 435 857
239 225 777
382 427 509
15 421 757
135 345 558
466 340 515
196 314 974
473 279 559
361 490 920
201 483 885
31 500 788
273 416 896
117 131 477
413 13 550
91 315 992
196 456 611
104 76 704
328 430 906
199 357 677
65 445 499
65 354 447
37 190 667
121 187 687
371 189 497
52 445 716
33 78 486
133 431 472
399 307 579
104 103 765
214 483 440
185 21 592
297 84 733
312 274 853
89 406 469
427 16 676
433 448 695
329 106 668
48 105 768
94 336 875
463 367 959
414 361 837
325 491 424
203 18 452
4 134 524
201 275 574
427 55 860
178 399 475
196 355 609
168 142 768
409 307 824
349 66 995
415 111 932
100 407 433
281 55 845
186 83 506
311 156 617
388 403 849
116 102 693
180 195 733
274 292 617
492 427 713
254 336 976
279 76 917
407 237 768
398 29 880
307 290 406
337 168 869
308 375 437
354 295 704
468 146 675
13 126 642
455 322 982
262 160 701
12 36 417
113 312 853
140 100 948
47 251 642
151 2 567
438 401 928
478 408 596
203 450 539
489 320 462
99 495 661
443 442 641
244 206 661
440 167 672
449 368 912
207 291 790
385 275 506
427 493 533
277 418 542
414 249 476
33 418 933
405 297 776
456 109 530
84 470 972
179 227 607
349 292 865
490 360 983
85 202 848
164 61 890
14 41 702
303 29 673
59 225 778
308 415 784
347 101 779
160 242 649
394 349 667
412 473 978
375 150 996
426 331 530
407 166 783
251 137 627
437 187 960
411 334 830
327 257 552
96 80 837
205 439 721
257 156 582
361 167 603
231 93 689
40 166 684
172 120 782
447 457 654
198 254 400
429 272 832
244 200 941
429 293 791
445 289 839
58 165 964
485 329 652
159 354 537
6 112 533
276 428 668
42 139 606
476 400 680
367 240 476
1 327 896
139 291 874
332 407 912
81 49 893
393 474 679
479 431 727
69 395 861
457 113 640
152 467 707
176 437 874
414 243 681
478 239 818
238 207 455
133 420 669
61 221 580
217 411 526
422 101 888
73 230 599
136 108 879
272 287 686
438 139 715
81 419 473
392 1 682
472 485 1000
434 250 541
291 375 994
286 140 939
150 488 691
49 299 998
178 96 423
443 416 832
317 6 688
246 254 744
335 56 488
132 237 419
76 266 972
234 202 642
109 74 679
386 190 770
456 258 925
64 106 639
117 182 899
301 170 578
7 344 894
44 319 432
63 143 782
374 120 592
310 10 982
237 52 872
103 172 699
493 402 819
405 114 933
263 323 710
417 201 591
261 182 793
315 297 880
23 85 772
471 277 517
182 16 475
230 30 851
478 470 708
125 218 541
164 199 647
215 469 655
485 320 485
203 429 554
147 293 545
134 159 695
479 368 862
3 234 749
188 462 784
266 417 626
19 250 946
431 235 711
176 237 559
388 367 526
110 410 975
114 264 610
440 296 918
206 202 904
113 297 735
141 370 833
457 38 481
254 366 799
493 425 951
275 72 848
115 23 475
349 176 458
140 175 710
174 267 586
205 358 492
472 452 755
351 286 996
480 160 799
225 321 443
477 348 726
308 237 494
427 436 425
389 128 672
81 142 532
488 0 590
85 301 411
32 132 685
266 241 648
243 186 910
101 133 707
119 358 636
104 70 691
104 240 570
449 316 741
373 92 711
349 366 787
136 287 624
421 495 928
142 265 585
1 227 457
220 394 444
247 197 440
262 299 502
400 92 504
26 181 620
304 279 478
479 129 558
23 107 901
92 365 454
396 342 739
215 370 605
144 394 812
479 493 821
194 380 718
69 197 635
470 190 535
270 377 510
362 362 727
85 195 961
285 282 482
417 493 868
97 318 857
202 43 905
366 143 462
101 259 620
32 459 855
71 225 601
304 120 894
370 223 944
452 418 776
428 271 750
317 98 638
249 371 735
142 316 626
394 179 960
211 296 462
26 121 744
162 315 953
24 114 525
158 98 444
93 110 514
201 341 455
222 145 542
315 149 857
156 84 982
406 163 937
421 114 748
306 25 951
288 381 453
84 122 792
287 307 634
473 61 698
447 135 907
80 464 628
73 215 456
12 252 931
274 159 569
432 67 742
305 214 637
415 107 496
186 121 646
137 216 510
423 136 420
115 313 927
381 273 833
45 263 831
307 360 948
73 223 975
149 343 480
459 283 508
129 456 722
113 51 822
448 426 966
13 80 699
402 94 657
171 147 470
109 383 497
146 154 675
442 334 691
254 307 960
330 307 728
389 157 669
404 243 557
289 241 753
358 449 428
5 454 653
301 166 461
409 356 720
149 306 596
394 362 543
197 179 889
410 425 752
193 84 700
291 174 927
419 455 694
115 173 666
290 402 538
279 41 851
472 115 778
96 45 638
438 191 880
167 423 654
471 39 741
19 227 818
287 433 727
384 345 610
201 461 806
449 434 558
237 377 733
308 322 641
454 426 624
461 227 599
485 77 881
498 170 575
126 96 719
25 378 778
494 45 836
57 385 604
148 325 528
451 42 953
429 307 630
359 107 787
35 434 980
324 283 498
229 346 914
242 356 557
431 286 729
232 253 844
434 122 596
39 148 863
66 480 499
289 351 521
419 141 935
100 66 995
443 203 904
22 382 421
119 428 739
4 137 457
198 156 889
164 485 854
20 161 599
175 72 674
484 222 628
352 394 792
374 324 513
229 102 794
368 286 681
257 150 885
152 332 781
287 352 724
231 150 804
12 457 815
457 204 637
7 40 513
309 351 781
213 188 869
270 116 841
361 87 636
201 136 816
329 338 748
132 66 418
223 189 985
289 307 431
437 362 435
311 26 564
90 122 819
198 154 609
279 203 519
257 377 550
54 476 877
270 488 958
332 265 621
42 148 405
342 13 451
75 208 945
69 340 609
348 160 666
122 484 855
328 368 576
223 220 849
81 209 481
286 484 433
112 437 789
464 144 961
104 97 840
310 138 563
286 104 953
220 328 628
34 200 729
37 478 735
138 302 563
149 372 646
0 111 624
54 358 905
473 346 922
466 203 482
223 43 878
72 496 852
183 224 814
22 210 478
71 432 496
231 475 719
410 280 926
278 209 508
8 234 930
288 219 947
405 239 558
478 28 836
481 276 580
46 291 713
350 67 787
448 303 657
37 89 479
73 298 497
183 108 899
464 290 517
188 424 856
226 429 578
415 222 605
401 342 890
6 352 444
115 485 583
388 71 899
435 395 592
316 143 474
7 237 790
448 45 500
492 329 406
473 123 876
302 220 921
181 343 906
194 385 583
137 208 767
420 39 955
144 444 624
367 93 653
15 206 859
208 81 564
490 329 915
37 185 418
483 412 456
203 340 551
426 110 652
165 109 600
236 232 559
71 125 737
438 76 537
366 250 532
262 121 940
305 304 890
156 455 735
492 289 949
401 170 493
145 178 625
472 497 948
198 116 772
198 458 587
39 41 567
410 75 866
56 337 576
293 203 922
291 494 849
350 352 780
359 125 685
228 433 692
316 182 667
133 183 571
190 150 818
69 478 476
71 182 976
80 441 889
466 24 507
415 134 635
366 63 924
70 12 577
95 229 430
183 158 655
259 113 981
332 31 561
131 456 473
308 243 856
398 380 936
314 268 717
28 350 971
341 394 441
488 12 486
400 91 487
402 402 414
143 189 422
214 209 525
81 83 660
423 276 520
286 443 566
88 438 884
340 365 525
452 414 906
491 151 895
461 308 626
195 341 860
413 107 773
156 37 891
153 478 593
272 3 478
191 257 867
60 434 547
167 247 422
456 172 479
350 9 616
132 116 851
207 110 978
348 163 668
178 129 520
100 232 997
127 334 933
439 351 596
35 69 590
149 178 712
350 382 552
202 336 884
380 338 508
143 453 487
255 397 493
194 462 776
439 474 459
145 376 866
270 246 745
236 458 972
395 150 631
19 408 433
157 412 450
12 193 807
151 430 803
357 377 956
201 329 417
3 322 655
153 240 428
47 63 837
115 479 969
274 42 873
4 440 910
12 326 766
482 221 933
22 84 716
474 359 512
358 176 620
42 325 436
178 305 411
160 276 910
47 494 519
0 57 992
400 303 787
305 477 727
214 499 942
475 488 752
116 450 484
137 445 707
165 410 621
283 22 949
310 426 853
425 364 566
271 423 894
451 266 503
275 475 752
448 123 473
250 71 584
341 393 402
423 489 633
361 300 869
141 369 402
144 339 794
418 200 646
65 381 887
109 72 925
307 163 992
478 286 594
77 269 597
18 251 985
352 462 767
285 33 874
298 221 659
39 59 631
182 40 664
414 389 445
157 471 578
318 252 861
139 8 632
464 273 786
111 100 780
2 18 455
412 16 815
340 214 766
19 369 635
481 389 844
86 352 543
72 360 601
210 407 587
197 388 478
69 352 610
181 319 780
394 307 471
31 454 761
271 268 546
151 331 772
267 398 470
419 243 541
73 465 940
25 153 715
104 270 561
368 134 622
109 30 644
327 262 769
440 125 889
69 34 604
394 445 862
219 319 488
198 11 457
236 452 946
98 285 642
206 346 594
252 196 809
482 59 459
328 330 982
427 307 406
26 300 761
331 53 535
403 226 788
36 295 909
111 500 597
405 262 974
310 214 581
165 204 533
184 20 647
426 123 914
284 263 876
344 489 849
149 148 898
291 376 809
8 60 560
278 54 848
34 404 847
197 413 419
289 441 747
254 209 897
92 371 490
290 144 750
378 135 817
320 117 677
311 11 489
280 414 840
290 358 598
25 483 970
74 278 632
70 140 602
73 484 512
138 32 730
119 274 935
462 310 982
5 294 821
347 156 568
125 158 947
346 315 494
144 440 798
137 437 966
436 188 884
441 250 882
203 75 648
290 179 419
345 68 702
466 450 758
366 477 730
409 366 948
125 12 416
395 105 696
483 188 878
9 382 562
345 493 434
144 26 919
416 37 777
87 293 763
456 101 800
136 93 998
17 143 423
431 34 432
349 39 527
384 104 810
332 115 828
317 382 621
115 37 843
353 403 906
110 318 716
281 387 593
25 479 762
49 271 515
107 114 873
353 429 627
489 114 839
394 255 773
281 228 408
233 155 887
385 265 822
354 169 693
143 151 828
415 306 786
371 329 829
426 449 562
266 384 634
276 404 551
155 495 737
479 164 786
260 42 675
479 235 930
202 375 705
393 275 981
97 85 769
382 400 840
105 446 596
396 122 833
129 211 570
206 296 636
74 121 827
80 332 775
245 83 506
24 226 433
478 62 498
441 418 469
214 359 474
272 451 610
443 43 732
129 266 523
410 239 632
155 240 626
236 278 455
416 491 755
44 264 500
397 376 855
496 498 722
303 468 746
288 24 884
385 308 639
479 66 966
26 468 930
146 100 619
108 344 989
11 92 408
355 16 852
210 331 477
228 12 854
253 224 642
259 460 716
204 40 433
371 278 444
461 123 548
440 433 856
96 426 972
286 31 987
148 9 687
201 471 686
98 74 470
159 1 842
31 196 564
78 124 924
499 318 629
463 0 571
184 173 461
122 307 691
461 128 783
157 390 879
307 498 798
446 377 439
483 469 419
402 144 868
386 399 486
242 39 472
52 262 425
471 125 633
108 399 862
259 33 443
224 250 923
19 195 646
492 418 713
3 204 975
178 192 514
310 145 744
217 55 782
98 119 834
46 147 425
250 154 617
248 120 424
303 451 959
465 471 533
419 463 908
77 198 668
466 210 614
100 469 737
47 284 960
94 315 993
50 429 473
265 117 643
94 293 860
442 224 845
52 400 468
258 116 638
313 209 735
193 410 637
11 11 710
195 285 964
26 385 796
58 198 690
54 448 779
281 471 911
292 28 625
385 119 899
21 338 475
51 442 886
290 88 574
385 84 456
382 131 776
423 104 568
389 247 692
202 44 409
454 196 560
136 115 798
437 4 933
163 429 546
163 79 476
492 415 903
292 491 433
112 338 899
160 155 513
28 460 505
219 261 873
197 169 894
118 286 889
350 401 824
8 450 417
367 318 992
298 354 865
254 239 901
11 35 449
42 115 609
48 217 555
165 288 687
157 48 499
281 137 420
461 41 477
257 439 463
276 490 444
72 203 422
205 92 857
141 103 998
166 396 677
364 263 987
29 70 522
103 12 922
461 134 944
215 338 662
270 363 570
46 8 745
423 47 776
474 49 810
321 14 809
274 119 500
423 409 652
21 434 547
150 473 784
56 128 736
244 188 678
313 287 988
404 494 991
199 231 901
395 131 751
214 316 645
378 122 552
4 254 566
456 203 916
145 418 484
144 37 725
392 319 562
378 364 940
451 84 454
225 416 652
208 73 404
362 473 697
290 239 727
106 211 788
481 114 576
378 318 687
110 416 468
222 488 899
223 436 931
416 346 414
42 82 732
370 283 971
292 455 527
176 12 603
41 363 775
9 359 691
68 437 429
130 66 578
449 19 918
470 420 724
118 226 781
456 274 436
70 121 885
136 272 417
282 147 658
204 199 627
69 159 866
194 365 585
366 120 619
86 136 924
465 130 947
491 223 920
259 202 662
404 234 519
213 434 868
204 407 663
19 26 775
168 254 739
463 309 483
201 375 487
175 439 704
408 389 653
1 104 738
28 66 739
91 46 923
79 125 827
497 392 981
183 425 707
418 261 905
345 127 975
153 414 707
134 171 606
235 55 574
45 334 921
95 343 513
334 14 756
71 233 720
362 208 455
389 346 886
381 257 877
275 225 558
374 488 563
418 395 552
422 218 429
153 263 760
87 107 982
97 290 958
49 210 435
15 408 834
43 246 645
56 385 856
77 350 515
490 404 831
459 191 777
78 154 978
400 490 401
102 44 846
50 85 717
228 347 702
28 131 810
391 42 523
156 496 875
167 162 866
200 475 689
430 229 504
289 55 464
341 34 753
488 318 845
78 190 919
432 70 741
243 413 580
187 176 750
293 434 666
172 128 473
14 85 687
314 96 464
140 310 872
16 285 539
227 413 695
35 345 433
35 402 904
136 143 941
456 172 816
354 139 632
128 363 713
358 75 573
348 435 533
361 81 848
229 402 847
425 79 856
292 296 440
84 115 537
319 253 953
381 83 977
164 167 942
15 469 901
303 313 636
255 212 421
273 288 921
113 75 665
107 133 1000
435 33 920
165 9 637
45 333 899
237 302 730
389 256 670
427 243 887
312 144 973
412 34 879
218 50 985
246 485 944
231 237 535
395 103 887
297 485 445
375 116 752
352 60 565
59 314 783
227 250 413
285 172 743
377 170 418
122 234 896
357 351 489
461 15 905
158 21 594
440 372 623
453 169 477
318 165 595
29 385 489
354 54 910
194 67 516
261 268 428
144 368 503
100 469 739
431 299 890
206 401 846
439 157 747
248 18 658
25 169 467
411 103 927
16 234 784
191 329 758
88 184 623
396 474 415
86 315 970
390 226 927
479 413 759
471 232 913
170 54 508
470 216 512
35 156 507
135 41 600
182 120 748
82 427 976
379 413 768
359 290 969
482 309 650
263 491 963
306 473 657
72 446 482
3 60 529
187 127 557
54 260 471
452 92 854
209 275 700
211 494 615
318 172 615
367 166 638
433 76 472
265 31 814
196 135 971
287 481 677
163 481 410
491 395 875
69 298 441
471 111 875
27 430 540
392 465 905
325 473 650
432 78 801
269 270 902
19 398 944
241 27 926
161 167 842
107 54 976
36 298 819
353 394 584
64 294 439
106 461 795
369 375 605
448 317 737
66 209 842
11 36 709
346 139 630
498 428 980
458 41 411
234 65 757
340 495 503
414 281 515
310 496 559
302 176 539
441 99 470
229 397 690
57 262 664
433 475 747
161 318 586
30 362 953
455 253 424
258 50 885
479 350 778
470 81 892
409 340 731
218 31 942
238 499 984
361 123 824
406 199 577
405 407 425
236 93 534
499 447 539
445 326 769
161 230 931
247 285 828
63 102 575
379 327 939
385 210 723
424 186 549
278 192 804
131 311 829
344 423 999
86 14 664
390 442 709
257 388 793
127 426 805
417 228 466
56 9 928
476 391 656
415 488 947
225 490 650
135 59 949
392 216 872
391 495 961
391 448 662
293 144 897
299 482 887
160 416 576
222 335 864
395 467 853
466 77 885
362 485 422
319 173 611
413 139 872
32 333 465
355 64 454
127 378 524
295 19 444
168 132 825
191 120 759
29 21 854
344 243 978
467 401 671
397 481 457
28 28 513
13 114 599
362 437 804
67 167 852
236 499 891
148 415 880
70 243 679
21 69 826
45 395 739
286 411 821
250 352 787
133 303 463
466 234 739
380 15 816
401 116 734
281 116 833
478 424 646
393 57 685
411 393 840
191 145 930
33 194 916
135 187 897
478 116 870
395 377 715
240 104 740
201 140 653
228 496 881
336 277 666
422 431 545
304 51 786
119 265 637
223 415 872
438 327 895
165 24 604
58 331 869
315 195 667
24 391 823
468 463 551
206 380 545
8 293 700
247 56 700
74 388 882
212 3 978
134 140 414
457 197 498
269 352 465
34 439 950
35 451 934
314 83 414
205 251 514
279 448 807
204 17 843
489 369 894
381 430 404
36 116 513
46 324 953
276 235 645
63 269 680
42 444 440
231 77 432
239 58 559
253 81 628
391 128 863
185 320 461
16 496 432
478 314 413
17 54 479
252 409 806
494 388 495
307 314 949
292 64 737
278 411 796
158 45 539
456 5 865
261 284 718
196 403 473
104 50 953
6 254 937
27 34 564
23 271 973
294 326 426
133 305 825
58 104 815
111 128 853
195 256 956
196 131 599
331 210 760
285 429 524
13 31 997
142 142 404
93 120 591
372 304 487
79 356 675
440 111 490
220 326 710
182 202 863
328 95 827
230 199 882
69 462 730
297 334 465
158 322 738
248 278 608
251 288 573
161 486 933
153 55 775
96 137 862
313 391 763
436 150 692
163 482 694
297 218 548
396 240 795
33 426 551
452 466 829
30 44 466
388 190 662
441 168 828
493 379 753
102 36 452
212 329 850
459 273 923
334 332 548
197 330 780
494 80 746
72 469 542
488 466 594
167 229 781
74 466 541
297 255 653
35 323 526
128 300 630
385 399 703
204 313 568
289 462 564
362 39 986
248 44 614
390 298 493
470 344 789
17 436 840
246 314 861
456 485 409
0 441 983
294 259 554
288 151 545
458 108 803
418 115 941
230 107 596
250 267 867
154 379 466
76 385 667
97 83 947
256 262 596
26 455 639
487 321 996
284 34 469
12 174 900
100 351 759
163 447 555
324 458 598
59 4 444
46 122 856
249 29 615
255 245 504
18 355 532
372 473 826
495 365 974
58 186 688
105 261 786
34 416 750
379 131 838
479 396 901
397 311 440
476 411 740
208 327 749
403 63 846
447 31 553
475 74 504
122 325 835
480 377 504
366 360 944
69 273 536
348 193 650
208 479 794
309 278 577
481 414 476
75 430 613
94 19 544
459 337 852
186 10 672
458 291 437
179 414 467
366 476 883
41 288 768
394 322 717
439 401 849
251 79 422
106 293 427
328 430 659
341 291 618
188 165 955
284 497 693
343 332 519
124 273 512
394 56 756
496 279 877
104 84 963
260 150 610
110 450 842
235 286 971
217 90 651
240 54 973
215 332 830
115 78 477
318 7 573
192 31 773
212 196 437
97 244 613
436 451 594
434 15 489
459 263 809
97 125 586
127 131 953
411 473 856
36 351 722
427 75 509
498 212 600
385 354 585
304 253 707
162 480 501
150 407 407
455 2 743
281 59 661
62 329 426
333 220 596
209 195 774
120 63 493
247 42 834
37 493 849
65 182 832
332 459 667
479 408 956
389 273 594
201 175 717
128 348 652
427 91 557
336 227 445
366 134 858
102 37 626
414 448 401
203 341 823
248 460 502
365 108 757
59 284 775
144 175 909
315 36 480
26 428 997
21 167 520
110 164 845
70 280 922
482 291 506
284 105 911
366 394 686
96 85 466
227 163 402
150 28 623
471 145 704
348 303 549
451 462 655
226 247 431
37 20 481
298 263 560
82 79 412
488 415 401
372 153 657
346 198 674
248 271 477
169 492 532
445 475 730
121 173 507
445 173 447
183 455 810
446 97 998
370 17 846
272 153 968
228 298 464
103 143 476
198 132 450
35 492 545
239 408 734
200 155 804
232 349 982
255 318 573
346 374 830
429 195 767
461 417 838
363 277 773
412 452 849
267 452 480
451 99 757
473 204 923
411 264 496
430 219 842
314 185 995
224 465 823
103 68 823
165 33 505
416 494 669
308 344 691
388 259 834
94 309 468
284 45 708
55 340 589
102 94 957
99 439 570
234 438 895
199 169 951
378 291 821
219 253 555
38 9 784
448 488 903
367 230 972
366 264 623
279 242 987
213 119 544
215 208 792
205 170 478
192 53 546
487 193 592
189 294 569
419 253 967
266 72 502
487 300 440
224 100 544
472 289 981
73 196 604
138 360 531
119 64 511
476 367 916
385 353 922
220 309 641
19 487 412
243 87 582
379 272 972
322 290 766
151 15 827
62 214 858
350 466 910
445 202 478
151 439 547
372 179 817
82 18 416
77 58 630
24 451 958
395 498 486
104 33 751
10 70 906
359 344 423
472 72 636
323 389 422
258 23 988
345 74 737
449 483 512
162 491 700
280 371 855
317 476 742
493 344 927
117 375 841
473 467 731
335 10 545
204 251 958
257 492 735
35 345 851
218 401 628
265 285 789
37 52 659
494 126 469
168 175 749
45 479 602
247 221 719
212 110 601
172 481 506
380 377 475
363 149 591
250 276 693
363 85 472
88 428 976
192 43 702
35 78 709
114 494 427
354 147 782
434 120 418
483 453 573
283 390 481
315 143 778
24 497 813
399 496 894
160 64 942
344 321 672
450 79 933
406 382 603
405 262 686
477 287 585
246 499 406
333 30 779
436 325 859
352 139 961
17 478 774
275 42 448
327 209 949
181 45 745
290 67 849
331 267 693
163 324 599
25 447 969
192 464 454
383 406 632
245 31 804
271 62 928
53 324 573
290 428 868
485 196 797
233 387 603
466 139 786
237 60 871
160 460 609
115 27 412
465 295 481
365 377 530
259 352 780
276 349 506
417 140 741
348 172 665
296 188 960
103 147 729
403 447 518
120 5 567
311 283 954
297 60 440
500 243 937
324 381 890
434 377 637
6 242 687
96 495 411
76 245 744
306 146 656
278 492 448
108 294 538
311 500 534
267 95 524
30 255 923
328 304 748
214 159 443
197 461 875
246 166 568
432 221 419
300 289 721
404 476 693
469 466 726
354 439 667
248 500 465
281 164 822
258 292 435
116 206 454
460 41 598
129 384 421
26 178 627
196 389 791
134 473 780
168 465 824
64 367 571
35 152 509
20 236 885
139 72 642
414 327 939
302 390 914
81 209 606
284 138 581
197 348 867
313 246 689
68 47 484
383 402 876
127 158 964
351 323 610
75 296 687
367 208 800
362 83 900
48 411 837
440 422 862
108 395 996
69 428 825
349 195 955
188 309 662
45 182 710
473 93 667
222 390 699
228 77 498
48 124 418
292 178 661
153 61 414
409 484 767
86 242 628
390 449 814
40 57 657
315 249 615
155 57 613
296 433 452
371 357 652
320 58 764
407 348 892
78 362 418
35 434 907
153 49 625
93 63 848
8 294 680
89 313 578
451 416 781
382 421 819
229 5 842
382 240 745
412 100 649
271 464 485
293 111 831
260 244 541
263 469 408
395 122 580
79 310 737
400 326 577
79 304 447
29 431 934
62 63 794
296 45 968
34 321 817
371 259 905
375 430 409
305 170 930
29 299 986
104 13 542
500 414 869
71 262 506
463 294 994
102 45 418
352 207 635
377 307 979
385 93 930
277 168 857
122 315 707
232 224 889
15 312 926
343 309 900
494 4 542
453 496 703
478 160 734
275 292 864
281 54 554
497 347 531
364 279 506
469 391 866
102 481 861
479 182 548
205 64 519
495 189 675
395 394 530
124 222 461
399 56 705
426 414 603
73 316 682
394 424 738
32 45 546
44 20 467
239 254 794
84 146 903
342 319 578
3 311 975
91 200 974
393 240 704
113 387 813
32 152 992
417 367 626
475 233 734
378 277 788
411 34 449
