327 377 525
348 452 497
327 346 559
137 33 438
158 372 897
174 461 648
224 422 911
312 422 868
464 247 824
217 265 682
369 430 806
388 230 972
140 454 753
307 309 803
467 424 796
75 49 929
128 345 404
380 425 614
277 12 626
225 396 434
278 17 812
463 220 744
364 60 439
25 170 676
220 223 427
116 160 619
101 369 954
123 408 458
159 391 986
429 31 682
4 125 946
273 99 977
288 182 649
271 491 666
20 397 658
52 368 848
336 118 837
16 330 890
96 403 885
402 418 695
372 412 745
56 146 445
166 232 694
407 6 844
353 418 696
306 0 896
288 72 411
135 481 647
14 373 645
82 174 824
419 173 754
259 183 468
247 323 770
192 479 956
360 445 453
212 99 496
158 482 783
229 428 604
162 360 572
283 363 576
352 374 831
251 429 531
350 196 423
11 489 988
116 208 569
340 261 817
135 342 616
352 4 493
245 201 960
416 1 566
131 286 444
397 388 820
494 350 964
454 330 660
151 78 634
129 91 801
333 402 522
425 357 894
150 193 955
50 196 797
472 17 742
219 305 436
444 9 709
232 35 503
429 77 830
244 133 417
360 199 940
267 316 703
418 139 786
406 446 432
29 278 813
214 355 400
31 393 500
308 328 638
173 237 472
215 136 777
91 43 615
180 179 647
98 411 606
170 321 849
100 125 735
399 259 550
284 461 504
114 404 946
165 482 548
172 40 498
285 138 462
93 441 760
433 434 524
386 32 598
94 498 862
310 243 849
177 97 872
383 90 639
303 417 621
59 64 985
121 161 847
251 224 479
282 436 474
386 71 417
268 109 869
423 453 522
450 454 845
360 197 979
15 49 549
269 319 666
65 322 401
29 451 840
354 324 506
172 363 687
78 103 550
408 14 804
11 335 439
220 120 872
241 188 414
260 370 594
115 465 467
26 407 533
345 135 787
348 205 435
252 238 889
174 206 804
100 166 847
20 334 966
300 240 873
493 393 666
73 304 728
465 481 826
151 216 498
132 49 786
200 129 510
18 338 900
454 427 828
170 356 614
48 212 604
273 342 454
72 147 998
106 94 850
361 317 626
429 231 812
53 102 994
126 188 825
368 249 809
223 224 776
354 421 940
376 267 416
195 311 646
164 188 414
376 7 890
141 302 735
420 178 601
14 244 535
163 175 738
400 87 851
85 158 530
301 149 781
90 118 460
329 65 536
238 300 510
66 111 954
233 397 887
118 314 769
310 335 767
186 107 576
12 443 487
216 308 854
360 334 643
129 201 477
34 117 419
441 381 410
235 500 784
100 298 881
213 72 541
251 426 768
310 323 487
346 129 677
160 77 816
287 385 797
102 123 887
233 441 530
12 12 818
290 362 485
343 174 443
23 67 825
210 72 452
291 456 972
472 68 1000
192 35 822
411 296 833
393 90 540
88 153 550
233 180 770
422 256 964
209 131 429
426 428 632
102 18 775
35 242 969
436 121 403
29 307 738
146 193 986
75 201 937
201 221 905
122 313 884
291 171 439
168 269 781
5 395 919
389 287 763
298 90 481
290 425 796
443 402 990
233 207 417
339 276 912
431 112 524
17 235 448
481 263 821
88 452 760
20 300 777
202 129 611
196 415 687
200 360 981
493 407 515
369 325 752
158 141 628
113 136 710
251 315 558
47 472 583
286 455 461
320 303 628
151 329 470
265 488 899
202 300 796
34 116 503
240 110 729
239 217 687
367 206 476
56 210 924
135 183 407
309 311 633
3 368 901
350 237 639
422 150 712
297 99 934
327 125 724
46 157 976
92 343 881
35 394 678
12 404 575
468 273 971
163 134 963
182 79 689
30 184 693
462 399 474
190 347 951
216 334 541
443 471 852
172 423 897
471 37 895
478 31 851
440 190 653
362 466 538
458 242 776
484 35 974
403 299 619
94 476 446
450 299 760
202 463 701
126 151 900
418 326 780
388 107 869
464 192 653
65 475 880
154 66 997
37 383 901
210 434 538
30 183 483
313 427 551
81 412 450
339 286 737
393 17 871
64 155 433
180 214 513
267 367 767
103 100 718
267 84 694
19 121 477
197 112 435
364 460 822
23 46 871
489 14 758
402 355 604
29 31 588
464 486 507
313 184 525
44 355 449
338 199 436
254 320 638
17 499 990
191 250 465
452 420 949
162 201 876
432 145 587
358 367 960
305 425 848
280 23 763
149 465 833
273 6 944
214 337 919
292 273 685
23 157 492
9 325 958
243 407 832
221 113 406
183 132 561
134 230 761
126 459 584
399 257 705
165 489 863
124 4 958
499 463 601
333 13 408
82 25 999
297 339 862
409 75 880
428 66 621
166 152 998
285 108 422
367 202 616
273 321 695
67 252 406
81 476 732
356 43 885
241 394 919
438 24 851
212 315 606
85 95 988
470 327 735
467 308 448
152 21 451
33 159 737
494 447 996
89 265 867
464 499 771
365 76 515
130 384 935
286 76 603
281 242 851
438 149 869
4 276 487
66 399 541
149 268 409
51 289 455
261 285 993
89 90 791
150 289 824
273 389 491
237 170 497
155 413 428
372 293 907
465 422 693
270 255 637
183 168 854
83 494 790
380 200 520
82 194 504
17 454 629
258 55 576
54 23 515
201 210 539
308 328 516
177 211 726
1 407 851
113 105 545
144 154 953
38 63 457
88 234 759
11 83 763
484 448 965
148 266 943
434 58 765
419 281 496
211 247 834
221 406 408
365 437 660
431 281 432
246 489 976
196 27 738
220 199 570
163 83 960
201 178 408
322 113 551
97 48 859
83 227 933
393 369 588
423 484 799
367 423 698
127 272 650
493 339 535
175 388 470
359 436 852
403 95 713
6 263 996
291 23 964
114 136 554
180 200 924
52 217 748
162 55 464
104 381 990
434 87 404
426 88 513
251 407 945
180 158 887
417 350 794
311 206 667
278 401 855
140 52 616
426 302 913
395 260 669
64 202 845
80 450 909
430 436 696
182 38 998
234 257 843
4 96 809
103 393 866
496 63 610
349 477 411
81 471 669
328 295 594
152 461 977
396 428 619
213 478 754
169 216 857
277 191 865
344 253 514
302 49 406
113 279 932
121 62 728
326 12 536
170 434 443
77 37 993
135 141 500
495 49 576
385 299 652
125 354 820
242 476 616
350 30 684
65 454 710
52 359 721
231 231 813
473 269 519
70 25 403
30 357 762
493 178 717
491 195 527
19 309 732
74 364 712
383 191 416
496 475 460
301 296 618
202 48 460
142 387 774
44 81 693
342 317 670
107 45 405
303 144 761
175 312 450
278 321 878
392 487 751
97 294 692
65 279 406
96 454 734
483 251 873
456 45 827
104 168 559
153 397 598
317 153 498
100 235 444
268 480 736
194 500 990
498 146 886
145 414 827
73 142 942
397 430 433
269 152 524
395 14 863
359 258 640
423 240 618
110 484 556
277 118 406
236 297 626
321 481 825
266 62 459
432 435 657
465 74 930
176 302 792
91 252 831
305 428 593
297 52 595
87 250 639
196 115 883
450 268 967
134 467 518
288 165 930
426 238 964
408 38 586
296 85 881
101 167 540
172 247 499
246 330 811
22 325 966
199 239 552
471 322 872
208 180 800
317 90 817
166 317 668
342 445 904
85 119 778
353 400 455
149 250 844
162 70 986
53 375 436
65 136 583
133 378 875
406 333 509
44 3 439
404 285 943
372 423 407
368 277 994
82 142 552
484 81 448
500 54 609
126 6 443
107 355 545
378 15 633
126 411 441
474 457 707
261 166 512
402 139 689
39 26 973
64 338 504
450 230 600
422 261 820
89 396 950
394 185 850
274 432 941
256 221 424
447 308 759
429 218 998
347 367 764
120 416 702
1 414 554
138 264 906
424 306 818
98 2 748
122 90 694
318 212 775
390 403 597
300 407 434
121 87 726
111 25 427
51 492 869
477 98 603
478 151 968
157 407 873
188 368 966
352 71 603
70 169 648
5 105 763
151 268 571
265 454 540
387 442 453
466 325 985
56 363 422
341 24 586
387 356 743
190 398 732
84 88 911
431 172 602
296 478 659
402 139 426
443 337 797
245 130 952
400 458 573
333 101 683
158 78 668
204 403 519
63 80 632
136 34 490
162 127 552
464 394 468
264 255 890
141 19 416
329 270 639
472 211 744
429 79 876
395 312 833
227 318 683
386 410 660
397 55 761
411 38 619
289 244 880
327 308 827
232 58 573
305 191 793
283 130 484
40 248 863
47 75 817
339 478 718
73 340 624
182 295 788
135 279 757
184 303 510
213 259 588
236 4 903
70 486 924
265 124 530
17 448 807
20 434 703
193 230 771
412 302 639
313 496 983
198 460 771
465 40 947
13 344 497
166 197 505
489 31 993
324 226 492
90 410 401
465 168 919
273 303 492
198 174 741
201 125 810
205 301 653
465 75 821
161 390 626
156 118 476
167 109 889
238 122 665
150 56 449
484 314 805
210 224 564
455 297 935
342 496 530
364 318 521
421 210 845
98 372 477
256 187 529
41 148 520
159 221 436
178 194 547
91 45 748
316 365 409
429 266 420
479 338 702
352 288 441
67 236 862
375 291 732
32 92 596
399 69 521
48 66 768
175 111 499
124 74 852
190 385 979
85 393 552
34 458 584
464 281 564
28 489 666
120 320 569
175 485 598
437 193 451
358 450 510
305 7 647
163 379 683
320 276 410
380 461 754
13 120 553
17 432 671
381 393 599
445 358 700
259 438 402
183 23 525
158 490 951
398 307 421
170 188 400
345 119 860
478 12 805
346 78 513
150 47 872
84 240 720
11 245 995
256 116 586
313 480 778
188 338 423
496 400 746
343 379 661
205 235 527
167 204 790
251 134 437
356 191 874
95 242 703
479 78 447
389 197 761
265 473 693
210 136 693
281 44 520
260 215 776
388 60 846
297 198 635
74 457 634
439 341 737
238 408 677
150 335 919
6 461 842
10 429 663
485 297 881
170 339 449
91 16 995
137 162 706
202 377 530
167 10 414
418 269 929
20 180 793
392 280 712
78 263 689
321 212 965
236 410 846
242 417 947
44 439 951
208 217 882
439 35 680
421 255 810
213 467 898
354 465 644
160 410 490
154 498 952
260 53 489
3 183 972
340 185 967
376 280 753
173 331 730
80 350 511
229 495 777
2 359 542
204 88 617
332 253 515
233 96 547
8 493 422
317 300 488
58 70 626
376 270 770
61 377 629
67 137 450
105 328 576
83 415 787
42 497 816
170 201 969
256 362 673
161 343 711
179 155 582
290 242 473
155 355 995
46 237 804
495 370 618
22 180 412
311 322 587
305 454 895
357 152 752
461 189 658
455 69 469
141 394 907
181 459 599
176 199 601
295 71 948
470 397 676
270 447 461
358 423 445
192 29 774
283 462 786
210 216 559
171 164 478
173 407 598
391 371 897
169 468 772
82 38 500
74 124 901
424 138 842
496 264 884
174 325 466
95 171 964
418 104 460
357 266 534
124 81 583
47 299 742
472 176 875
12 285 663
251 499 652
77 75 699
252 260 642
270 68 477
341 393 425
348 432 658
469 247 774
311 129 597
108 426 827
19 154 841
351 79 541
304 60 457
205 339 877
69 268 837
33 320 512
222 78 639
39 397 678
481 231 712
201 367 688
94 268 496
3 236 899
463 229 766
34 238 517
332 85 985
58 413 531
461 143 402
181 471 566
446 196 901
83 267 401
300 295 785
119 168 868
463 344 644
336 423 547
412 344 895
391 211 556
249 188 664
152 118 846
154 50 978
36 381 438
260 427 671
356 251 968
54 35 507
423 476 752
19 240 804
314 98 890
202 106 917
356 264 848
369 138 785
160 481 775
75 218 628
193 143 892
392 127 415
117 275 951
287 361 802
405 169 704
465 162 868
261 183 753
92 481 469
478 208 818
161 127 945
127 151 596
224 342 996
296 434 896
281 70 484
30 148 691
479 377 437
106 229 723
435 219 407
336 472 432
396 450 488
168 184 627
479 469 749
157 281 823
189 393 797
251 375 531
327 402 692
374 300 428
447 259 838
326 442 505
152 281 575
52 303 784
389 338 826
245 20 650
74 277 597
199 376 543
240 399 770
232 293 905
394 251 987
140 35 964
318 336 708
161 233 691
3 112 835
233 446 548
107 138 477
215 454 905
312 285 652
247 468 985
140 32 826
457 45 894
149 181 592
240 78 672
288 29 769
19 56 608
233 187 998
47 143 843
423 205 563
34 50 820
31 47 499
53 286 457
465 355 717
451 247 401
352 358 713
86 452 809
227 38 668
276 82 467
324 207 668
91 405 446
117 174 408
429 275 817
390 418 604
288 249 716
461 216 654
139 218 786
371 133 561
94 110 729
151 92 506
81 188 789
378 93 762
198 41 516
307 391 839
158 500 999
255 221 445
110 496 581
379 249 505
325 395 713
16 269 800
312 369 678
362 250 741
0 41 813
471 224 736
165 385 919
395 242 486
482 437 568
203 206 791
424 134 850
181 48 649
140 138 603
265 275 828
389 244 764
242 13 594
497 53 513
254 100 850
260 433 864
220 473 840
190 220 638
69 60 816
118 446 741
99 405 731
206 322 526
402 376 958
53 194 993
82 316 750
121 62 508
342 154 464
425 438 953
66 37 515
489 17 794
272 324 947
16 75 551
354 462 503
221 124 500
110 382 493
429 199 978
16 379 683
38 41 909
353 381 938
452 4 534
311 68 889
161 112 844
435 277 630
343 5 557
64 231 833
494 269 959
29 36 858
5 52 863
248 323 637
99 191 917
134 492 603
318 84 803
352 446 503
292 23 573
230 119 987
429 317 408
145 44 832
183 216 623
392 471 608
460 150 570
265 442 538
273 209 774
16 153 552
222 383 470
464 98 731
84 382 648
371 251 507
391 266 889
118 154 659
217 144 486
164 17 505
362 311 436
212 215 835
41 393 681
52 208 402
168 249 981
393 9 881
6 406 663
439 236 901
141 318 668
458 74 808
393 187 724
396 288 670
280 366 591
459 371 678
266 235 926
487 128 411
374 326 810
399 84 789
230 56 517
180 472 455
85 65 430
188 288 567
178 266 715
304 404 462
302 78 598
40 201 869
427 347 570
231 141 864
261 308 837
172 70 422
258 266 511
239 68 996
472 159 432
167 484 462
319 177 750
381 210 703
227 474 841
164 303 550
337 246 661
262 349 817
464 445 494
440 454 652
156 464 414
486 245 506
328 268 959
185 134 669
63 492 840
161 388 743
418 93 606
110 397 402
409 316 426
424 261 937
296 12 613
136 78 580
15 390 765
69 395 873
427 120 593
92 395 467
234 309 850
248 349 611
14 380 822
349 24 458
264 10 472
297 447 560
20 399 438
155 455 505
60 244 855
474 412 629
189 247 774
217 422 509
349 194 639
347 260 816
31 389 811
314 151 659
359 230 941
143 462 551
361 266 664
107 47 617
172 463 454
347 292 439
185 288 943
192 132 775
327 204 491
291 397 452
211 7 710
78 61 650
98 487 556
402 49 413
465 328 605
438 419 965
79 52 446
13 239 942
10 76 672
211 241 788
291 328 967
333 17 676
417 177 449
46 230 664
162 409 415
435 267 742
245 301 888
401 6 990
212 244 606
414 383 402
51 341 630
278 479 534
492 387 889
127 54 930
144 390 602
36 412 591
261 459 467
332 441 630
433 106 861
273 292 787
192 481 861
28 300 878
318 3 414
480 375 475
352 154 892
418 314 671
204 490 877
149 352 435
54 138 702
172 324 522
236 39 832
451 160 468
355 233 840
416 225 961
209 311 887
214 402 487
334 265 858
266 115 550
397 423 484
141 130 848
4 282 721
453 196 647
446 229 775
380 130 898
216 59 578
496 470 550
94 252 456
113 463 753
423 313 858
461 97 718
251 151 939
6 267 1000
457 378 944
211 248 940
23 394 456
491 370 669
457 423 482
134 292 924
46 485 496
351 464 774
24 230 732
122 276 696
408 156 732
64 439 574
438 237 886
450 415 495
418 235 567
89 370 442
337 74 565
123 213 534
216 269 634
408 362 798
274 428 546
10 279 783
325 151 647
463 168 523
443 278 702
307 5 984
315 298 571
359 376 512
1 311 666
50 10 718
150 319 487
18 17 951
82 164 470
333 328 865
287 216 619
457 92 594
66 102 538
484 378 937
402 18 764
248 51 419
257 427 779
272 29 655
284 296 726
197 435 876
361 158 499
50 419 671
175 293 868
238 442 631
159 91 996
96 103 586
160 444 802
116 182 805
57 403 545
58 79 937
78 412 998
16 332 826
460 487 753
97 390 435
2 458 860
372 478 482
358 59 641
380 252 691
398 449 773
309 266 401
149 359 980
37 458 502
128 264 487
225 482 778
128 376 517
97 277 607
138 314 643
4 187 400
193 424 872
398 404 841
460 176 696
197 168 902
364 477 548
176 58 854
28 163 614
126 429 407
41 78 494
253 205 596
211 114 723
301 360 815
131 463 494
355 326 947
466 193 523
434 267 757
123 301 597
420 354 780
485 343 947
157 114 715
304 94 410
419 266 778
267 403 650
189 457 801
396 194 647
483 259 886
350 166 804
385 92 928
327 10 573
183 34 688
370 287 590
89 443 446
353 423 716
49 64 596
226 223 876
288 168 502
122 379 678
149 489 493
126 347 808
328 342 978
77 114 580
353 223 752
88 389 961
45 369 552
34 238 409
139 297 663
453 79 656
245 150 892
63 432 638
328 4 400
156 389 438
468 38 522
47 361 917
467 305 798
35 149 532
394 190 741
295 63 474
362 141 528
418 480 420
406 308 481
136 350 607
306 43 740
446 96 983
51 294 424
347 356 501
497 258 732
389 165 740
228 269 449
385 337 769
184 193 515
19 465 956
480 385 640
50 476 401
236 163 603
292 361 500
171 93 590
309 335 997
44 298 613
75 16 798
94 428 716
437 430 432
118 145 816
238 52 938
406 38 401
43 249 878
7 52 636
333 19 561
458 457 684
92 385 460
11 270 748
364 424 859
244 411 423
274 68 554
40 339 505
103 260 948
393 132 812
370 325 512
292 421 697
126 13 699
407 356 890
171 202 936
431 164 765
42 322 597
264 467 724
124 107 678
290 289 794
236 360 971
454 296 643
13 494 630
277 149 428
333 92 757
455 304 595
44 50 730
65 246 508
210 313 924
431 55 924
23 383 523
325 111 929
324 126 508
140 462 569
345 234 405
314 455 710
130 322 687
335 309 630
267 487 733
77 219 976
194 296 461
401 143 898
492 194 753
432 74 881
431 167 625
276 450 570
49 298 873
1 40 658
255 326 818
427 71 634
448 271 657
113 383 809
327 17 720
190 351 622
122 158 672
492 389 704
484 8 477
417 222 587
418 444 957
336 496 683
114 92 764
402 60 717
190 373 690
238 44 774
340 147 771
364 224 497
121 255 503
337 232 817
454 445 849
452 239 617
101 241 873
169 329 511
192 205 650
482 338 459
23 219 774
64 314 564
151 20 593
164 430 963
424 69 860
476 344 806
347 239 474
338 245 925
335 324 895
263 112 620
353 256 850
43 98 566
244 369 881
383 165 491
480 286 962
209 483 410
229 372 720
183 470 645
497 9 403
106 205 644
239 463 705
54 172 868
299 439 517
99 9 438
235 108 580
447 11 901
29 402 486
343 189 636
313 176 574
456 448 832
349 454 775
379 386 697
143 260 418
122 375 862
384 477 972
31 471 603
263 407 705
450 118 810
124 445 897
418 473 636
373 30 685
184 102 736
260 243 576
481 489 459
446 450 513
66 135 566
290 55 921
265 171 572
452 191 461
7 446 499
301 488 441
377 181 727
146 4 625
275 353 793
200 431 932
134 225 833
268 490 801
127 433 909
373 228 439
100 39 870
64 364 831
461 471 884
53 20 608
52 34 552
183 316 461
120 67 882
108 290 597
159 191 962
405 239 950
313 198 809
288 287 553
440 272 755
297 83 623
65 24 860
261 127 407
226 261 731
287 37 566
336 411 981
416 167 608
344 275 830
321 484 587
48 468 682
308 389 640
140 206 723
71 350 811
252 390 674
178 250 877
19 87 773
102 297 478
225 52 964
97 325 419
1 277 562
95 379 669
105 241 685
155 372 472
314 464 942
0 226 843
398 232 781
198 246 802
444 135 789
154 154 599
441 85 750
281 171 890
399 62 966
105 298 544
59 233 455
334 454 946
287 324 495
285 186 957
75 200 658
469 74 799
326 290 448
193 472 967
296 277 966
396 223 731
64 309 550
472 13 576
314 94 649
142 126 432
200 14 859
107 356 811
252 207 574
241 16 405
144 472 831
283 125 899
49 33 833
498 453 445
256 276 515
165 468 745
339 322 507
398 181 827
345 31 958
136 105 843
374 17 986
273 101 556
203 49 757
299 26 808
167 141 916
125 201 416
460 344 510
231 80 570
164 391 809
285 468 963
343 440 610
153 231 844
194 168 638
49 102 599
362 120 843
142 409 677
21 462 968
273 452 765
189 140 628
500 364 746
373 317 857
360 183 933
183 72 875
408 73 722
123 175 620
214 422 608
64 340 669
384 2 517
431 260 864
81 71 921
24 428 626
104 259 524
336 365 598
493 93 537
68 255 630
224 218 784
435 257 426
106 386 529
8 433 871
28 202 960
259 341 854
402 73 664
227 110 837
423 399 482
411 424 454
286 115 614
125 409 479
35 479 548
159 113 853
391 90 449
190 197 753
482 377 968
47 433 598
87 104 934
378 174 813
256 312 833
445 1 692
497 357 424
299 8 859
31 120 597
321 216 428
349 198 980
230 48 511
499 104 993
116 70 627
392 112 893
481 351 980
460 459 597
286 181 444
177 202 464
84 38 669
67 329 951
318 162 401
120 289 898
273 440 667
38 266 821
413 252 969
140 25 803
166 183 770
471 122 792
170 381 811
393 220 872
243 259 644
194 485 471
87 325 870
81 365 695
18 16 441
5 34 828
435 69 615
76 240 636
386 309 426
123 397 609
22 124 602
35 486 700
222 169 943
347 139 791
99 454 683
100 419 493
232 326 886
278 300 524
227 254 882
202 194 462
21 473 591
326 146 451
102 140 424
179 480 901
56 275 880
161 325 694
114 213 877
205 345 991
70 259 976
409 302 877
242 488 627
76 438 778
301 432 885
69 237 581
468 162 787
224 51 787
147 127 903
355 242 968
0 387 989
25 460 841
481 329 846
352 88 917
387 106 878
4 308 982
334 119 723
178 173 927
454 475 820
476 202 404
147 451 668
137 12 745
180 119 921
431 245 488
170 375 526
8 38 715
435 209 934
408 167 727
108 1 466
430 447 993
499 121 649
190 156 821
280 302 881
427 221 688
383 400 490
51 212 709
491 52 922
392 350 752
360 26 758
77 164 972
298 387 676
321 7 407
44 115 538
167 7 876
234 242 994
235 110 815
13 484 643
265 177 470
495 162 605
316 378 705
72 498 421
267 155 776
107 183 521
468 380 502
150 178 962
21 239 453
16 225 666
491 146 611
107 127 659
3 214 907
382 471 819
389 210 801
441 319 614
462 423 997
242 273 652
53 495 882
95 326 701
142 81 928
459 210 594
106 470 546
403 406 597
46 130 582
23 387 577
321 470 454
112 72 892
136 428 697
424 168 481
4 487 787
364 129 751
218 392 444
446 432 433
373 205 416
41 238 451
249 379 967
95 453 776
118 449 882
177 436 897
132 294 964
274 217 876
211 169 613
201 8 488
138 334 705
389 485 592
362 431 547
85 36 439
52 43 484
64 444 893
222 190 544
40 477 958
361 218 622
268 79 962
348 306 923
301 333 999
249 29 759
374 29 470
159 59 768
360 88 955
193 121 756
129 250 583
89 254 699
466 337 524
68 338 472
155 458 704
121 310 664
220 140 906
106 124 808
94 65 824
187 350 483
39 432 607
397 444 805
259 398 848
134 31 437
224 106 852
399 288 626
188 276 640
266 399 679
113 407 457
269 394 591
185 293 455
340 220 629
92 389 674
5 208 961
470 484 732
432 187 601
314 184 558
402 366 510
142 276 768
196 218 519
401 2 957
29 405 883
460 220 572
105 24 526
270 384 909
385 242 614
141 123 447
218 296 949
388 369 412
201 23 472
180 168 984
20 22 579
312 349 854
272 382 940
395 24 910
369 93 582
250 222 854
418 113 818
280 373 766
486 334 550
363 494 849
151 70 831
466 316 883
261 12 950
171 346 814
376 209 555
10 268 767
9 347 922
309 367 976
30 295 820
214 107 724
395 405 865
380 298 976
415 390 664
179 414 737
496 62 657
490 431 802
330 429 783
148 169 839
40 371 736
322 194 778
328 302 699
118 109 861
201 134 817
249 4 553
29 29 574
222 145 677
500 500 998
148 475 497
34 399 491
150 204 649
243 499 940
36 170 642
348 266 775
455 214 445
493 166 814
374 16 505
180 22 690
386 151 772
193 110 547
312 466 608
246 203 678
7 170 696
222 428 742
200 208 842
319 260 827
72 139 585
314 243 428
199 232 513
17 336 490
121 222 510
287 78 845
278 350 597
140 395 751
261 486 621
450 373 693
378 355 838
166 382 932
489 458 930
56 34 578
252 29 569
148 187 700
34 291 651
393 462 718
283 370 417
305 367 727
240 477 867
186 326 536
391 89 934
469 338 596
90 194 904
413 464 846
67 212 832
182 201 436
303 271 595
102 265 737
31 374 739
402 214 654
286 247 842
103 500 791
366 125 838
357 319 869
78 73 608
50 431 727
205 64 784
451 55 954
182 56 668
139 201 698
252 360 553
292 493 695
109 121 482
400 297 958
405 96 976
30 367 675
423 471 923
73 479 400
114 250 804
86 490 414
195 93 787
196 38 815
22 13 785
444 182 953
119 306 730
4 282 957
406 327 461
157 127 902
31 455 463
229 18 842
248 32 457
58 301 773
487 424 981
323 31 617
444 313 915
205 254 475
372 256 759
121 126 543
443 34 981
358 441 626
206 95 588
392 148 427
73 109 897
355 33 886
24 351 444
117 258 954
289 446 861
152 361 431
47 36 529
179 38 973
208 323 748
4 405 683
305 381 955
23 107 790
158 465 701
18 255 958
324 449 528
458 389 435
476 3 946
379 146 505
337 498 733
85 166 675
222 399 483
447 64 874
175 33 593
390 104 722
92 18 638
189 62 614
492 340 553
359 141 757
213 396 999
45 118 517
336 397 637
227 315 600
178 438 712
16 141 513
425 63 892
83 300 615
395 488 780
95 407 524
59 66 984
253 489 570
421 256 899
476 201 776
372 304 890
448 2 521
333 56 712
486 239 981
302 305 619
336 295 835
336 67 468
366 329 990
449 8 925
224 354 513
353 156 719
148 414 691
402 295 615
270 113 520
498 281 591
86 85 881
345 78 584
137 78 589
331 208 1000
123 107 655
131 73 522
492 313 950
281 42 525
490 471 520
232 463 443
254 106 984
498 331 844
219 489 902
138 19 948
459 134 498
5 406 652
138 101 822
238 83 599
256 367 863
39 310 726
247 492 847
238 305 794
180 386 893
191 159 502
413 109 559
281 184 916
288 56 721
114 206 448
430 127 930
492 165 612
331 471 406
262 385 878
461 127 666
130 414 611
97 176 666
253 151 430
58 475 966
3 398 628
65 221 858
246 175 514
171 350 496
365 359 465
175 302 661
209 141 879
294 200 930
164 228 504
376 43 834
132 245 763
91 365 926
73 402 754
461 259 773
90 222 998
222 491 848
429 314 542
391 205 913
467 200 794
317 83 471
428 276 849
95 217 884
374 490 996
435 235 728
345 491 653
382 491 591
48 337 485
472 495 981
251 378 468
328 315 773
47 340 816
413 215 451
205 210 904
165 390 918
304 114 545
473 249 691
439 217 740
291 312 518
457 1 592
368 451 985
224 55 861
351 430 444
496 87 882
115 96 535
293 12 995
447 453 779
253 87 587
428 155 500
95 451 979
441 334 645
438 445 624
60 313 741
183 219 940
63 75 836
489 151 543
35 57 833
208 168 406
445 290 953
166 225 489
101 387 499
433 85 885
157 472 684
289 134 436
444 188 457
498 270 974
407 459 569
431 318 603
92 439 983
99 244 960
57 325 645
272 96 422
471 318 634
325 123 949
221 244 1000
67 482 765
216 303 920
197 418 487
366 200 834
279 499 910
312 83 906
375 304 929
228 413 885
335 150 542
484 365 910
58 23 481
44 220 681
201 61 811
211 103 930
162 213 786
486 328 950
345 222 754
93 20 650
184 73 506
53 315 426
116 321 719
479 49 536
249 55 530
312 470 886
12 165 429
385 297 877
138 91 853
152 114 546
84 2 594
226 318 836
137 403 617
262 322 809
429 429 744
300 42 440
132 336 459
491 482 905
428 447 826
56 377 485
11 136 899
85 283 760
67 414 967
415 377 540
48 452 535
498 274 462
301 258 685
112 308 553
349 455 943
47 61 786
428 194 469
366 249 519
219 144 451
374 264 573
246 185 542
388 49 477
123 367 612
386 395 491
154 454 920
433 290 488
48 443 680
290 104 962
321 429 844
468 452 900
374 231 603
49 0 694
243 381 564
167 319 983
165 476 451
34 410 813
281 62 580
94 198 501
265 61 785
265 277 492
239 160 435
423 209 449
283 474 497
6 387 444
126 90 719
499 330 579
304 487 538
218 392 638
377 348 452
73 406 797
370 180 529
433 196 507
213 251 745
151 342 619
255 113 935
454 20 649
315 375 893
203 272 868
94 255 725
74 211 813
257 369 565
218 148 537
261 109 503
97 185 728
166 84 943
478 178 957
268 344 773
179 240 921
107 81 753
173 453 737
372 201 976
253 468 515
235 258 704
369 360 681
285 487 407
477 384 763
430 246 630
497 411 907
108 414 874
135 451 405
98 92 762
398 259 730
280 167 656
321 428 466
100 196 690
171 119 725
305 323 568
326 244 500
419 79 835
249 283 859
210 393 674
216 331 404
220 179 472
322 93 691
282 249 961
186 409 773
367 308 667
109 248 909
368 408 720
31 99 678
168 291 517
303 360 854
9 379 510
300 494 868
214 269 523
384 321 941
414 140 897
329 322 749
107 300 952
27 197 493
205 19 597
132 288 622
232 404 986
99 450 711
488 464 691
391 346 631
278 152 477
239 378 689
349 281 722
299 86 403
75 443 766
350 202 423
450 229 919
224 133 784
126 67 674
498 59 465
493 100 860
451 3 690
398 132 468
326 255 768
68 91 557
254 255 903
357 23 886
221 356 1000
143 484 834
65 209 652
100 395 920
261 187 414
243 178 639
137 87 754
37 261 511
495 48 991
490 191 410
447 179 512
129 48 679
155 350 467
410 500 557
333 466 471
84 105 647
324 425 861
493 483 729
440 231 473
143 49 806
27 410 855
488 417 717
438 484 950
8 271 899
93 128 976
248 31 452
200 143 980
80 414 600
143 246 885
122 65 818
23 207 901
349 79 544
333 87 688
250 6 643
215 391 406
227 191 931
277 454 489
114 197 988
378 227 763
343 261 748
135 23 756
464 139 444
454 388 876
440 442 871
135 190 607
61 313 977
450 102 844
197 219 466
269 369 518
336 427 508
189 256 787
140 226 791
433 177 594
451 266 765
70 447 992
476 312 515
144 185 951
13 497 723
435 36 525
345 310 830
354 131 910
243 17 934
403 326 548
407 21 771
259 367 805
486 366 965
352 109 600
308 79 605
214 341 987
234 255 444
427 374 535
78 433 693
184 87 807
192 158 876
203 391 406
73 120 633
219 315 414
98 11 464
289 125 925
30 342 542
111 180 634
384 174 927
145 203 402
77 143 964
443 32 631
282 445 861
77 106 491
436 62 987
74 78 424
164 470 891
462 250 656
472 255 815
357 450 719
489 472 914
167 473 597
464 318 865
398 280 840
363 254 751
268 181 453
312 295 522
152 117 973
472 354 705
137 131 714
51 380 801
232 369 537
381 419 628
468 253 955
361 313 584
133 265 677
54 58 627
298 194 944
70 62 898
317 182 556
377 332 878
95 179 599
373 4 715
122 451 576
447 104 465
472 481 597
58 260 500
336 145 565
223 2 704
500 21 618
123 334 975
469 65 981
131 230 653
154 9 421
315 17 561
132 436 779
316 329 886
70 251 456
123 244 787
180 297 747
402 322 425
326 226 993
397 208 768
402 176 720
355 280 703
172 417 781
439 96 499
319 460 893
68 485 449
260 272 758
217 209 756
150 110 947
352 469 852
138 349 590
495 453 607
0 52 659
491 468 740
28 436 986
217 337 680
244 211 883
258 84 577
203 306 811
439 149 989
203 258 807
87 56 584
195 255 611
182 263 487
210 67 916
399 56 448
162 472 448
36 374 604
317 145 460
443 475 921
273 211 402
410 103 467
263 485 585
339 141 814
271 259 606
175 376 560
13 176 405
34 13 719
411 491 879
376 138 857
26 292 998
250 335 784
422 113 910
437 469 768
229 84 629
250 244 636
10 500 759
30 376 470
498 471 465
116 327 632
213 288 856
315 231 508
69 90 566
322 227 853
249 196 538
434 395 471
234 176 844
36 380 912
429 317 959
6 242 574
274 270 588
493 484 850
92 424 789
166 274 509
66 67 915
51 52 606
33 404 541
348 78 504
273 41 604
379 449 495
240 85 968
330 477 899
402 180 584
159 462 747
333 195 513
141 43 423
497 411 539
411 461 639
171 495 911
489 320 634
400 468 518
3 415 693
283 124 425
472 33 790
337 305 805
292 360 488
256 320 578
159 213 412
7 464 703
221 230 877
244 338 756
145 458 816
242 101 886
353 201 801
19 132 895
64 206 742
362 223 992
293 93 803
315 296 433
256 39 992
275 219 581
349 15 789
35 222 880
100 452 486
118 457 464
65 497 600
464 267 453
395 222 801
63 417 501
