190 441 704
499 122 753
143 173 460
248 69 849
119 187 601
265 400 829
351 125 455
5 112 473
18 171 880
101 32 652
448 117 438
207 172 585
235 184 601
484 263 412
307 279 917
332 260 872
415 338 844
496 496 974
359 293 866
100 468 443
28 357 656
385 23 594
338 35 898
450 487 802
400 159 685
315 51 930
255 193 474
411 441 653
260 230 784
201 447 523
13 303 457
167 57 794
84 367 749
78 303 455
79 330 695
259 28 705
490 364 800
492 450 949
98 30 766
266 136 748
223 203 738
427 337 794
459 40 780
196 94 731
292 299 999
171 197 897
6 9 579
488 168 622
408 169 523
89 250 940
283 432 585
182 439 896
120 178 466
65 425 477
251 54 838
482 407 962
136 41 945
162 42 402
57 253 750
279 356 455
439 180 805
72 477 724
213 396 428
487 184 896
212 260 812
163 294 501
42 455 999
167 158 571
377 359 930
314 244 630
101 222 637
399 364 935
240 457 532
447 235 994
82 496 438
8 298 825
206 323 420
158 128 623
255 62 787
406 415 706
147 60 623
191 190 602
157 446 609
354 36 685
292 487 523
345 265 742
467 251 445
466 268 556
37 467 474
287 239 762
312 229 863
98 221 697
64 466 414
129 177 413
195 405 737
111 353 527
346 280 604
303 83 411
239 105 598
400 213 822
78 130 492
324 164 650
417 17 604
206 461 531
353 428 824
106 196 847
148 403 840
182 166 650
34 480 417
337 411 811
371 319 852
4 390 842
256 253 742
338 499 924
339 428 811
155 453 869
417 297 546
234 239 467
354 480 775
115 308 672
239 478 857
65 83 608
465 61 687
11 146 696
201 216 966
248 186 540
230 252 764
408 27 763
488 496 695
146 207 869
327 284 507
355 125 904
36 373 514
385 24 448
283 426 505
309 459 672
144 484 555
43 34 688
262 20 445
149 23 822
488 494 555
257 116 443
307 275 883
328 354 605
311 439 694
231 297 904
432 163 965
181 231 923
149 336 838
38 270 548
167 330 570
395 348 826
437 427 510
290 27 582
383 46 444
46 299 835
429 155 692
143 180 750
385 408 831
98 309 955
428 63 860
348 147 550
293 421 724
187 182 777
350 314 780
172 212 989
380 368 436
20 346 796
205 171 453
258 334 754
184 356 836
186 122 592
307 75 624
48 207 793
445 178 743
101 445 619
210 243 816
214 441 536
408 44 708
487 142 627
414 308 555
451 281 696
319 216 409
299 37 659
109 125 968
330 118 601
158 435 590
277 435 755
496 381 584
408 459 870
94 122 593
120 159 982
112 307 458
70 66 576
150 474 933
160 452 482
26 134 886
175 469 609
280 491 565
70 35 722
351 40 723
318 443 410
330 453 937
294 413 979
456 84 413
225 36 766
285 409 509
40 295 635
232 46 512
41 344 437
100 103 633
147 341 500
300 267 811
421 185 499
360 452 513
401 380 417
468 17 891
338 269 518
233 442 746
217 39 547
258 72 415
464 494 594
362 206 632
105 3 858
59 4 606
145 314 864
359 317 766
329 454 504
309 391 749
222 227 786
442 35 888
27 446 677
302 24 603
215 150 935
188 346 876
43 78 443
474 226 821
215 141 788
182 433 475
408 240 569
254 103 865
90 125 545
378 329 576
54 218 772
83 417 542
454 488 931
240 47 819
190 212 626
403 38 497
485 484 816
179 137 623
400 85 751
87 245 972
394 427 860
415 380 666
271 279 483
171 289 414
382 99 723
148 3 651
485 3 567
240 314 446
311 89 863
172 26 776
212 217 605
197 43 966
126 140 440
65 419 809
334 253 936
277 244 497
94 96 747
469 411 563
414 363 880
273 139 415
248 171 410
330 98 567
135 464 519
463 10 788
20 464 544
400 31 891
62 88 411
327 64 820
121 106 405
418 289 833
207 66 690
86 338 866
430 220 620
64 427 886
294 228 897
251 58 944
224 108 914
450 46 550
111 40 951
175 69 819
43 219 964
455 277 410
384 328 911
106 17 536
257 0 935
90 362 479
404 362 972
373 192 845
74 358 725
310 36 939
286 125 579
39 277 617
363 96 894
130 81 969
365 309 959
48 90 570
389 86 970
74 412 409
380 488 718
383 7 833
354 190 800
439 282 419
324 485 458
189 61 699
401 500 817
486 44 786
95 197 665
410 446 512
497 380 886
317 68 718
335 192 442
417 82 957
155 102 419
323 285 979
457 324 755
437 148 740
382 87 485
231 338 733
419 13 918
207 217 505
262 473 764
183 329 732
70 123 778
154 105 961
377 240 458
308 344 409
373 439 684
192 40 687
412 98 481
401 122 423
10 1 616
203 293 601
42 12 694
124 111 878
206 160 580
400 113 692
208 430 883
441 44 580
304 415 482
254 479 451
279 318 951
46 258 534
296 59 454
417 460 471
452 63 597
493 259 570
69 430 449
481 350 672
419 216 772
406 152 830
345 263 664
38 381 954
135 379 736
126 294 556
437 240 593
142 306 473
263 209 617
19 45 579
216 371 769
130 183 636
112 162 968
68 228 570
44 270 786
132 183 623
482 252 898
485 425 768
291 2 578
67 262 461
290 233 928
116 486 943
359 11 768
500 107 426
419 266 952
64 340 989
39 62 955
76 143 750
282 294 808
138 328 516
31 362 968
9 485 475
81 104 516
41 117 450
194 5 647
59 117 966
154 80 976
274 346 679
191 42 413
71 65 888
168 357 958
283 343 831
347 149 750
387 84 732
339 205 606
230 214 814
470 17 427
254 354 683
279 11 771
252 93 646
486 13 957
190 344 663
375 36 925
125 87 975
478 97 995
140 482 522
475 434 703
451 253 537
341 230 564
2 361 828
7 461 611
324 212 711
230 466 638
469 206 928
434 233 712
324 471 564
5 248 892
390 4 575
433 458 532
363 100 989
420 208 688
26 426 467
4 259 866
99 46 935
267 76 810
98 25 576
412 17 548
431 95 945
243 375 418
103 83 952
101 179 509
357 58 895
215 61 626
435 49 420
23 468 810
476 376 779
328 48 566
208 384 664
488 48 650
55 199 720
444 417 561
148 493 501
380 362 670
279 27 407
260 27 796
99 118 898
251 71 690
448 500 861
298 122 597
231 304 858
96 146 457
26 234 768
11 487 843
201 223 777
313 260 722
343 27 919
159 83 641
315 352 667
51 471 850
84 154 420
349 196 537
217 233 416
248 192 655
373 135 680
442 77 712
282 166 639
163 444 706
488 95 616
13 499 783
468 288 433
339 145 781
457 145 510
169 133 907
122 255 659
492 414 548
24 497 766
282 277 470
298 408 836
153 421 984
23 336 468
241 206 786
486 148 957
440 194 434
463 372 986
475 486 413
204 372 961
230 252 406
445 486 876
398 276 468
0 321 671
55 284 820
340 250 578
376 409 969
362 106 823
456 230 911
379 90 753
14 258 827
466 136 532
421 197 676
134 332 944
343 470 449
347 347 559
353 31 501
439 232 698
471 54 448
115 487 446
293 429 716
5 128 573
165 495 752
114 153 891
131 152 839
210 378 774
105 246 520
319 445 541
324 57 892
407 212 426
212 242 739
20 23 743
474 130 828
486 340 585
414 468 855
428 459 492
106 129 584
376 91 699
467 247 753
266 350 801
185 183 867
459 373 469
255 141 410
321 228 649
181 56 566
271 69 766
57 194 798
142 438 467
488 244 567
78 142 978
191 330 451
137 423 674
242 40 701
87 450 838
223 391 505
165 368 441
420 88 814
56 191 977
443 137 787
399 139 506
423 318 808
400 304 947
317 397 568
394 46 687
441 181 839
470 446 619
127 34 437
204 279 583
121 251 788
206 464 456
358 246 957
137 230 442
9 391 941
59 86 866
460 399 825
132 208 434
192 406 438
244 146 437
42 37 413
469 360 839
197 165 526
77 182 662
411 407 913
316 275 641
359 98 993
63 443 498
441 38 859
206 60 713
128 142 548
293 23 949
3 34 628
18 112 665
321 442 854
441 192 525
242 79 714
485 305 926
160 319 980
351 381 508
13 177 656
268 213 591
247 345 494
3 291 710
244 311 569
22 129 432
383 444 450
402 140 655
231 324 685
119 397 832
304 175 562
31 251 497
310 477 744
54 122 647
409 316 496
77 193 981
313 430 663
20 110 414
211 295 708
137 222 944
70 75 500
461 75 411
337 363 775
42 261 879
358 483 757
442 469 644
368 96 812
284 381 437
329 421 811
380 159 641
287 62 873
119 49 578
120 188 640
296 122 884
467 7 483
75 247 734
161 452 641
41 15 958
250 8 491
493 338 984
175 235 651
98 274 453
496 164 594
126 337 442
263 115 732
189 281 929
271 122 999
455 205 933
407 457 727
82 497 745
299 50 509
205 382 989
1 305 777
74 31 500
225 95 758
470 205 432
4 225 564
304 162 450
326 333 509
278 490 672
376 92 853
500 334 612
127 478 818
487 377 945
21 65 952
36 343 509
410 436 666
84 410 546
253 463 964
320 413 510
382 464 557
226 495 658
229 172 646
354 138 429
126 247 678
108 129 431
144 103 815
76 433 911
119 188 700
317 148 737
60 268 877
15 338 646
37 2 453
215 174 709
199 189 824
28 16 606
222 179 458
227 473 543
205 196 431
274 44 522
212 403 471
434 317 936
263 386 462
12 80 777
286 205 762
218 231 677
234 213 464
65 340 755
231 322 796
150 345 457
406 197 401
223 140 779
216 131 638
183 286 937
14 70 811
417 205 445
419 481 416
370 414 920
351 151 492
301 273 847
178 454 632
349 320 703
392 386 909
128 84 944
423 302 475
181 148 574
233 381 748
156 23 852
45 331 790
363 185 978
219 165 421
256 254 747
411 112 537
377 435 920
248 69 616
310 283 718
12 305 500
71 177 447
203 388 928
421 304 736
152 333 403
466 66 821
74 149 503
420 252 771
340 99 982
402 86 465
106 389 680
316 295 422
22 208 734
492 191 598
458 357 999
329 206 985
228 106 908
355 292 779
252 379 515
386 460 586
77 147 793
88 5 783
163 498 954
404 422 827
393 188 982
1 269 932
16 121 988
85 274 952
349 139 954
72 390 931
440 130 655
37 291 574
447 66 690
12 374 402
4 28 473
22 2 419
478 344 513
108 319 445
235 440 493
53 496 596
212 443 905
181 400 776
26 273 420
389 499 541
94 155 889
213 247 601
174 18 506
4 287 912
400 57 467
15 181 732
457 467 829
175 440 918
209 408 889
6 327 578
321 397 805
474 492 407
58 210 724
258 320 779
65 124 915
221 166 686
474 386 996
128 445 516
225 490 672
129 247 719
190 26 553
203 426 465
30 462 871
323 140 614
142 397 447
377 336 969
261 443 869
42 237 733
115 64 746
426 391 410
376 381 465
309 157 523
251 286 823
121 205 765
433 449 887
384 13 985
135 107 842
342 212 935
248 83 862
148 28 982
69 436 526
163 215 953
245 94 441
334 277 478
345 324 844
224 173 909
484 172 968
150 43 696
238 462 757
486 386 914
356 402 769
358 140 616
26 469 725
208 487 431
81 8 519
38 186 488
270 202 555
243 68 695
398 159 446
85 435 716
2 390 697
307 383 540
27 171 816
89 289 604
440 160 608
23 453 641
326 342 692
62 475 656
352 161 479
449 109 550
414 14 716
147 356 425
149 115 418
357 471 967
350 162 593
424 372 891
3 416 431
60 316 586
498 81 989
185 101 825
95 261 534
429 125 949
66 434 854
115 336 721
20 134 897
55 444 548
391 354 451
282 293 739
248 375 791
194 376 531
462 298 707
454 458 733
260 44 939
98 177 544
367 266 561
193 326 893
383 354 747
181 273 768
481 314 815
483 200 452
416 234 990
143 350 960
58 92 416
45 130 912
330 13 571
171 421 648
282 0 727
88 190 453
255 81 843
154 298 754
102 484 626
4 3 543
438 27 423
133 194 813
290 177 870
57 453 506
226 154 529
447 457 908
392 68 834
9 404 718
402 185 877
236 455 427
285 62 900
63 105 463
237 380 452
444 344 453
388 374 719
247 315 923
112 355 784
445 165 408
18 473 568
441 132 490
101 445 596
454 323 870
48 248 596
60 45 684
88 317 693
479 360 534
247 475 848
334 220 866
64 389 757
236 79 870
38 157 946
359 84 762
143 297 771
436 426 741
343 314 528
478 140 788
429 306 782
17 359 415
471 405 921
12 312 552
353 445 663
378 288 693
208 116 733
298 194 402
382 401 954
462 275 660
249 404 939
408 403 581
245 129 914
489 196 470
476 456 719
383 349 449
85 49 643
34 139 655
135 500 434
479 365 647
263 480 457
382 222 969
258 234 743
220 326 609
308 173 923
305 499 714
276 414 474
357 126 465
426 48 950
475 108 875
111 309 448
444 410 423
453 137 556
123 354 406
497 434 465
444 204 724
495 65 483
441 277 473
5 434 619
42 188 507
241 6 943
368 157 671
396 472 926
26 377 906
194 447 848
99 445 928
14 72 704
180 229 914
263 31 625
58 294 933
360 367 404
378 255 936
277 174 795
488 217 623
290 84 557
275 305 797
61 422 982
376 89 619
185 246 401
369 486 744
359 392 764
75 246 555
409 392 484
430 239 498
403 55 536
279 291 470
388 34 734
366 232 655
27 484 736
207 361 775
178 121 582
25 195 653
357 203 765
58 406 807
15 264 446
177 344 512
326 251 497
7 123 869
81 341 431
484 216 916
173 41 729
21 174 441
323 375 783
264 422 667
212 64 770
258 455 436
359 70 513
185 499 945
170 44 659
34 282 917
115 45 823
11 387 628
320 52 775
69 243 627
81 427 990
418 497 515
220 243 427
222 474 580
499 331 411
264 498 958
296 178 750
159 107 635
139 154 972
162 86 465
155 311 624
5 314 950
482 12 595
438 216 531
309 164 728
361 300 929
61 229 572
492 229 742
285 443 778
481 73 778
88 188 778
60 188 521
462 13 926
200 399 665
198 441 416
369 120 627
62 3 892
497 154 778
191 254 894
48 100 621
321 242 697
69 473 608
156 396 697
371 159 437
28 214 529
267 313 577
177 365 414
359 156 707
298 471 781
57 369 507
411 432 614
88 210 536
223 342 600
101 169 580
124 64 884
288 54 919
235 471 735
185 245 891
249 432 926
224 337 447
421 472 543
179 287 756
327 371 569
216 209 429
12 186 849
35 36 860
346 234 962
165 396 537
188 321 995
426 134 995
302 291 529
426 147 871
275 185 831
175 257 818
368 446 764
108 129 978
388 238 516
222 340 778
193 247 961
255 274 592
262 313 438
140 229 994
304 392 625
319 273 614
385 420 566
319 270 656
173 334 429
206 464 501
149 445 613
474 325 668
445 111 536
377 28 819
450 190 693
389 441 687
435 468 848
274 233 556
204 486 545
2 103 578
265 415 919
327 318 686
466 459 526
102 52 431
12 188 831
497 131 762
242 15 752
125 367 779
253 303 814
249 144 440
408 348 486
427 136 444
157 405 552
496 36 728
266 436 625
9 354 768
303 28 657
348 474 955
80 457 424
145 159 664
152 446 791
238 171 553
338 264 954
402 84 702
481 223 694
367 87 613
80 9 547
254 176 435
273 476 618
76 157 521
325 142 680
46 423 871
163 439 594
117 241 507
247 265 795
56 299 965
285 200 981
205 53 606
478 408 965
454 127 718
238 436 684
354 102 664
339 294 943
409 268 402
292 136 728
119 35 492
164 261 951
226 248 649
448 204 458
67 380 811
59 357 414
158 195 464
8 402 754
209 487 483
101 10 428
278 129 562
112 209 656
125 111 595
75 187 990
226 351 680
293 391 464
91 103 465
177 131 742
343 301 905
363 157 445
261 408 906
110 425 745
465 303 705
284 470 434
67 112 903
313 66 563
282 96 827
484 16 672
246 49 601
351 168 687
163 317 497
122 478 895
265 174 933
425 59 904
343 153 446
490 406 434
223 197 775
162 90 748
166 436 481
136 440 445
476 296 684
37 140 699
248 13 623
335 406 522
181 484 745
232 302 665
63 183 730
27 247 518
54 61 734
100 459 599
36 371 588
369 142 783
269 482 452
444 277 802
415 309 817
24 48 540
65 403 764
189 195 714
164 365 556
270 144 475
102 414 772
136 498 570
239 245 595
344 99 773
237 174 947
123 200 800
392 270 695
290 432 996
259 216 539
155 65 768
479 171 491
288 129 619
313 299 737
45 152 716
78 447 596
324 161 908
103 22 811
335 57 823
79 234 747
389 354 976
131 329 466
396 153 464
387 303 975
203 445 412
8 433 635
39 250 589
293 18 765
190 305 464
164 132 465
359 336 746
427 410 857
311 394 843
244 371 886
443 180 612
114 164 646
267 497 817
340 240 820
153 204 826
228 296 705
274 341 841
114 165 538
260 413 469
219 344 487
370 412 733
240 39 770
375 259 902
80 495 818
271 168 840
346 337 656
404 220 741
95 292 601
311 294 400
305 28 548
32 195 484
426 252 931
300 50 546
185 57 695
281 391 973
109 442 680
261 286 401
76 302 562
382 43 601
134 153 739
363 358 981
250 449 554
139 426 813
199 78 881
230 228 649
267 421 589
177 114 843
81 386 772
34 47 472
308 328 642
240 244 735
115 216 526
228 135 931
424 189 467
477 392 503
375 475 696
177 191 510
244 403 439
313 356 586
73 368 749
397 349 827
445 39 958
13 474 762
43 420 966
132 98 548
44 496 672
226 358 401
120 57 948
311 290 570
132 21 691
446 276 536
347 381 526
74 226 727
349 279 665
147 137 596
25 265 957
446 86 420
261 293 706
461 144 536
188 370 859
68 475 414
456 126 860
429 157 913
24 474 745
478 361 581
293 488 515
418 468 661
381 18 488
342 333 777
348 477 722
74 337 775
402 484 883
42 76 450
484 13 524
283 449 958
161 462 805
181 464 745
35 164 826
234 28 866
92 292 762
214 299 920
86 19 882
51 358 742
415 376 808
254 455 466
140 472 864
456 190 973
38 428 770
116 477 568
466 82 877
479 387 857
249 273 691
83 32 461
254 438 851
290 78 531
149 299 1000
414 11 942
49 191 637
166 234 434
455 190 609
66 449 537
190 188 629
462 199 657
15 346 531
407 295 747
466 176 961
349 408 557
253 169 700
471 159 439
307 348 605
122 162 696
230 91 763
252 184 417
409 99 970
39 275 640
240 348 406
186 271 685
27 28 681
262 197 641
190 348 474
314 267 585
424 387 954
247 279 530
329 72 788
238 437 474
67 419 713
161 417 719
75 19 903
209 56 777
495 48 621
178 206 414
412 145 445
398 313 940
228 240 449
475 195 971
144 481 654
428 237 817
248 462 669
428 377 970
212 139 984
367 262 903
44 291 971
231 10 490
190 84 500
452 395 735
135 387 596
390 398 652
121 374 937
474 430 719
99 422 756
121 435 492
62 360 708
254 293 665
493 311 531
358 273 984
403 107 898
149 11 683
196 388 926
113 489 764
413 51 710
234 443 447
58 286 584
154 296 422
146 447 624
137 117 810
294 13 725
317 328 690
135 420 830
246 84 908
313 314 861
181 489 869
199 192 526
150 80 916
495 60 998
377 240 455
423 316 656
443 261 913
1 212 629
311 353 783
29 424 647
232 252 968
301 81 549
138 156 986
257 474 723
143 321 565
400 25 761
429 168 727
309 441 591
145 327 990
96 137 533
415 6 645
158 155 756
489 479 614
463 39 601
2 336 982
255 430 891
488 166 908
495 484 775
283 239 432
373 304 844
482 331 785
292 439 934
59 317 497
371 402 617
353 407 892
198 351 443
360 8 896
122 200 435
426 260 968
450 273 593
400 248 989
201 157 847
486 225 409
307 482 467
383 54 720
457 178 631
178 158 837
21 204 407
392 299 957
72 23 682
468 171 658
231 378 430
382 66 950
496 99 402
187 247 932
298 168 424
206 150 783
97 378 1000
293 22 418
145 431 513
262 404 739
59 400 947
491 363 696
392 43 665
341 412 693
84 257 635
105 190 634
5 113 442
371 67 924
449 117 953
8 231 770
407 124 832
18 345 525
244 425 525
82 80 726
187 213 415
121 82 851
329 489 875
363 1 960
482 339 997
242 207 992
208 130 916
344 200 951
224 401 825
286 142 641
426 169 411
338 331 595
