89 373 978
183 209 692
315 184 587
134 166 605
40 63 937
426 400 469
123 419 909
318 138 409
208 337 562
469 170 991
402 128 408
358 42 819
375 39 553
490 486 673
337 53 948
428 128 932
189 399 745
206 7 981
5 484 409
498 474 413
227 354 842
29 247 871
241 191 843
233 179 889
206 273 954
41 122 527
415 181 947
35 266 764
413 209 593
265 304 576
366 197 619
166 169 605
466 451 648
71 226 973
222 485 594
14 172 985
299 64 531
277 398 659
181 84 822
262 220 906
286 437 674
115 367 732
181 416 714
483 323 959
363 208 805
325 152 688
457 202 710
315 447 930
468 274 868
302 43 857
159 299 746
473 252 597
386 55 697
484 252 893
299 23 493
303 319 782
30 448 948
272 352 634
245 243 638
13 238 503
239 191 911
200 174 432
169 228 482
116 210 438
468 93 955
138 119 866
388 287 917
314 16 548
260 134 890
416 255 549
198 483 721
291 263 659
336 479 450
199 45 539
271 263 807
156 271 935
85 199 512
395 297 995
368 186 615
390 435 548
5 28 541
229 275 672
455 2 723
43 459 507
338 171 768
10 67 805
194 129 453
209 308 729
87 165 678
475 158 642
448 355 638
171 197 709
482 135 995
347 227 584
281 351 675
74 499 715
481 372 583
320 55 502
465 216 631
154 10 962
106 346 735
218 431 889
337 367 494
27 203 713
353 373 956
492 282 986
346 164 950
258 174 426
197 356 902
385 186 837
458 65 458
199 66 828
319 80 994
59 372 556
143 392 902
127 112 674
477 476 706
462 64 593
151 451 659
62 465 765
193 2 433
414 458 900
181 149 614
193 138 403
67 171 965
38 481 778
114 390 544
4 462 975
395 346 639
482 39 508
255 171 461
276 120 893
407 369 449
119 62 781
456 359 568
101 420 802
91 389 647
103 378 471
473 362 978
148 500 753
183 499 958
307 499 511
359 452 700
96 333 737
411 50 713
49 433 475
65 288 538
22 265 967
18 18 586
142 39 821
148 424 993
367 181 835
67 448 644
396 65 708
161 294 665
335 363 516
200 201 811
264 431 702
457 93 783
345 103 992
319 87 737
274 82 492
349 230 923
53 179 626
331 432 588
322 308 711
200 350 600
385 100 604
106 193 407
268 245 523
364 208 976
130 483 963
189 78 696
47 445 613
189 108 940
265 27 985
164 399 543
253 97 478
163 30 936
13 125 814
281 197 996
106 222 510
119 144 416
261 280 519
273 1 422
348 392 791
154 82 625
2 334 717
371 391 651
494 292 934
157 86 787
387 400 992
442 421 677
492 194 420
208 167 920
50 193 730
418 161 754
86 105 774
211 306 817
424 78 986
112 141 730
460 208 959
373 124 989
0 41 789
59 253 757
109 469 690
67 228 643
31 72 428
445 264 765
49 169 984
25 125 966
221 115 801
345 446 647
171 379 775
316 290 808
279 12 586
422 488 696
182 38 842
410 475 424
390 69 717
173 386 546
246 338 713
476 106 798
239 291 490
169 337 771
403 276 405
154 484 725
24 337 454
468 454 900
252 173 433
370 284 996
226 313 926
270 112 900
213 299 829
59 402 785
354 441 634
392 331 801
318 153 879
271 33 971
270 260 525
342 11 857
28 266 566
388 482 572
106 492 800
215 235 709
328 268 668
348 183 970
214 347 876
386 166 522
455 103 978
217 256 897
443 132 646
390 229 744
128 326 610
320 302 518
214 302 873
443 239 591
222 222 637
209 26 654
162 28 860
164 173 941
358 357 742
473 255 408
145 193 530
233 213 560
28 301 735
328 402 915
213 409 927
331 395 932
351 98 842
431 103 587
130 374 408
329 262 997
195 295 914
61 41 993
84 80 543
4 411 586
172 70 988
310 273 836
218 205 892
146 17 495
226 457 907
81 317 643
18 48 447
480 290 924
333 390 742
321 289 959
359 497 781
112 376 405
337 20 663
416 154 442
320 78 491
201 454 619
246 500 537
345 59 985
145 181 676
423 387 744
84 115 886
37 58 637
286 168 640
339 287 876
493 171 994
78 233 945
222 45 437
14 435 763
140 329 834
300 427 644
136 270 463
139 325 556
266 440 602
246 416 898
241 294 941
384 158 428
40 180 743
390 161 575
128 177 511
458 127 766
49 248 773
311 490 590
332 107 429
367 132 913
10 87 943
299 440 814
223 400 481
5 412 787
218 32 850
61 338 507
383 202 482
442 28 411
108 316 946
206 36 412
388 110 470
301 205 404
19 353 744
263 84 955
277 350 458
233 301 881
328 389 926
460 43 556
105 83 513
400 417 525
211 249 697
246 462 401
421 346 628
269 229 418
369 404 760
492 62 888
2 344 542
45 172 991
233 437 856
116 354 932
411 487 669
189 187 970
227 241 841
69 371 756
419 471 430
121 444 459
472 456 419
248 325 735
214 84 973
83 48 453
130 443 662
477 473 584
424 113 715
293 489 989
69 214 451
80 267 911
320 30 672
281 186 475
296 305 889
475 363 575
378 107 428
442 366 919
214 73 924
85 270 635
37 483 404
362 26 950
380 412 476
78 86 589
291 160 403
358 225 902
79 263 568
305 39 767
52 282 693
211 419 869
332 328 732
293 175 404
47 396 910
427 277 807
248 304 777
278 396 954
405 169 473
209 117 890
172 414 619
170 310 405
68 399 746
106 205 727
118 482 427
337 413 697
414 208 792
26 317 883
71 134 514
333 178 783
250 196 904
367 330 640
408 456 912
73 443 614
179 480 752
152 451 714
266 21 562
120 371 597
447 417 859
42 211 481
165 350 961
60 461 504
45 341 485
102 10 911
331 225 808
484 273 675
489 224 515
128 79 756
18 205 692
387 35 835
43 37 857
82 437 841
194 433 487
99 171 717
310 198 856
313 294 423
240 418 470
148 21 891
110 201 629
126 428 697
406 63 506
144 205 986
201 102 692
131 184 804
393 12 917
127 249 466
76 8 579
119 172 482
414 182 858
464 313 415
33 373 707
376 302 710
416 259 671
469 230 593
32 270 586
119 78 653
374 344 915
303 375 782
323 447 960
198 415 834
48 332 601
57 464 793
196 222 938
486 325 751
387 264 544
230 303 538
362 0 922
458 483 419
401 488 951
0 167 696
353 458 775
161 94 652
192 319 539
65 124 677
289 445 926
355 71 776
152 300 816
490 17 795
11 294 744
268 11 602
277 498 427
451 118 859
230 62 760
396 492 989
416 152 456
203 161 689
399 426 615
95 251 528
343 472 984
66 51 941
57 103 849
164 181 708
101 269 698
398 53 593
97 362 747
272 332 522
285 180 761
295 373 589
364 400 456
459 373 843
405 483 683
244 376 915
444 412 882
39 414 758
38 449 694
438 281 810
385 181 600
483 81 705
404 319 758
25 311 569
487 243 986
158 332 552
321 458 458
186 125 668
404 47 791
351 374 649
370 346 719
172 347 970
385 287 472
290 297 882
226 335 451
490 219 567
87 463 625
297 113 465
316 10 701
473 53 890
165 56 979
297 72 588
387 357 869
456 355 628
54 383 762
187 209 657
78 164 929
453 193 411
460 205 814
359 344 852
180 32 640
357 310 777
334 151 495
266 346 984
308 262 401
457 150 512
381 301 699
203 164 924
34 22 582
218 51 479
331 18 779
285 184 432
448 441 535
403 83 422
92 250 976
229 265 762
183 236 955
276 218 531
142 379 852
108 469 466
405 278 838
194 63 560
120 64 996
11 177 846
428 418 442
416 68 691
141 370 967
149 267 841
274 167 931
380 168 666
310 310 627
68 288 447
350 262 466
377 36 806
219 319 584
495 327 925
60 27 963
437 405 986
284 181 426
283 101 514
15 243 954
50 294 735
117 284 423
67 293 825
138 144 796
145 69 890
378 150 816
162 365 545
33 189 472
32 313 610
365 387 483
157 125 702
499 483 776
315 59 687
194 368 786
483 329 450
248 309 858
167 129 837
201 263 549
59 197 903
206 495 878
138 216 742
271 457 766
79 99 780
85 363 566
391 284 867
35 425 634
248 23 872
420 417 619
111 213 805
79 288 658
158 225 600
150 490 764
17 377 913
361 245 876
323 88 673
177 319 645
156 200 489
103 396 439
413 474 851
123 366 549
424 307 531
194 382 986
475 409 466
295 124 931
493 413 620
476 359 417
282 213 613
4 176 656
56 186 676
312 365 553
41 123 511
290 121 481
14 260 916
465 213 535
10 468 832
493 428 817
244 107 980
388 433 457
168 254 663
235 197 893
414 49 517
222 203 819
205 226 489
492 356 816
63 111 589
303 366 684
486 424 987
162 458 896
492 83 857
10 12 567
268 115 710
484 282 687
440 383 439
488 233 486
7 196 861
45 198 942
230 400 999
165 455 839
335 403 933
156 331 429
229 305 773
269 124 921
296 159 962
342 498 973
363 67 999
21 6 449
473 57 753
226 58 614
37 389 991
274 65 422
53 305 992
46 402 704
198 197 692
422 120 922
44 373 772
100 312 625
80 291 653
257 339 898
9 411 612
333 374 600
316 30 577
52 303 482
212 51 880
328 212 457
326 39 571
363 180 508
241 100 403
433 206 901
235 77 534
137 495 609
384 45 804
346 353 500
309 259 432
13 272 870
32 221 709
371 130 830
431 40 557
57 336 522
23 257 861
306 97 848
76 261 960
113 98 659
238 458 906
329 287 479
150 415 685
149 238 725
370 489 590
163 39 631
292 359 506
343 443 727
293 465 894
53 184 895
26 248 982
431 454 634
295 198 479
395 421 764
177 67 765
1 108 594
205 88 642
404 88 745
167 25 587
157 415 608
129 254 808
332 42 603
239 401 576
358 184 845
446 200 852
408 321 752
312 387 618
255 183 586
304 131 894
209 149 460
285 367 864
99 201 731
173 261 707
73 356 613
272 487 752
254 284 411
116 85 654
456 82 939
190 210 720
258 62 459
485 415 507
264 429 719
44 431 787
113 50 681
155 496 982
87 224 685
440 197 454
185 102 683
95 226 602
34 406 538
186 135 922
83 274 506
33 421 648
390 248 942
362 92 559
33 271 932
87 3 712
334 43 659
249 181 787
378 236 740
253 193 631
419 111 579
365 494 981
132 339 989
38 393 717
492 308 962
174 27 612
458 55 714
304 274 599
454 413 763
160 329 722
422 193 941
64 389 902
333 175 997
258 500 684
263 110 932
493 83 827
138 451 653
302 25 699
273 215 464
228 466 621
500 313 697
169 387 467
488 77 407
144 74 800
42 223 582
220 230 874
261 271 722
58 429 464
186 159 915
28 345 940
295 482 798
203 195 468
194 226 814
398 346 719
205 11 671
181 376 636
115 250 659
442 219 980
207 190 775
92 475 428
26 275 578
225 18 860
272 404 851
10 110 794
77 286 540
372 50 826
37 230 943
14 30 539
23 294 496
319 205 781
236 133 818
106 154 882
307 167 490
383 342 908
237 209 464
492 279 846
146 81 541
63 119 593
500 337 480
204 189 776
229 455 814
252 190 548
215 324 922
35 16 909
99 153 772
173 349 940
345 500 747
74 84 424
348 220 495
257 171 560
186 166 664
479 299 519
321 222 923
385 404 730
134 35 646
107 163 536
178 369 911
227 64 763
365 130 591
381 328 658
300 355 546
186 299 730
428 407 430
449 203 592
271 375 583
421 419 484
486 404 646
476 28 609
383 299 690
15 399 880
160 78 788
391 140 525
351 335 960
375 169 690
403 342 585
464 93 572
38 144 858
136 457 670
416 267 402
228 271 661
376 168 401
24 268 459
250 367 728
94 374 485
403 176 529
103 99 530
356 177 817
135 159 517
419 387 448
181 371 895
317 345 811
44 48 886
98 267 666
450 436 992
191 348 534
267 395 991
246 221 531
298 325 522
459 219 445
172 95 585
371 33 911
37 276 494
136 19 509
408 142 653
384 269 884
272 452 849
487 205 556
393 165 691
480 317 809
270 413 429
181 436 748
393 351 623
193 317 473
92 258 464
209 289 719
12 214 840
445 246 900
131 135 502
391 242 904
11 260 932
451 74 865
69 405 805
330 387 543
158 315 502
172 261 429
19 378 667
352 329 447
73 7 742
256 456 502
222 143 490
327 373 470
172 93 639
8 377 858
165 112 861
40 205 595
50 349 864
435 254 685
315 284 508
379 162 911
297 479 796
294 286 713
411 385 796
269 440 903
207 46 917
153 55 513
327 182 763
49 141 619
119 343 996
299 377 925
39 63 600
51 158 662
204 185 556
35 224 858
155 54 971
447 214 435
382 458 773
337 484 426
342 40 436
484 475 901
477 379 993
434 299 421
244 22 748
487 273 622
67 38 952
389 235 768
39 189 721
220 245 999
459 199 482
209 63 790
86 481 431
228 77 795
392 314 989
426 82 422
388 258 861
78 32 947
294 350 734
257 288 603
299 284 630
160 310 829
389 468 549
18 266 569
69 69 561
148 319 596
498 62 760
196 119 883
147 313 400
433 494 637
21 446 959
419 419 455
481 343 514
499 206 683
176 278 813
71 78 473
74 447 912
252 85 849
28 483 924
408 86 836
26 158 759
21 177 723
476 266 552
316 208 833
59 310 862
400 216 837
56 181 704
312 106 621
472 36 777
178 8 982
265 176 882
162 260 903
262 81 802
355 128 636
331 378 496
375 214 969
396 114 538
479 48 983
152 57 619
399 423 691
191 89 612
104 26 615
420 137 801
165 461 497
110 249 754
448 359 704
9 154 713
47 448 897
472 177 626
349 270 797
402 204 552
493 12 539
153 213 696
9 448 853
489 349 678
482 356 536
416 475 442
353 306 791
71 300 806
52 46 720
253 235 921
406 129 892
93 415 508
129 343 523
117 322 644
220 123 731
476 351 912
214 297 498
118 385 645
26 15 627
127 91 465
185 467 474
448 51 985
333 248 591
287 390 705
428 429 611
199 449 460
73 248 521
230 458 989
364 204 717
395 335 700
97 446 522
241 374 718
486 210 773
180 18 609
306 61 532
212 415 855
192 477 829
370 210 852
477 100 774
113 207 844
103 430 896
194 401 971
481 417 622
472 243 559
161 67 943
137 294 742
264 345 401
111 153 455
121 384 483
491 214 988
246 324 407
23 66 644
176 18 691
127 12 603
167 225 875
405 128 821
14 283 646
491 381 429
27 312 618
286 396 628
54 136 988
221 373 623
229 180 708
469 276 832
451 91 670
43 30 684
74 373 686
176 267 774
394 52 836
471 158 964
173 28 653
328 208 579
318 167 401
451 236 560
2 229 620
256 153 573
276 197 521
154 438 798
458 295 828
144 457 791
496 131 924
211 492 902
201 365 834
385 381 596
259 269 783
158 53 867
230 54 462
232 37 644
150 111 826
278 271 829
416 320 528
123 344 943
471 171 844
139 430 905
271 409 401
315 145 875
356 258 766
217 180 918
14 295 928
481 80 705
365 132 894
126 476 433
276 106 616
235 277 488
101 288 558
387 251 814
290 152 703
493 487 640
255 185 556
111 89 788
276 324 754
151 362 945
318 451 735
98 164 414
377 279 501
406 114 812
450 148 948
285 3 404
9 434 804
341 454 1000
315 193 650
70 334 671
124 420 718
312 71 998
229 36 564
152 170 877
353 202 665
144 119 423
394 113 922
417 93 631
453 252 677
404 2 412
10 228 461
226 167 515
73 481 547
247 322 423
318 207 986
317 88 694
310 370 620
465 274 632
465 215 789
420 275 874
26 256 807
398 168 899
303 227 578
157 37 743
29 67 937
291 206 839
106 113 975
327 26 413
385 423 648
104 323 790
276 306 633
112 171 431
67 257 421
469 297 574
422 306 810
49 362 517
480 426 494
465 419 583
455 127 691
3 119 476
285 265 768
4 147 963
80 295 439
30 353 845
182 443 592
211 21 459
179 111 476
408 487 461
281 63 515
255 149 497
76 41 875
25 372 541
182 200 639
251 72 761
491 265 843
187 443 973
4 5 460
369 122 883
256 357 678
235 16 972
387 12 845
173 115 853
241 406 970
50 342 895
240 34 681
491 123 703
436 72 884
261 70 883
194 322 584
419 389 780
173 9 713
411 140 999
205 480 739
271 194 690
347 97 904
174 11 744
25 420 686
443 288 747
428 78 806
158 402 940
358 450 409
230 122 491
405 411 946
392 62 688
99 419 840
259 137 471
26 407 438
174 177 637
433 225 571
39 350 804
313 339 912
103 110 506
360 156 589
181 99 492
380 6 470
84 290 629
162 364 564
9 211 440
9 138 700
299 499 423
304 18 412
463 78 644
482 356 519
286 162 642
410 231 628
78 254 708
363 253 532
254 23 716
272 323 483
140 275 612
61 466 813
499 40 903
467 14 475
338 218 628
276 169 886
141 279 848
236 171 839
360 187 540
49 250 459
136 427 701
255 79 622
451 177 760
330 277 575
416 259 711
409 460 474
287 471 800
105 345 624
80 309 744
218 135 707
271 209 550
378 31 1000
378 261 794
108 221 946
389 333 536
468 59 646
403 383 932
297 261 460
329 411 459
465 330 408
198 10 520
334 290 796
385 260 655
410 300 922
465 140 801
40 243 882
436 121 989
409 29 881
370 134 552
257 209 868
282 115 532
9 155 449
327 123 618
348 414 816
297 225 570
118 297 630
327 388 918
206 331 529
443 64 808
36 49 635
183 232 458
329 203 471
313 366 668
104 413 507
479 192 654
159 50 927
443 60 532
340 295 970
22 469 793
91 193 843
320 28 447
472 95 537
241 296 581
465 110 717
109 64 548
41 38 585
381 492 930
495 494 605
107 112 483
113 259 866
160 58 514
146 250 984
462 463 680
336 101 761
2 227 502
139 32 859
309 272 591
491 70 877
359 248 474
404 465 971
265 244 531
480 206 456
238 132 664
210 220 450
242 452 769
20 133 543
369 137 481
100 49 408
103 163 585
96 349 988
78 397 734
417 97 790
423 99 495
212 221 678
240 442 706
234 273 551
68 194 794
211 391 907
287 91 728
467 238 863
373 55 609
248 482 898
472 442 948
40 422 794
40 367 526
422 213 898
380 53 947
290 177 499
334 465 860
199 451 689
376 322 605
187 420 828
390 31 571
74 192 575
277 26 779
273 156 554
278 123 854
457 35 520
224 192 466
63 67 580
248 66 664
453 483 756
99 251 583
298 184 442
29 271 737
400 83 617
398 403 666
212 476 840
19 465 719
103 431 405
265 61 915
112 483 867
88 208 968
496 244 840
168 13 966
137 213 800
271 37 763
287 342 829
108 239 658
111 497 729
489 325 675
37 232 856
232 122 523
237 112 656
356 432 930
265 13 829
406 378 600
284 134 834
493 143 966
145 376 968
493 497 904
239 442 935
196 473 794
468 237 628
281 386 480
468 469 700
96 13 499
20 390 953
322 199 724
475 321 497
405 482 984
150 292 480
344 419 922
397 274 462
85 378 420
299 211 834
246 449 762
340 475 501
141 356 748
494 314 479
260 449 967
173 233 943
80 181 906
59 466 987
120 223 420
130 243 682
20 387 748
103 484 428
417 369 628
476 9 890
163 154 526
69 3 833
214 183 914
274 439 577
353 9 459
281 98 606
216 276 559
237 301 909
445 91 676
457 129 808
496 80 608
232 244 542
465 360 822
67 203 961
285 480 950
30 78 468
21 191 634
269 354 682
142 359 472
232 118 644
357 90 511
284 299 829
497 292 616
393 410 797
223 268 414
400 499 747
138 101 451
457 465 504
256 366 523
160 88 720
285 194 494
109 269 479
257 80 806
335 168 749
490 276 451
314 104 717
500 475 696
16 283 507
72 456 589
458 313 953
386 226 684
271 438 634
188 116 869
298 181 928
72 381 621
370 95 461
159 309 984
385 472 561
140 71 419
186 21 755
105 349 785
59 89 764
148 64 873
327 292 958
276 454 889
379 111 683
396 268 607
306 163 632
253 348 401
400 185 917
388 115 769
263 230 630
487 92 500
223 304 450
125 437 605
142 375 707
460 431 687
110 297 480
318 76 743
221 244 684
168 209 662
433 441 600
305 495 635
98 382 869
355 211 941
125 407 926
402 87 598
324 379 611
384 114 867
329 173 705
151 451 441
6 484 626
293 419 655
400 483 830
416 165 694
50 494 866
374 78 826
342 281 851
357 168 805
454 73 572
150 349 855
267 264 966
468 371 933
292 406 944
80 433 996
383 162 701
221 193 481
221 153 717
469 58 951
274 406 756
307 421 800
279 495 454
50 202 514
455 386 629
372 205 892
148 147 929
52 372 496
8 263 644
226 435 967
151 291 617
154 58 469
221 94 963
419 400 711
58 449 573
172 115 727
263 373 639
184 85 891
204 179 789
220 497 719
207 77 906
422 69 796
241 255 790
32 402 548
374 478 946
129 48 879
482 385 624
451 280 770
255 200 605
365 247 612
30 116 684
150 201 595
22 486 523
70 497 684
212 323 631
211 425 811
190 357 851
320 88 687
163 245 709
421 266 606
268 374 943
205 221 911
33 24 465
18 89 893
47 413 604
31 408 882
281 36 668
469 291 451
60 173 423
283 213 830
372 184 546
420 434 711
77 256 538
79 422 524
100 234 768
70 345 946
94 481 924
214 339 448
185 17 596
315 165 425
426 128 579
289 104 652
67 321 886
296 171 509
467 37 829
206 441 933
333 250 424
244 396 897
10 50 496
378 132 882
207 25 862
124 138 590
230 281 657
44 405 712
84 272 824
83 356 905
411 152 824
110 426 447
368 384 782
283 123 964
196 362 676
231 409 609
122 196 716
34 456 597
308 311 421
447 344 649
203 322 827
173 450 879
89 174 895
350 277 819
312 344 798
351 122 705
152 175 555
175 276 718
223 337 929
34 478 970
80 64 536
25 317 910
419 236 672
213 299 814
456 499 692
466 19 530
429 397 443
310 371 683
258 6 839
356 247 456
158 314 631
260 199 918
460 107 871
70 176 790
66 393 540
104 296 971
208 376 970
333 79 647
133 70 459
450 230 756
430 72 791
239 312 453
434 258 629
360 53 648
436 13 621
356 34 499
418 342 655
251 318 553
369 106 972
300 391 925
129 43 916
484 81 862
93 120 825
127 340 583
442 343 403
27 36 797
411 88 673
78 389 405
273 363 512
208 26 576
159 470 544
424 332 723
106 495 684
208 335 799
442 194 981
105 485 770
422 178 415
428 287 698
21 241 558
310 238 459
466 379 822
78 385 737
10 201 680
297 420 858
452 46 821
193 485 686
240 131 436
476 304 774
197 114 554
121 294 825
64 351 868
410 103 596
359 353 816
390 392 406
198 229 811
17 363 969
449 264 626
272 246 499
66 351 635
182 108 976
327 202 676
7 292 473
31 325 990
466 10 663
65 480 649
334 138 700
214 39 641
457 248 954
102 115 788
248 89 681
370 275 420
185 380 798
322 262 589
197 130 457
201 337 938
334 96 680
191 391 487
226 446 927
256 372 559
98 410 577
75 94 921
217 351 567
464 292 648
146 425 822
256 121 816
69 421 755
384 482 512
138 165 812
168 193 579
4 267 864
160 269 879
153 13 455
73 406 998
290 424 506
335 449 640
423 367 557
244 291 735
297 362 905
480 46 620
490 106 661
9 295 593
359 462 747
128 380 842
396 55 816
197 86 957
108 46 439
101 204 881
328 285 448
366 292 984
313 270 995
254 135 517
455 373 834
32 156 544
432 237 458
174 26 431
393 170 450
374 323 472
55 358 647
1 407 863
66 154 973
244 396 683
211 359 889
106 359 891
234 150 766
204 345 406
216 124 404
263 91 718
433 402 494
487 398 948
373 395 659
310 229 488
108 452 799
81 476 646
360 415 941
495 168 423
477 268 930
320 53 802
101 389 964
351 7 967
279 488 710
189 427 857
250 364 936
4 102 862
157 101 891
436 379 856
464 424 463
229 215 809
267 168 679
127 498 521
221 70 595
342 365 544
65 234 844
304 338 627
43 488 425
123 355 401
111 186 540
349 466 930
185 413 532
480 391 713
211 199 632
306 416 420
101 300 429
408 273 601
12 79 613
62 320 501
3 245 947
223 380 847
302 140 830
60 114 875
489 220 996
256 497 772
347 132 917
181 173 885
343 137 946
320 69 716
112 86 565
246 460 868
135 115 695
327 59 894
280 335 576
434 376 949
353 252 636
275 158 848
412 498 797
11 441 410
433 245 488
414 311 554
185 351 767
187 345 893
3 88 712
332 186 431
112 167 758
480 250 552
161 251 667
6 99 692
114 100 592
490 276 859
358 310 677
102 423 645
355 303 445
248 200 558
252 227 658
415 384 684
278 314 541
437 491 563
43 3 540
455 397 583
274 369 463
124 242 972
2 35 944
233 373 513
8 174 607
125 345 598
210 28 815
440 189 702
245 315 491
109 0 696
146 168 810
17 94 811
241 424 816
150 40 538
328 243 937
363 344 661
275 314 855
345 400 424
240 272 627
36 347 439
288 192 952
47 345 993
184 82 852
6 375 788
477 89 918
155 169 405
6 157 726
77 251 784
408 101 591
12 444 905
297 365 719
302 347 684
286 443 705
303 360 818
426 1 535
281 478 552
62 87 878
405 350 801
167 370 808
95 18 603
147 148 624
115 179 941
494 11 816
152 385 852
19 455 605
10 76 775
56 143 763
165 121 468
463 150 674
256 386 736
467 15 595
275 125 433
257 291 845
299 107 622
488 358 649
459 166 693
362 83 673
352 48 960
369 384 595
211 433 538
356 174 803
439 138 973
447 330 744
284 295 401
498 150 413
36 26 432
169 110 631
471 328 825
246 110 800
181 51 996
95 172 843
411 310 714
54 450 784
312 392 821
78 293 987
77 318 547
480 26 606
473 97 439
209 9 865
310 245 956
409 248 420
16 424 996
231 364 423
153 387 975
269 418 671
361 409 566
270 27 991
350 56 524
437 196 591
337 181 764
159 119 980
433 25 488
53 417 599
83 233 946
196 267 651
28 352 925
96 60 837
474 17 778
309 212 498
135 139 834
272 45 440
149 129 911
9 392 684
417 314 983
242 71 538
181 155 839
217 444 775
0 238 722
235 70 704
367 35 659
492 243 715
429 500 891
35 305 608
232 57 922
118 215 804
367 425 584
248 240 504
90 308 659
208 179 453
404 317 707
235 480 417
438 393 576
398 145 813
299 106 801
284 330 761
70 247 922
104 405 716
320 5 831
388 480 541
288 322 453
469 280 481
331 365 626
70 407 866
385 264 889
74 358 617
113 216 869
120 97 602
184 311 460
362 232 690
17 35 844
255 499 559
208 346 706
390 58 897
377 371 526
363 225 693
231 153 431
115 191 512
471 131 970
213 107 440
395 216 633
7 491 882
140 170 640
231 420 834
283 30 658
273 147 602
363 70 760
47 95 658
87 295 744
144 219 690
31 333 809
317 337 735
125 470 790
484 24 430
365 122 538
347 268 712
403 462 781
189 12 952
205 284 932
297 132 709
237 322 739
261 63 647
91 119 913
80 469 878
14 20 560
391 228 543
204 266 913
325 348 629
252 207 894
105 379 863
167 178 537
263 290 918
358 446 503
243 174 897
7 91 675
187 110 563
234 454 647
405 334 697
486 460 957
276 409 968
379 79 681
244 461 605
130 145 948
394 82 763
0 21 719
261 490 432
474 28 648
145 275 879
182 99 411
28 175 812
328 349 752
498 494 922
413 40 751
187 274 738
346 198 779
18 266 857
327 42 558
227 348 593
430 391 582
286 85 638
332 126 581
338 280 678
270 468 587
344 40 990
217 17 995
56 179 410
285 467 657
74 477 580
350 203 810
216 467 942
434 341 985
29 58 476
382 232 857
296 104 944
237 88 901
390 304 510
159 163 538
183 6 747
92 311 429
65 393 574
352 355 786
412 32 794
163 200 781
239 202 719
222 357 822
148 435 612
196 135 539
188 8 455
378 384 510
179 470 838
361 290 967
53 155 530
447 81 640
375 386 709
6 95 679
390 14 561
44 182 459
389 440 752
329 128 776
65 146 988
462 16 680
398 310 781
131 392 590
54 131 493
170 400 472
479 45 524
271 14 870
65 430 983
203 448 985
171 36 875
273 447 657
486 65 559
278 353 832
193 454 875
89 159 827
411 274 662
486 61 1000
76 73 984
311 137 476
407 34 700
394 187 602
227 482 836
56 322 907
273 127 678
325 98 748
159 499 821
223 460 801
134 247 752
274 337 569
146 294 488
68 195 842
48 366 809
428 97 850
272 478 777
449 347 547
320 158 512
332 180 675
135 426 454
97 398 851
363 147 861
123 464 998
95 303 769
424 105 533
481 104 786
39 12 763
34 26 631
102 205 618
305 404 553
467 116 739
243 182 600
119 355 995
99 133 820
260 320 838
447 238 510
241 274 572
223 219 600
37 335 780
202 319 836
305 215 795
32 487 945
118 136 914
269 52 427
158 80 829
77 191 629
210 330 667
345 397 761
389 136 520
486 138 859
197 74 874
164 1 808
314 408 415
109 289 522
380 126 580
408 258 786
140 432 880
42 146 730
244 335 420
61 23 942
142 392 636
271 122 732
113 371 478
237 193 832
404 130 785
402 314 836
379 252 781
58 154 685
130 361 750
384 263 904
45 481 674
154 37 577
457 351 811
422 85 914
287 405 618
9 73 812
486 200 621
438 388 886
159 451 607
468 452 646
373 77 889
46 181 735
305 446 574
168 479 717
67 480 534
268 113 651
280 114 831
95 231 872
489 216 743
497 261 734
359 260 421
350 405 825
76 495 482
400 422 780
336 291 650
69 135 666
297 401 717
444 485 987
200 287 700
249 377 746
311 145 480
287 196 607
374 195 619
135 496 892
9 282 455
73 122 768
70 219 924
52 131 871
45 309 481
66 36 834
154 86 655
248 451 923
102 306 560
119 291 845
138 187 934
333 259 435
137 491 766
428 338 808
251 31 932
52 8 434
206 412 651
71 315 981
197 227 855
97 28 735
8 458 451
247 162 919
253 452 845
333 367 632
496 308 803
97 33 655
169 426 482
128 203 703
343 185 536
200 148 548
302 354 776
335 435 486
378 97 543
63 195 836
429 333 912
345 334 501
133 84 515
401 93 814
377 291 693
165 331 576
188 396 823
473 92 935
480 218 900
121 171 619
24 12 487
140 326 897
393 383 602
167 143 674
306 468 842
248 68 488
325 261 594
214 240 464
183 469 588
338 225 572
346 416 418
145 459 559
413 486 787
299 481 499
286 158 677
357 198 962
210 116 413
122 462 498
420 24 615
229 399 532
287 83 747
26 197 614
344 66 957
81 487 975
244 267 766
76 198 829
160 223 631
242 73 567
476 11 751
270 483 437
293 117 903
330 460 912
158 328 498
306 294 718
481 428 955
187 219 791
282 34 829
252 387 902
443 322 983
369 306 747
353 456 585
409 256 606
237 492 613
158 444 838
302 304 774
52 218 782
191 448 555
94 492 724
183 241 820
216 170 948
86 67 450
357 58 778
94 208 788
398 295 588
257 283 966
87 152 512
349 260 942
479 436 987
176 221 481
428 380 749
46 401 673
399 401 922
394 294 580
401 190 928
326 239 482
123 314 926
196 140 418
260 271 475
297 368 608
320 186 838
255 80 770
187 1 691
335 71 428
51 403 462
389 416 676
33 221 549
375 259 973
22 135 819
2 87 653
370 105 732
465 281 864
393 103 641
352 391 863
494 241 666
96 284 467
357 79 713
32 254 742
294 486 760
316 498 789
336 350 901
252 18 941
142 167 890
260 379 784
284 492 535
472 75 504
362 232 454
346 6 624
60 111 754
428 305 960
211 215 909
307 185 842
477 314 922
237 98 927
270 71 621
423 105 864
486 382 627
440 85 660
293 231 458
13 124 675
107 290 851
236 0 576
252 195 430
260 110 612
318 51 748
476 46 672
88 151 464
43 286 545
91 159 458
19 76 635
90 335 810
19 234 842
18 261 595
362 409 706
244 104 687
127 67 771
291 402 491
174 409 510
413 193 886
323 114 637
80 445 678
344 76 615
242 384 797
408 147 602
415 113 653
139 63 948
224 214 620
402 47 948
236 18 676
366 103 956
448 222 729
346 170 486
218 385 598
205 190 712
230 168 666
236 28 615
460 94 457
473 353 756
262 436 652
42 489 622
223 198 886
355 64 951
168 157 973
42 105 890
179 55 789
365 359 590
336 427 608
302 31 406
92 103 672
394 99 508
219 39 565
54 172 869
451 45 462
263 444 852
242 83 409
500 88 466
438 462 539
100 404 588
178 229 572
193 216 944
40 139 604
399 105 427
262 33 444
307 91 786
240 296 858
219 226 948
333 243 783
200 123 583
158 160 561
73 345 479
500 472 824
239 161 669
131 125 969
8 488 734
456 484 750
218 485 679
19 316 894
409 368 689
19 197 515
71 109 655
320 64 756
292 158 595
489 444 706
256 414 555
73 475 433
207 377 793
339 225 465
238 263 878
385 187 914
200 177 684
184 477 787
267 265 613
126 207 483
261 5 821
241 438 674
297 353 839
453 413 803
346 469 716
164 397 842
209 302 735
119 4 428
140 408 587
491 139 927
463 489 917
84 130 756
349 487 994
251 422 846
173 382 708
75 131 999
32 436 864
205 115 480
180 45 945
371 202 574
340 401 630
453 479 928
201 416 922
161 89 732
43 249 857
433 194 911
320 275 927
217 177 743
205 171 512
93 176 919
345 234 582
361 158 671
314 325 484
0 250 462
244 497 768
48 275 910
37 287 981
477 15 769
119 262 925
190 429 524
118 234 449
406 49 864
247 288 811
481 206 581
69 62 649
24 305 944
396 318 810
124 364 740
19 492 942
283 423 960
57 378 909
155 253 598
308 53 965
378 13 763
321 390 489
460 236 915
309 75 951
97 483 503
74 26 595
411 459 644
496 117 463
198 458 453
12 113 713
35 147 561
101 295 480
314 211 529
450 318 408
178 361 884
35 83 552
338 34 923
392 238 467
181 37 747
285 261 738
98 139 448
436 395 462
171 417 894
76 294 941
77 343 761
214 78 866
176 248 590
22 99 899
45 388 589
407 432 681
85 153 764
458 339 481
14 461 576
112 426 479
379 489 489
462 211 495
394 346 519
313 317 718
392 141 742
89 5 594
308 476 724
144 124 677
330 331 508
253 87 471
290 341 914
153 328 489
415 158 970
349 398 803
478 302 808
46 214 468
250 285 969
322 86 441
468 11 770
458 315 519
302 98 861
70 255 701
31 484 606
0 474 501
295 115 466
218 228 452
359 392 694
277 395 920
455 282 592
495 424 890
413 154 853
277 325 909
273 216 713
88 485 401
53 293 712
78 203 702
104 443 957
192 218 918
486 133 463
211 369 913
55 159 990
10 160 509
306 444 401
482 44 703
266 319 992
23 149 546
363 423 846
277 441 847
408 76 691
245 408 511
401 412 765
295 493 458
190 237 627
343 44 509
7 165 613
206 197 465
483 180 545
327 7 570
273 143 776
392 429 461
56 90 746
225 329 471
45 200 996
134 335 488
184 483 593
280 105 950
325 72 603
500 98 859
223 448 677
370 91 839
75 361 980
123 149 713
134 187 873
187 245 545
22 317 426
75 258 642
453 116 587
467 21 442
30 146 499
58 50 902
77 51 716
25 295 774
207 365 815
347 101 986
252 52 872
65 127 631
304 234 471
496 109 532
255 27 406
212 458 941
212 101 428
242 469 829
372 461 537
369 255 501
189 464 823
60 377 558
201 125 869
235 184 602
202 432 436
60 48 554
113 20 977
468 24 532
273 424 770
187 463 909
418 326 949
237 190 509
409 65 425
88 364 889
62 239 510
267 29 769
227 71 572
141 272 480
394 348 898
464 477 902
476 20 914
427 247 444
397 65 817
84 353 886
368 8 412
108 84 462
40 499 507
320 211 453
44 91 732
133 331 843
103 142 830
174 300 932
98 399 726
192 462 910
160 484 778
361 57 770
343 448 546
409 196 862
110 246 485
22 449 418
135 13 777
403 215 962
282 430 951
204 298 824
30 429 734
147 97 694
229 271 528
62 48 575
57 143 721
373 370 815
493 467 422
170 349 628
193 269 463
127 199 542
3 214 737
388 152 777
368 136 862
241 281 693
413 408 571
251 96 512
224 446 781
344 38 626
296 442 883
227 408 706
255 19 525
77 280 444
289 383 686
379 385 858
7 315 908
476 469 963
142 12 650
130 114 789
171 396 766
410 416 711
196 222 839
41 136 548
298 254 460
175 221 616
299 478 998
396 177 616
305 132 891
85 215 940
162 248 987
205 104 488
100 370 777
348 383 404
437 380 402
337 329 666
111 443 908
271 481 578
47 349 993
202 25 977
474 210 826
96 427 901
473 70 902
439 384 451
143 153 653
246 63 586
136 12 806
313 124 880
447 472 450
139 211 845
57 409 673
410 430 539
188 121 522
421 483 881
348 105 973
418 141 802
67 76 809
428 191 725
281 215 590
57 264 864
99 244 859
385 88 716
101 198 517
267 110 957
150 454 604
192 353 924
34 41 939
226 65 571
452 62 864
30 88 565
220 46 806
50 443 572
307 281 523
360 263 417
246 188 956
335 312 788
98 237 699
94 476 563
400 389 826
257 180 816
233 145 636
204 95 842
104 263 474
285 130 878
176 47 644
396 89 636
272 257 482
314 280 990
21 407 707
302 108 977
401 256 795
399 458 929
266 405 702
481 96 934
281 0 917
302 133 779
163 492 510
442 136 770
218 352 507
305 75 637
110 399 547
354 192 770
462 211 658
253 347 569
163 31 570
224 426 648
297 395 699
282 107 611
142 479 853
15 364 841
419 420 674
397 132 774
301 456 754
275 49 946
262 57 477
179 410 767
52 243 741
407 39 935
227 177 511
330 320 724
431 228 977
50 72 752
462 410 514
5 155 840
61 382 466
366 184 864
410 173 649
199 168 434
145 144 928
150 456 865
132 493 729
165 235 797
60 485 894
212 475 646
100 46 705
189 29 672
194 265 949
242 334 446
110 269 604
485 263 651
281 348 976
369 485 793
435 365 541
490 173 938
127 277 948
277 258 444
265 65 607
374 300 517
374 99 826
257 80 633
239 27 918
302 366 408
298 464 890
90 95 959
27 391 488
28 155 585
140 94 735
307 403 712
19 273 435
21 206 610
77 65 558
101 442 926
16 390 824
389 275 902
457 154 717
144 459 833
191 358 813
351 166 963
0 131 471
294 412 784
354 332 585
11 444 573
478 5 900
55 240 908
373 232 961
487 209 934
107 183 473
25 467 477
482 88 818
255 212 823
332 101 709
498 411 646
499 391 535
454 475 627
373 257 628
461 432 784
61 159 746
238 388 480
452 6 777
378 358 985
306 253 498
144 420 919
289 18 669
90 34 535
100 470 529
14 140 621
90 260 437
180 246 409
224 57 726
18 147 738
386 128 419
179 289 501
376 392 813
298 367 524
129 17 539
351 157 904
500 319 805
213 483 718
25 266 905
91 330 440
115 59 906
369 441 580
286 136 661
428 170 483
288 451 713
491 234 854
408 292 608
308 386 734
296 298 959
215 407 805
252 14 504
17 350 814
280 493 978
138 256 906
124 437 687
261 134 736
152 91 611
39 183 840
110 154 561
305 438 788
474 24 979
423 124 790
316 8 958
104 347 711
490 487 587
299 273 954
2 156 644
365 204 854
337 406 1000
387 183 596
175 49 588
99 370 995
67 484 789
238 282 683
311 420 447
80 133 764
373 360 948
54 326 573
341 334 806
475 496 773
164 330 593
80 258 938
299 35 834
402 283 827
300 241 777
281 184 711
319 150 708
208 52 578
108 85 462
175 5 480
385 271 536
333 424 513
308 365 705
367 264 546
377 262 745
190 28 595
114 34 790
343 308 557
81 392 412
240 215 694
490 70 483
340 458 541
322 428 658
111 364 892
24 160 512
311 222 811
40 478 758
322 157 694
105 454 546
336 206 802
273 79 1000
177 225 866
217 436 614
484 9 668
281 128 684
214 69 445
450 341 732
433 241 856
354 462 714
162 448 798
369 483 667
200 453 721
30 462 848
38 112 579
207 454 923
276 357 429
482 165 603
274 479 1000
230 122 789
228 368 446
465 203 886
223 479 558
172 32 521
148 191 798
485 311 421
206 367 789
169 467 664
99 4 592
158 157 524
403 395 780
484 437 899
298 212 436
73 187 845
426 432 891
305 448 725
114 222 690
264 338 754
187 4 863
311 239 951
386 275 834
249 488 829
365 250 508
209 269 911
301 357 666
188 150 509
242 14 714
414 10 745
134 188 792
381 191 718
327 90 676
114 327 446
102 500 821
186 116 706
192 34 645
231 242 852
361 194 901
254 46 452
286 239 645
420 138 787
196 444 567
268 316 439
336 233 539
2 17 971
358 135 896
58 409 660
184 235 884
77 7 773
232 67 512
398 188 701
234 237 484
490 360 478
135 325 496
311 199 746
441 301 805
213 308 611
106 214 499
350 58 403
214 228 442
278 90 426
119 432 445
289 356 972
219 281 769
446 449 752
182 282 456
183 220 898
331 460 964
485 21 854
49 213 887
134 46 483
155 176 840
98 28 840
464 442 411
383 65 754
320 249 828
337 19 706
50 77 601
305 431 908
17 281 876
349 88 976
226 112 757
94 169 927
436 24 813
421 380 840
96 476 1000
35 384 963
215 458 972
417 325 632
132 495 925
113 385 881
137 104 810
346 133 971
379 193 737
312 423 455
500 318 989
318 417 511
81 412 905
447 300 726
267 267 746
232 64 718
51 397 609
162 127 859
420 412 420
2 141 522
291 217 430
78 114 496
89 20 650
215 190 957
327 167 434
75 102 978
128 471 875
142 127 435
73 377 421
71 345 731
289 100 894
19 167 993
91 160 565
313 212 978
382 14 609
185 111 607
28 195 676
465 168 896
295 378 841
309 367 754
311 30 840
393 376 431
239 453 802
196 349 638
421 169 991
198 100 548
378 203 483
104 447 809
410 317 970
379 413 930
313 46 433
17 368 994
66 271 684
338 140 877
423 259 666
32 145 435
95 235 448
203 392 484
31 56 433
50 117 761
422 253 932
98 127 703
430 178 724
421 314 908
482 263 471
227 294 897
445 402 544
54 110 633
324 352 498
448 241 929
183 448 940
121 448 448
276 488 950
334 206 864
373 458 792
498 478 695
203 194 514
201 49 931
324 344 415
79 402 518
80 174 809
174 379 455
83 325 937
332 86 855
236 194 868
365 68 998
177 305 428
215 65 959
71 250 693
152 339 640
185 202 783
168 263 702
6 284 607
414 222 884
168 11 488
4 481 470
457 15 575
25 424 598
356 353 401
426 161 459
71 332 541
147 478 648
120 439 521
143 134 470
128 133 817
31 123 674
6 467 860
290 92 696
299 36 669
390 271 985
139 254 622
146 380 560
247 278 848
114 92 816
396 293 687
44 440 575
398 410 591
436 327 663
307 112 568
313 483 795
269 230 488
307 94 859
364 264 592
316 42 691
388 244 526
38 298 612
138 392 777
105 162 851
91 8 818
328 367 423
477 445 868
198 224 786
450 299 917
269 440 655
294 38 627
383 88 733
51 467 400
147 360 749
271 120 742
21 133 666
246 231 877
95 230 453
164 366 498
149 281 656
91 480 864
323 471 642
15 497 502
171 48 730
90 441 864
230 405 669
159 129 711
5 120 552
235 204 882
24 328 938
178 272 503
49 240 823
291 113 679
407 182 502
127 377 808
238 18 549
269 498 668
359 388 781
15 180 961
97 483 745
258 156 582
393 405 529
401 256 526
130 320 876
336 268 937
318 450 898
98 419 422
7 40 835
472 134 596
68 149 884
277 221 914
382 5 908
248 251 742
120 188 818
270 345 525
124 171 545
434 1 756
127 296 701
144 263 781
321 425 659
321 172 932
287 471 817
294 87 991
172 447 579
179 316 936
184 136 598
104 83 801
345 486 554
203 335 625
349 172 710
96 47 543
168 213 494
111 311 616
182 6 973
286 254 971
17 352 528
383 488 478
215 500 545
394 184 921
196 81 889
342 332 904
212 432 863
389 498 628
65 95 407
76 115 601
224 363 797
142 470 994
4 152 564
152 237 608
438 131 534
76 278 891
105 466 534
450 119 527
477 188 806
249 310 635
356 368 789
310 285 524
306 81 484
367 206 435
212 310 719
277 129 693
119 459 748
87 171 932
131 488 922
79 182 512
479 486 895
248 297 928
499 278 981
256 364 974
415 439 560
99 88 483
259 161 801
360 40 663
172 296 995
337 193 570
344 329 420
35 471 844
412 201 744
463 233 949
413 299 669
207 451 928
59 268 802
251 87 922
211 396 960
4 258 606
379 126 841
437 259 440
460 318 877
190 331 805
193 241 438
387 199 986
22 196 795
424 106 941
356 265 786
270 338 817
237 493 449
251 91 696
441 398 902
477 202 760
310 105 939
222 186 943
434 288 641
413 153 812
285 118 408
129 360 458
461 197 512
131 11 996
319 419 568
70 11 806
497 110 587
477 75 668
101 184 637
482 33 641
401 305 775
33 464 531
367 493 827
401 379 575
472 100 803
377 414 576
244 72 456
337 302 762
420 481 552
337 209 589
100 310 644
84 312 736
165 403 414
42 148 430
91 165 871
198 4 717
239 244 464
488 409 873
360 307 466
189 390 797
462 266 997
492 130 740
194 368 499
122 433 637
239 45 958
253 306 595
22 141 457
367 176 460
469 50 994
307 4 534
355 302 446
162 74 738
177 441 594
277 107 418
266 419 571
258 153 859
80 18 864
249 115 905
485 261 683
322 488 663
47 159 921
201 370 494
150 193 766
2 262 969
375 500 945
213 205 606
243 88 787
494 248 889
343 497 684
112 60 459
369 42 519
255 282 766
256 59 637
282 272 695
431 316 759
360 463 919
66 123 911
445 341 676
270 50 680
369 170 511
322 445 421
56 107 654
461 1 654
370 201 973
103 153 678
471 218 744
486 212 807
2 206 849
282 260 858
104 485 622
313 374 765
385 299 766
345 150 603
433 197 471
294 293 981
449 222 755
233 414 818
296 293 425
396 460 634
490 457 870
499 21 610
84 188 629
430 197 950
324 135 762
121 404 422
72 430 423
192 153 780
130 271 858
105 194 822
488 226 603
219 107 520
128 258 421
84 413 878
455 355 828
128 176 837
467 58 918
85 242 585
71 273 536
175 313 955
430 342 447
294 428 985
424 371 510
28 125 730
464 322 528
55 406 932
221 484 771
165 8 575
161 468 996
468 82 573
347 314 633
199 287 611
443 314 790
341 303 577
395 210 529
140 338 689
485 137 580
211 249 454
226 90 407
188 178 762
358 48 466
384 63 849
282 405 883
67 425 722
261 17 900
344 184 928
228 66 929
450 129 741
331 250 829
165 83 929
207 222 895
121 207 717
164 58 611
136 218 770
271 183 999
133 208 549
310 45 725
234 170 584
243 67 924
227 400 604
283 39 821
234 149 979
206 244 530
192 59 497
264 459 949
376 396 682
380 168 670
172 264 876
71 266 590
413 301 878
44 316 801
377 379 949
152 451 800
358 454 669
474 385 434
52 308 605
393 193 494
399 39 990
204 72 983
271 48 809
181 433 693
366 377 941
342 111 931
440 424 446
144 447 428
495 179 947
205 488 811
4 94 720
262 304 758
476 5 487
112 187 867
130 311 616
213 268 805
473 303 480
366 437 567
254 21 820
75 230 683
45 13 876
86 490 778
487 273 636
372 218 894
341 361 977
94 203 638
212 434 416
118 19 804
400 398 996
342 488 556
38 84 634
49 130 902
408 268 705
478 86 717
74 317 516
37 381 574
110 292 940
212 363 530
488 317 720
429 48 593
91 449 664
347 458 580
124 221 811
489 492 770
229 303 423
366 169 475
470 433 601
109 482 796
121 498 494
168 134 715
344 193 765
90 492 447
420 394 734
151 310 561
418 446 407
228 372 508
201 463 664
393 266 810
486 123 570
334 14 999
271 290 562
298 136 969
306 95 400
480 205 811
132 456 689
311 340 653
47 135 721
382 216 817
472 402 713
30 325 716
41 467 952
176 291 545
120 109 574
237 12 410
332 210 665
439 69 435
334 74 902
393 255 517
28 249 842
58 425 624
207 455 797
154 465 539
318 109 995
371 365 925
285 41 692
51 5 518
32 131 898
420 341 993
283 311 405
75 198 614
393 432 854
496 398 436
342 41 650
430 430 846
419 207 578
166 5 769
413 376 728
189 82 752
16 16 728
482 61 421
448 347 597
424 281 853
480 404 655
438 47 708
285 228 504
352 98 646
145 34 900
45 147 548
49 327 406
490 240 626
60 269 575
261 279 612
134 485 759
0 285 698
492 234 779
421 297 830
431 273 681
335 284 577
498 446 881
166 190 870
144 183 570
472 94 781
162 80 581
479 228 874
426 39 503
98 120 789
236 384 739
66 136 929
455 275 983
292 172 709
78 299 457
372 330 874
468 298 737
102 243 981
466 452 720
25 0 436
391 112 407
480 64 745
294 32 620
291 173 814
443 166 870
340 463 484
335 428 470
31 320 456
144 484 539
258 301 486
242 429 627
232 478 972
122 290 699
243 79 422
45 406 573
255 281 590
443 478 781
157 195 897
370 71 582
131 78 936
305 211 829
213 173 702
154 324 619
130 42 761
137 266 849
187 271 909
456 261 979
130 447 860
466 223 777
320 222 788
150 28 847
292 243 551
215 157 608
419 215 481
353 214 959
500 95 917
288 106 827
110 271 566
368 171 920
120 46 928
55 169 403
35 379 488
6 365 854
372 331 910
390 358 891
487 439 551
56 187 649
125 410 604
70 391 828
493 189 937
244 351 934
486 201 588
259 51 635
378 356 425
433 468 921
85 419 481
362 472 777
396 200 626
90 265 765
458 456 832
95 54 778
313 75 487
493 176 598
466 112 546
418 29 921
161 198 503
11 75 579
30 128 519
465 183 438
464 268 601
125 349 499
172 204 986
55 407 890
483 92 877
276 355 817
359 317 964
35 167 661
446 193 908
248 305 675
96 351 724
323 351 924
229 472 920
182 261 767
452 429 408
437 318 663
0 72 507
460 361 460
15 394 611
438 349 852
97 306 439
356 110 477
366 422 676
296 148 777
112 71 614
427 401 612
348 37 590
360 227 902
416 336 987
393 291 850
275 264 967
368 152 425
147 240 715
133 1 694
55 392 982
497 11 959
311 92 492
303 36 875
378 18 652
261 209 631
89 85 490
98 454 574
170 114 579
189 320 454
425 497 862
478 178 500
30 381 896
494 40 604
170 11 968
21 475 822
473 176 457
72 167 487
321 166 413
343 349 795
111 373 427
495 113 727
429 205 434
74 138 810
24 150 664
429 55 444
444 406 472
139 126 842
0 388 741
398 242 698
359 416 425
485 164 885
306 54 461
243 13 493
434 66 777
104 300 667
44 401 653
423 262 793
241 362 460
36 335 783
345 224 928
384 32 931
263 173 682
134 58 988
14 6 815
9 29 406
276 377 609
369 419 835
245 164 609
391 422 793
238 195 591
16 142 891
144 437 435
211 136 806
484 389 782
487 322 554
452 390 504
242 451 497
50 415 794
235 286 477
231 241 871
32 51 665
279 452 550
183 53 989
285 342 784
101 173 829
205 180 642
70 289 690
279 450 783
199 452 714
39 408 701
442 457 508
303 27 937
88 332 675
333 183 898
296 180 548
132 159 497
75 184 797
476 140 478
29 342 415
51 403 401
261 260 699
382 150 808
265 427 764
311 478 956
356 71 922
227 239 921
265 218 830
259 11 830
406 395 539
130 16 847
191 205 696
94 341 446
409 92 835
488 470 815
404 425 863
94 130 680
344 155 456
435 377 697
273 100 669
211 384 976
186 61 629
155 446 580
68 399 479
303 80 433
318 476 897
416 423 882
125 328 932
242 349 671
216 295 694
456 314 924
386 249 776
106 362 833
470 419 714
233 359 536
304 443 881
276 271 635
253 209 771
355 22 578
376 187 749
175 22 423
261 368 883
277 25 941
392 499 560
385 6 982
96 270 773
435 453 584
235 481 807
476 409 843
464 411 781
25 213 968
183 450 784
431 303 922
188 410 882
239 99 529
98 470 829
230 409 406
304 49 850
295 364 996
279 448 534
24 166 787
172 185 961
441 210 612
363 45 548
175 79 673
462 114 429
317 60 722
51 46 786
296 479 827
351 413 428
400 232 422
247 447 824
459 221 808
312 174 620
450 334 673
30 350 703
500 172 811
494 46 782
96 93 905
123 177 535
280 336 683
150 338 653
473 50 985
137 190 777
297 169 900
491 486 952
281 116 466
115 435 430
185 75 908
7 320 879
340 156 635
205 245 516
54 177 736
217 18 704
342 393 727
223 193 675
253 227 681
344 449 696
240 386 566
308 67 772
341 356 726
3 449 809
216 60 404
494 160 532
134 111 826
329 248 765
411 11 856
364 300 630
235 95 619
490 178 777
353 398 596
489 420 562
231 269 500
285 51 741
434 335 710
61 315 742
257 89 443
79 241 811
219 216 596
176 115 459
120 257 752
84 370 655
423 256 739
78 137 823
154 94 871
287 396 605
188 105 849
225 173 574
219 379 710
37 457 520
310 57 440
331 269 538
141 402 424
14 383 408
289 381 822
398 278 726
128 131 945
257 448 670
461 239 646
481 334 716
102 82 499
73 240 982
291 253 577
415 267 491
169 370 704
276 212 707
36 42 971
408 215 439
344 6 794
268 157 611
109 161 614
206 179 940
460 390 901
464 157 861
332 132 753
143 25 766
295 193 662
213 242 536
486 387 994
491 71 660
176 127 505
19 198 774
456 314 509
270 445 509
415 350 435
447 431 424
298 101 445
189 366 619
345 277 527
336 441 736
485 228 705
462 134 703
483 213 892
463 407 701
327 434 792
202 412 508
46 246 489
225 38 862
176 329 724
429 131 802
298 151 569
253 353 610
88 77 449
170 209 967
276 308 601
427 121 775
351 21 562
432 236 698
397 381 447
206 406 674
456 402 778
102 453 560
195 284 691
115 113 976
272 49 777
94 416 544
22 464 772
228 96 715
141 500 702
287 19 763
195 155 712
246 448 738
469 441 766
344 295 986
299 411 696
449 496 704
9 38 834
88 209 649
491 420 981
227 87 462
477 168 739
367 497 545
58 196 981
155 261 466
472 3 582
487 42 871
213 331 641
330 165 853
77 146 918
395 187 756
1 414 563
352 467 901
471 142 898
131 225 653
473 323 961
91 11 685
248 187 964
435 368 753
214 371 702
128 268 853
172 39 973
184 427 593
459 150 539
4 424 701
170 98 953
12 465 560
227 173 712
381 272 816
222 234 796
87 488 873
323 71 707
397 374 789
28 222 421
395 319 757
44 233 419
486 207 445
299 211 709
270 252 646
360 169 458
485 372 763
457 332 790
118 16 512
151 390 887
376 292 715
346 301 905
75 146 512
408 272 623
287 484 456
162 381 921
326 337 791
428 53 749
311 31 721
493 251 835
100 48 637
484 155 758
249 376 580
6 184 961
161 13 889
64 117 932
486 418 487
180 14 596
15 206 806
229 349 539
202 315 564
454 458 857
209 83 829
414 70 527
181 163 679
342 484 793
432 494 885
64 478 958
443 99 652
462 136 695
399 361 890
170 101 663
127 56 660
449 361 810
464 307 468
61 395 536
272 56 815
248 187 609
71 471 639
414 131 959
120 249 784
403 438 998
2 143 733
325 235 666
36 167 983
207 0 826
447 34 561
464 201 439
244 77 714
400 6 845
42 75 829
317 156 582
360 275 536
116 333 742
488 75 555
191 232 650
194 227 712
323 106 833
358 442 982
354 488 957
319 299 455
490 381 807
263 322 445
56 147 952
90 146 478
96 123 993
289 355 737
485 388 780
492 159 724
126 268 660
459 455 447
459 78 973
49 44 424
261 16 568
379 251 699
497 473 947
189 16 516
491 282 635
8 72 812
218 283 956
406 314 686
67 232 433
316 310 428
275 500 626
252 222 699
123 236 829
206 445 630
415 161 493
488 137 613
487 164 452
373 473 742
182 307 693
451 76 794
384 238 882
105 111 827
216 149 915
462 412 467
8 191 479
224 58 861
401 129 553
375 334 404
491 440 428
169 258 933
210 89 926
316 16 470
119 150 443
147 83 930
287 121 421
12 25 872
326 100 506
294 9 520
461 244 969
73 424 595
192 42 483
340 482 893
388 51 561
28 117 583
20 127 850
203 17 707
201 57 932
29 31 620
203 127 798
265 256 572
130 430 418
126 217 687
23 301 754
271 401 508
461 328 416
286 172 850
193 74 718
362 16 696
31 245 517
374 235 622
435 403 896
365 476 669
410 150 436
406 454 435
246 218 924
471 112 425
281 373 500
397 292 514
416 411 614
438 76 482
256 461 859
480 325 477
365 11 941
437 497 512
141 438 551
436 353 922
408 114 900
434 172 611
141 185 492
55 374 697
140 347 492
187 305 640
435 84 847
464 323 668
59 315 818
102 369 948
27 387 945
78 53 709
0 374 486
58 62 954
222 196 512
346 312 633
352 205 550
396 306 657
342 31 563
337 431 902
170 177 947
462 311 544
174 475 404
461 266 463
426 60 644
64 39 832
183 306 845
383 283 514
15 326 667
163 191 424
382 423 827
95 206 625
142 206 524
266 68 718
280 53 949
439 498 468
304 109 960
416 403 957
33 382 600
165 271 899
345 163 535
480 430 843
117 159 945
168 58 763
81 472 423
458 74 841
367 39 593
325 437 482
442 421 792
222 209 769
0 15 553
444 257 555
52 44 925
390 408 586
189 62 515
128 172 877
436 230 609
217 139 773
84 61 607
319 203 502
115 348 839
187 221 469
178 225 497
462 345 890
390 317 745
326 240 538
183 201 897
324 103 562
206 360 931
20 173 552
494 284 755
321 214 562
266 77 446
365 454 566
54 107 711
194 267 966
98 219 873
463 323 414
71 199 699
150 276 755
92 13 549
72 187 711
78 368 588
160 481 886
379 351 646
461 86 912
383 392 488
127 9 535
147 157 900
8 447 996
221 429 630
33 145 875
121 487 797
270 129 468
436 91 911
91 118 422
160 347 509
27 3 1000
277 17 984
407 144 819
217 391 537
170 401 559
369 316 965
321 366 907
394 17 671
464 407 654
268 122 942
455 63 781
201 476 525
379 485 535
70 337 623
403 349 716
194 74 845
455 79 774
348 23 826
487 316 483
284 204 725
277 348 734
387 70 705
439 218 487
75 159 843
212 201 499
47 110 732
415 398 468
106 23 476
387 129 950
445 441 763
496 379 896
57 61 915
402 183 992
199 396 691
46 80 816
123 186 536
213 404 723
229 235 709
114 48 651
284 128 928
360 307 781
460 353 973
254 205 449
447 259 517
279 438 597
92 405 585
432 451 581
128 428 996
182 493 420
33 171 976
155 194 470
159 307 659
99 253 516
398 318 958
352 98 654
111 453 711
230 230 668
286 52 458
261 246 884
54 328 505
202 448 835
141 468 816
345 53 484
125 138 615
266 200 648
62 24 848
70 219 998
274 324 898
47 30 923
194 153 619
189 158 825
1 129 449
33 204 877
128 371 421
332 381 955
85 492 646
257 371 733
288 369 611
446 105 567
428 92 948
238 207 512
192 190 638
428 226 799
448 37 959
331 319 778
142 71 673
226 295 826
190 224 495
219 476 779
421 450 479
318 323 716
445 355 660
68 98 679
422 166 981
146 339 547
450 387 940
373 375 636
53 99 549
366 401 958
26 290 989
486 80 999
371 498 489
111 211 976
43 114 515
491 144 990
180 494 843
88 309 501
293 95 827
477 376 602
111 181 954
476 170 807
191 139 543
331 81 740
351 192 641
152 208 490
356 99 604
205 172 762
297 101 922
244 428 885
295 99 810
307 158 614
119 397 986
161 477 512
163 188 543
250 313 408
54 485 521
458 499 859
390 402 974
81 266 676
273 136 656
17 10 887
474 193 979
128 328 898
196 428 994
267 102 602
357 88 480
194 338 597
158 402 538
242 152 673
32 148 776
424 246 946
351 166 852
313 194 956
69 334 988
60 101 498
97 120 835
274 116 723
105 294 776
101 168 755
399 396 511
315 391 575
314 208 863
39 200 764
75 243 646
387 47 435
75 200 931
258 165 926
51 214 928
339 139 786
277 50 821
236 235 995
467 65 487
498 238 711
454 413 706
296 472 679
403 217 581
247 254 754
211 205 832
261 295 753
231 325 704
444 188 428
21 455 727
239 230 527
463 144 627
251 107 506
343 123 620
336 440 867
237 178 644
215 84 895
263 435 937
292 323 808
445 373 783
99 142 715
470 337 457
216 465 505
233 290 656
255 237 579
379 366 581
433 293 406
287 494 991
389 117 690
303 169 663
162 328 667
92 50 480
129 97 612
97 50 509
85 99 566
419 302 864
304 152 930
30 232 551
451 262 655
302 285 473
470 178 785
227 106 566
314 352 885
163 395 868
450 391 576
373 190 612
333 273 838
111 446 456
360 108 608
73 52 801
459 485 511
322 193 454
139 56 896
147 437 668
351 321 970
451 35 538
216 165 517
195 418 529
336 444 731
440 243 870
187 75 783
160 257 709
87 338 656
353 350 652
473 135 828
60 110 862
462 346 514
225 52 582
280 61 868
204 298 908
481 71 457
431 471 627
137 371 856
16 329 538
42 196 604
263 469 590
159 402 973
153 428 562
418 93 818
330 385 905
259 140 581
10 175 496
142 426 650
223 500 906
65 60 442
154 409 919
110 384 776
281 351 850
371 500 704
285 216 504
50 114 659
34 49 702
399 441 562
387 460 893
478 481 790
125 293 977
375 370 460
396 355 418
28 362 862
454 46 810
226 134 720
296 488 957
222 405 496
173 212 749
137 202 697
105 442 508
483 428 564
269 137 599
320 227 509
363 458 464
5 388 507
259 484 436
309 10 470
107 91 848
416 263 534
173 181 799
75 417 419
23 226 850
250 350 722
91 455 770
78 189 678
133 409 873
47 146 400
305 394 770
295 141 486
446 153 887
21 286 503
192 69 505
223 370 661
312 147 991
301 133 774
400 490 609
143 332 857
173 470 679
330 492 863
334 247 731
312 42 601
371 311 708
82 372 501
69 353 524
389 247 994
147 253 780
156 92 438
76 459 681
80 418 543
485 366 458
386 294 935
12 227 778
476 328 595
153 340 469
215 79 837
89 448 859
184 3 811
85 56 558
211 497 723
424 308 850
273 346 926
175 101 411
186 434 718
97 418 874
481 357 679
178 95 858
500 401 676
116 195 777
104 367 796
54 44 784
298 203 846
134 244 551
470 72 673
206 78 836
401 318 437
180 315 821
360 36 773
94 170 796
446 100 437
399 427 780
15 124 969
443 292 511
45 71 579
451 208 408
376 264 562
62 357 521
218 28 844
469 195 435
271 68 547
393 238 897
370 152 608
228 500 414
279 165 858
77 140 598
499 178 580
230 3 602
284 118 608
223 137 536
124 443 708
481 211 753
469 316 480
489 202 494
115 229 642
472 2 686
315 54 437
418 43 469
259 39 683
127 394 987
62 364 437
70 49 783
493 174 477
85 66 430
226 66 442
378 383 870
89 61 848
401 206 639
383 364 566
131 288 777
215 268 623
468 230 682
161 375 442
497 315 516
456 430 550
434 98 415
63 232 559
140 327 460
341 16 975
31 284 542
351 465 712
153 316 507
274 56 460
450 496 407
374 233 582
304 470 611
291 462 576
318 195 477
37 292 768
264 425 818
240 389 568
334 195 488
214 497 528
440 107 827
417 181 696
181 11 507
344 50 795
404 355 465
285 140 584
86 167 651
322 146 892
37 109 963
46 462 985
13 365 528
483 454 626
116 446 558
406 306 671
176 250 568
150 85 863
272 119 705
128 22 545
46 498 906
304 76 892
115 20 650
465 420 931
112 349 582
220 186 893
280 484 646
214 72 830
306 185 932
80 163 640
454 346 533
473 285 718
21 203 776
237 394 749
402 498 703
465 86 457
481 336 620
225 245 444
270 483 876
270 81 887
105 201 418
264 146 407
155 354 452
261 475 644
235 116 1000
423 496 920
11 239 763
60 84 486
227 98 821
70 19 585
200 463 875
276 427 948
317 455 414
489 337 551
127 16 878
420 191 543
334 177 633
481 181 599
461 110 962
413 312 740
12 341 941
142 343 636
294 473 863
190 449 717
295 115 656
491 263 427
465 268 868
478 466 648
252 279 628
133 199 994
426 19 756
471 50 699
486 3 859
304 244 905
355 219 825
456 0 579
353 215 948
93 182 525
432 116 687
351 467 631
389 221 567
461 166 967
465 53 837
450 489 949
25 91 710
201 479 528
73 477 726
137 153 482
232 80 651
286 38 736
14 202 565
71 317 603
267 340 691
298 352 745
391 166 782
6 463 417
265 94 636
176 144 517
272 45 581
448 321 479
32 296 859
133 150 630
448 497 417
136 166 568
164 448 570
203 241 597
378 204 558
304 380 467
36 97 940
167 403 853
41 217 872
347 200 844
324 268 508
470 399 822
497 110 914
415 197 737
284 167 963
251 79 592
43 454 967
291 223 813
500 365 552
135 401 844
223 243 890
363 299 996
384 133 584
368 207 857
97 315 911
377 334 602
8 78 834
405 154 846
217 268 741
385 381 445
34 53 627
91 175 616
147 373 619
49 451 748
468 117 818
284 314 591
53 166 597
296 105 975
321 439 918
347 182 926
211 85 799
132 328 601
367 256 557
255 418 404
158 140 930
325 256 609
21 352 658
286 12 476
126 258 564
497 0 868
65 329 468
30 207 464
465 80 631
14 436 415
15 493 520
44 363 929
117 453 432
254 415 931
248 381 787
386 463 609
410 246 634
236 431 909
36 62 685
373 190 931
66 322 696
142 422 803
3 309 415
109 22 702
105 430 423
249 398 916
482 397 730
377 140 772
27 422 657
366 334 724
303 117 676
400 305 494
457 398 457
286 458 587
446 132 645
494 28 834
121 303 484
471 297 578
412 30 834
98 226 601
441 313 627
89 410 916
59 95 898
72 480 631
269 140 673
413 68 674
250 45 631
316 128 717
224 260 784
284 208 502
309 3 861
346 342 505
119 410 426
342 23 455
410 203 480
122 370 883
356 199 505
156 471 880
71 187 945
359 336 906
374 152 987
175 327 605
327 136 560
314 155 618
285 448 762
44 378 743
498 26 449
398 294 495
96 217 675
462 82 619
13 198 756
63 493 495
92 197 963
268 144 784
240 86 954
357 419 829
2 457 641
310 327 424
361 445 819
163 330 492
158 343 892
425 411 595
91 278 956
359 191 736
379 250 485
329 169 472
224 69 479
146 75 967
237 207 646
9 54 592
90 232 973
391 238 542
253 307 435
203 455 720
139 482 695
278 15 545
58 201 583
422 144 512
361 96 568
194 167 951
497 383 743
124 353 510
278 350 430
470 192 913
265 370 601
460 109 890
256 46 603
416 399 649
277 34 417
298 320 543
405 76 492
272 441 494
18 375 749
348 468 514
25 0 400
130 477 536
370 451 675
132 170 973
240 217 424
127 355 817
118 259 405
163 406 737
116 106 702
164 8 716
12 296 855
339 59 748
165 77 753
5 241 574
15 60 944
349 218 819
127 147 528
52 339 972
9 181 761
196 196 559
83 38 763
403 297 533
102 474 657
179 396 976
81 161 904
335 259 983
435 78 901
434 395 626
242 68 467
476 451 702
197 222 997
360 341 484
146 420 866
315 184 633
77 88 487
258 275 892
14 305 860
410 132 433
479 72 921
475 245 768
313 418 762
247 239 472
226 454 403
330 303 494
138 81 859
455 484 560
219 106 627
211 374 961
434 207 486
487 236 556
429 489 448
455 277 668
467 145 481
20 36 911
12 336 443
32 223 664
256 349 741
387 361 420
230 203 830
127 199 888
152 294 929
473 365 694
195 397 717
475 300 861
91 378 479
153 182 651
272 434 715
443 362 809
241 256 937
417 398 415
48 152 623
40 365 929
268 352 775
29 494 958
270 201 662
28 185 445
230 98 731
324 411 743
251 315 411
15 3 733
460 19 716
334 245 429
358 91 523
390 355 451
51 346 832
329 199 413
343 223 677
109 415 698
481 487 935
151 325 596
100 403 928
410 188 505
441 149 757
428 44 594
270 110 856
482 180 748
60 79 925
180 235 725
469 221 831
212 130 949
251 47 535
198 273 920
242 31 794
327 390 711
111 323 671
233 362 528
139 268 889
78 33 920
195 468 602
234 272 797
487 251 872
277 14 752
180 446 631
384 403 718
364 283 751
369 223 732
119 319 847
252 163 756
283 448 500
180 68 579
295 375 530
141 475 674
154 299 564
449 245 455
175 349 820
393 176 661
301 278 551
193 317 794
431 99 658
351 102 927
242 102 591
125 296 813
316 111 805
282 414 923
137 489 547
285 366 934
258 153 984
172 102 679
155 236 822
281 366 994
63 286 931
411 238 880
433 412 474
433 175 659
83 95 751
19 212 653
57 377 638
256 12 688
170 330 867
401 439 982
223 296 805
119 70 565
40 154 442
141 458 921
241 226 727
45 237 821
54 469 506
469 496 885
447 494 775
432 135 557
448 136 757
329 270 448
479 477 497
43 53 780
273 19 837
429 500 791
368 351 453
235 389 599
214 109 693
297 121 414
402 90 534
375 96 898
223 460 880
245 261 420
73 212 699
177 80 650
261 42 451
380 150 728
232 309 756
381 437 731
197 84 958
36 62 960
27 23 978
1 78 426
179 139 757
324 205 509
266 156 953
231 311 621
408 62 672
276 476 862
316 104 851
30 206 630
145 6 625
352 424 520
269 80 659
361 480 704
321 43 608
218 371 769
207 199 537
363 13 906
347 139 545
304 250 931
249 101 675
347 14 983
230 340 666
269 306 692
315 265 619
421 263 603
483 178 852
149 298 612
204 162 942
305 178 716
410 376 589
358 336 968
146 104 991
27 419 597
159 82 745
17 137 759
3 166 657
448 135 904
212 164 616
332 479 550
155 189 785
178 201 579
35 330 954
333 412 840
132 284 914
445 322 760
358 29 913
42 31 887
78 174 457
342 472 938
78 371 649
254 109 598
421 21 751
453 239 447
20 359 464
477 366 526
111 241 984
48 154 977
379 118 786
93 294 529
358 150 726
411 111 774
11 290 694
497 288 947
66 337 875
280 32 401
216 295 964
496 88 713
350 306 633
331 395 413
398 304 895
395 330 962
470 97 928
494 46 939
239 104 574
12 289 411
99 121 510
16 457 692
205 490 470
390 356 522
481 132 922
362 30 924
341 468 867
400 483 664
280 24 780
110 243 636
435 314 403
129 467 804
450 396 637
340 287 949
454 422 918
306 312 506
204 405 413
321 404 991
4 96 980
85 296 830
364 234 723
50 373 561
241 49 455
399 218 882
411 231 925
297 16 480
443 255 828
153 161 601
120 92 667
312 478 808
51 128 527
247 434 503
325 61 695
238 150 542
330 299 592
7 449 840
340 161 553
236 441 742
132 233 947
340 292 485
447 416 706
494 338 839
274 460 479
48 297 612
368 422 818
240 491 518
75 456 491
307 35 832
222 488 698
488 29 415
139 127 766
460 466 519
478 80 403
333 243 894
120 27 763
396 245 778
262 171 787
128 335 704
298 405 949
276 315 544
338 441 959
452 417 973
447 474 688
376 265 671
246 127 487
422 428 646
189 98 835
415 146 414
259 161 577
324 59 449
207 185 504
225 16 820
310 308 821
310 419 541
222 282 608
448 318 663
36 86 943
302 59 601
291 406 857
411 380 628
225 282 488
485 322 402
190 282 943
13 141 444
247 50 569
83 487 510
0 410 879
206 98 428
413 292 571
467 498 686
63 281 445
354 111 457
297 414 689
243 150 580
383 211 928
379 90 987
292 63 774
118 7 629
38 106 547
372 489 483
189 476 592
453 286 729
376 453 944
89 485 669
368 61 684
159 78 902
36 10 470
365 378 691
267 105 442
406 450 984
396 37 725
302 320 625
97 108 677
234 238 973
96 298 670
344 276 828
474 140 783
231 490 779
210 295 936
344 67 594
18 77 907
91 320 640
456 338 749
154 148 834
144 299 784
294 368 489
55 462 917
155 361 431
148 139 553
480 40 644
476 208 406
356 458 899
88 40 671
257 122 671
16 414 482
221 466 775
174 17 451
290 416 710
436 492 431
421 305 620
171 469 778
464 372 463
274 183 515
130 357 884
483 490 902
483 266 620
409 411 593
231 81 548
325 50 964
188 65 924
497 23 986
406 391 433
75 148 872
475 388 654
115 488 522
165 177 452
358 463 824
167 147 992
332 34 880
216 38 658
489 122 988
267 445 886
224 364 417
44 57 467
296 16 761
445 284 424
498 361 471
156 196 608
239 226 744
266 447 457
194 148 698
453 138 509
339 6 789
157 25 773
280 418 459
271 393 723
453 176 598
320 311 941
207 55 926
464 226 435
378 120 510
178 84 674
59 163 454
94 373 771
358 97 876
470 216 927
397 394 694
29 408 448
283 96 632
489 151 685
231 326 741
52 96 947
209 87 621
288 214 560
473 292 883
192 22 691
257 16 936
186 210 533
359 219 733
23 289 863
350 232 921
239 22 435
123 363 671
76 329 760
288 210 996
323 221 879
87 190 624
141 396 831
71 79 438
318 305 895
196 383 705
184 317 849
334 214 444
110 243 504
123 229 893
312 287 945
394 152 882
14 8 537
395 462 567
447 372 458
375 155 639
220 311 605
325 171 460
64 451 473
17 497 953
16 250 415
282 8 569
335 495 464
21 175 838
487 118 757
305 313 481
181 457 707
206 195 456
477 25 979
419 223 553
431 419 721
359 154 740
452 37 580
21 352 923
113 480 451
275 120 507
218 96 615
186 367 702
156 214 987
44 222 697
262 425 522
360 139 777
385 209 571
39 177 732
27 479 505
249 135 475
482 429 516
476 16 600
11 170 409
248 185 930
278 481 851
98 336 468
406 39 688
171 226 567
372 330 569
199 81 529
169 356 895
14 207 401
266 311 577
93 38 963
472 255 494
233 142 818
229 336 458
362 404 990
467 409 404
91 252 986
174 332 987
317 439 662
445 48 984
14 134 447
89 84 801
234 32 450
268 483 852
426 61 505
188 34 834
132 180 946
129 132 935
486 131 645
366 341 650
481 435 967
389 96 923
226 415 959
260 354 599
300 286 520
280 429 563
27 270 975
15 190 608
389 164 576
247 30 904
51 166 760
235 108 651
105 182 697
230 126 508
80 345 615
333 161 649
394 291 985
146 133 516
384 7 621
88 135 929
193 159 943
65 108 530
276 224 647
190 182 905
291 380 659
211 237 427
107 126 567
327 258 933
318 88 857
181 120 600
275 224 719
474 53 659
137 323 860
183 410 705
328 431 589
132 442 714
403 299 595
165 474 529
141 203 879
265 448 980
74 230 988
71 271 416
258 377 665
488 484 699
191 363 409
122 55 932
347 449 529
143 317 506
121 488 906
430 67 655
376 66 419
247 229 513
126 74 563
494 44 903
314 72 612
452 244 944
206 307 909
43 183 451
110 365 920
222 91 467
56 150 600
44 462 998
87 304 776
362 91 651
114 81 471
441 411 599
462 238 976
316 471 608
141 429 850
441 151 565
203 46 785
270 431 906
467 405 987
129 10 887
471 422 736
246 170 717
218 377 879
76 429 728
100 489 659
392 166 901
81 246 659
77 101 852
229 408 529
422 418 742
472 214 406
173 32 500
253 198 962
0 468 524
441 426 783
440 43 616
101 106 469
163 317 624
229 164 494
161 474 903
302 225 946
224 138 636
329 101 710
99 268 571
179 140 761
284 307 659
482 472 877
492 287 631
354 355 402
416 13 743
314 214 848
77 447 927
199 155 845
141 290 814
237 352 806
312 112 852
342 158 836
360 232 666
282 298 872
327 88 570
350 104 768
385 325 613
425 488 414
101 371 725
290 17 993
167 228 427
184 440 974
480 303 766
430 168 776
134 64 913
100 67 950
133 198 566
392 220 970
122 204 436
208 499 694
89 494 486
241 9 750
395 221 838
288 65 510
292 334 816
256 273 745
61 437 820
394 220 727
130 339 435
419 434 747
84 472 453
307 499 718
399 265 674
224 139 681
123 105 542
29 17 975
295 451 672
375 114 401
80 319 495
271 244 978
113 307 512
120 254 993
395 191 592
491 311 623
381 478 936
384 373 633
178 113 450
137 343 439
469 308 586
335 25 630
453 409 602
23 483 999
191 421 589
101 445 903
413 160 703
475 371 435
12 119 710
454 27 576
386 325 764
131 399 682
192 474 582
106 69 528
241 57 564
110 407 626
259 266 764
396 152 999
159 397 450
116 343 528
4 222 790
120 87 865
414 78 573
237 221 528
71 103 991
13 212 401
193 422 471
42 364 817
160 464 491
118 472 755
185 366 579
476 415 705
144 72 683
381 180 550
465 236 484
337 91 964
481 129 933
136 207 615
399 494 925
220 329 627
206 95 603
228 24 878
423 0 514
165 79 587
63 202 495
234 33 824
350 373 877
284 252 414
116 134 901
138 281 895
409 85 521
57 310 666
107 359 866
369 390 838
284 132 649
264 301 898
482 32 530
60 374 952
67 17 525
488 453 628
300 411 725
323 69 781
65 245 892
385 91 481
168 485 801
173 288 609
228 120 915
384 60 873
275 487 945
61 60 994
200 144 871
415 228 579
192 105 957
348 140 996
47 244 915
61 326 842
301 23 981
317 426 760
462 278 933
481 213 997
285 171 813
324 382 673
61 277 686
23 168 620
348 247 417
138 248 434
272 156 510
158 395 720
396 453 854
34 187 778
111 89 709
151 488 750
241 413 552
481 205 452
340 131 468
408 13 440
68 445 781
37 89 787
366 286 567
191 466 454
326 457 847
414 416 755
23 290 785
329 1 887
257 390 443
317 200 554
42 169 877
180 335 551
224 457 471
376 316 834
203 135 632
147 155 768
347 454 603
229 39 446
211 149 776
363 458 980
244 27 980
437 322 436
349 430 886
161 92 923
34 382 470
414 168 686
400 97 487
480 321 885
34 481 838
358 177 955
348 127 444
13 26 970
260 215 447
304 486 813
280 89 752
454 110 888
33 143 502
261 397 817
23 220 581
430 77 465
388 307 584
156 313 553
112 174 934
362 363 705
351 265 452
85 115 759
461 279 895
479 395 616
85 444 556
196 217 539
237 321 554
365 168 972
115 488 962
102 20 664
449 486 828
431 322 493
408 352 988
48 426 794
127 463 999
147 331 759
479 348 669
499 273 700
109 139 865
214 410 728
8 294 445
500 231 588
431 104 403
230 181 975
404 37 907
53 407 580
399 254 717
488 366 739
218 469 894
244 294 930
495 114 931
4 230 549
35 100 755
64 32 974
351 338 817
107 188 516
477 332 573
448 311 548
278 134 638
147 437 865
208 118 481
88 461 979
218 169 978
118 140 561
1 435 861
148 257 502
126 76 558
346 215 932
301 242 546
359 393 601
64 148 683
432 420 784
410 180 550
95 75 956
458 381 660
255 283 813
380 172 461
0 207 403
365 18 851
171 367 965
425 383 739
288 205 874
184 143 443
75 325 985
80 154 589
17 22 931
39 202 445
376 64 915
271 387 955
469 14 713
227 64 776
72 360 565
260 355 461
127 92 888
159 343 448
255 324 749
180 65 886
188 4 476
339 76 705
342 118 770
459 470 739
363 492 465
401 345 516
227 416 681
309 98 439
372 284 535
401 467 958
361 22 738
489 331 802
497 104 538
43 397 412
129 132 798
421 345 409
165 157 946
254 6 895
263 188 510
135 226 704
168 18 822
232 87 798
474 24 706
346 133 961
303 473 555
6 498 907
166 160 938
239 468 672
262 274 811
478 267 474
485 175 444
439 500 673
33 477 958
482 144 1000
157 413 648
384 59 771
429 161 929
458 423 519
304 394 931
281 159 990
6 443 453
313 289 427
62 487 855
496 72 641
457 262 933
185 208 976
146 23 570
375 418 809
214 274 507
468 91 722
76 437 667
133 450 664
17 452 930
1 332 686
60 373 518
94 26 596
433 183 972
458 182 753
417 56 873
338 271 407
245 435 967
499 161 733
280 238 986
336 344 535
255 15 569
240 453 402
194 269 744
103 102 670
304 380 706
405 98 496
434 406 444
110 194 841
458 175 685
334 485 814
298 360 928
60 317 642
73 367 887
325 275 508
416 428 827
119 334 842
395 468 869
362 316 664
23 104 565
353 316 407
255 444 604
134 60 457
308 334 791
318 116 972
289 124 800
177 314 556
151 68 626
321 384 910
321 220 623
376 205 964
321 256 472
446 82 671
155 475 577
67 279 457
150 444 666
339 263 824
198 283 830
298 500 701
299 134 644
253 88 745
29 29 863
133 367 748
169 131 440
90 176 490
27 376 951
142 119 845
324 148 460
418 390 855
82 243 974
486 288 719
427 498 836
305 104 910
472 126 939
127 4 616
90 241 477
