46 364 741
104 443 945
179 188 520
123 469 810
182 244 810
445 230 461
253 99 603
56 167 669
167 73 522
75 368 937
357 317 639
101 493 430
186 173 636
177 232 947
421 497 416
273 37 480
181 444 596
131 162 528
48 206 503
28 91 696
274 481 707
295 76 665
379 469 929
11 256 849
184 336 617
18 321 806
392 458 957
173 169 466
166 470 891
211 301 432
136 58 424
313 408 785
461 20 679
195 257 667
184 280 853
14 247 691
271 306 961
77 62 436
301 327 465
478 69 744
446 130 763
432 248 470
297 54 571
14 378 659
252 373 979
78 247 740
394 190 566
301 349 650
8 475 847
407 171 890
393 422 513
482 262 760
34 237 950
179 90 902
431 401 707
401 496 974
112 160 431
264 82 488
195 210 739
251 20 945
152 460 514
71 36 854
165 375 848
473 314 658
43 56 648
329 415 609
257 150 788
370 396 984
127 354 858
258 402 724
164 155 915
482 110 517
10 457 569
464 381 923
60 207 753
87 409 683
237 22 825
103 238 847
297 494 757
270 194 951
189 297 642
229 337 688
145 368 735
166 319 754
102 367 570
325 215 654
288 290 935
387 15 859
386 59 660
36 314 493
483 414 956
79 440 814
170 307 562
442 468 492
113 115 595
47 303 587
16 315 480
163 89 677
36 339 635
334 415 963
486 116 504
445 301 544
150 242 909
461 221 524
237 248 871
289 201 918
408 93 780
304 421 553
233 188 605
91 46 930
500 281 557
150 184 948
66 179 450
155 474 746
269 379 965
205 440 571
432 284 871
431 145 842
155 163 980
17 472 870
215 369 762
261 348 689
304 51 682
463 487 780
61 257 692
390 377 498
383 124 696
228 338 582
458 163 932
86 226 726
375 65 506
263 83 802
36 203 756
225 133 547
328 256 432
166 332 962
10 223 898
47 112 787
50 3 582
195 183 513
28 431 431
377 393 897
21 189 545
183 213 454
465 422 946
296 28 498
88 116 966
491 376 511
38 222 663
390 489 555
111 81 779
275 361 890
456 20 660
405 116 742
181 431 589
153 354 533
33 357 679
287 347 972
442 339 763
394 315 996
464 44 620
392 270 597
131 343 974
452 448 506
390 237 649
233 34 436
328 434 905
42 164 700
380 282 951
332 460 927
463 482 762
8 416 889
11 443 854
442 13 823
223 2 609
457 355 855
457 53 911
365 380 721
179 467 767
395 195 714
486 400 584
434 363 813
242 322 710
245 116 557
131 24 872
149 281 857
170 311 887
0 245 890
223 266 949
266 312 858
109 303 765
98 27 673
35 320 908
402 336 405
219 497 455
68 408 479
143 2 451
161 359 573
318 53 787
87 428 960
316 359 445
140 218 685
360 178 516
192 301 619
114 335 556
174 300 879
175 250 649
229 286 504
485 280 645
294 300 591
405 205 731
348 16 737
177 305 737
446 212 860
116 457 797
114 112 415
286 92 966
129 194 753
240 326 675
106 76 643
496 493 765
235 326 651
105 194 792
455 88 418
351 36 678
227 54 431
151 475 520
82 114 791
88 426 770
318 247 771
398 266 647
313 478 641
216 326 486
274 143 451
298 279 438
250 474 785
433 121 840
3 106 911
422 3 501
246 343 434
454 402 961
20 92 544
398 153 581
236 406 993
35 294 613
144 259 752
335 300 689
132 39 672
329 17 537
482 298 480
135 300 985
236 67 513
90 73 812
156 283 625
389 295 681
360 274 525
446 22 868
172 228 533
37 14 987
26 399 693
298 495 430
267 316 758
229 311 595
414 33 562
28 62 749
28 418 527
188 273 534
119 5 933
293 422 747
408 385 636
213 139 417
408 165 709
273 22 949
394 268 595
74 459 917
303 2 662
328 153 881
51 405 937
409 213 786
172 348 652
457 57 521
60 102 889
29 371 416
410 381 417
178 19 701
196 375 816
291 405 590
186 47 684
438 382 729
196 312 629
165 91 471
221 359 624
137 211 709
154 266 770
192 96 710
48 373 885
202 395 580
163 385 842
467 430 541
367 55 568
209 182 703
472 46 655
199 335 898
239 424 962
310 372 654
183 194 686
120 424 861
228 244 826
255 456 669
464 348 891
372 226 912
61 192 443
151 19 899
178 162 510
82 291 698
342 205 743
154 259 744
208 135 485
437 431 837
288 69 746
113 259 872
74 173 931
119 94 860
245 463 879
342 50 706
41 40 913
31 310 857
365 467 792
378 134 645
222 367 992
185 84 949
242 387 504
103 13 474
116 480 724
104 376 989
319 406 849
412 431 463
497 397 483
305 76 525
126 47 798
123 273 656
277 344 604
300 465 977
372 5 798
8 341 756
83 423 424
277 77 669
164 6 427
156 244 901
174 151 853
282 211 652
470 242 613
54 464 592
255 334 662
149 287 689
365 72 498
419 243 711
317 284 615
372 164 588
25 171 614
106 498 553
337 101 751
182 40 661
46 274 512
113 396 934
120 44 936
345 19 933
426 488 639
36 447 793
136 0 813
286 14 776
140 153 575
248 266 860
496 233 730
195 82 673
161 286 559
135 322 910
350 484 550
173 298 837
497 293 944
70 405 986
28 272 515
417 59 865
392 276 978
476 297 922
460 188 784
472 385 414
68 402 943
42 125 508
27 202 827
168 322 612
25 416 547
206 299 939
138 399 831
149 169 879
23 488 993
93 416 843
279 337 462
490 361 645
383 492 562
187 132 968
485 205 425
487 110 958
334 242 461
365 482 481
171 318 652
290 161 790
365 24 861
145 232 584
392 209 687
323 161 486
137 72 425
334 324 462
436 407 685
12 77 624
389 222 767
184 148 814
428 226 972
322 79 463
461 36 414
415 453 865
6 3 731
480 206 722
93 306 511
391 250 423
50 118 723
308 56 552
135 487 655
50 479 943
365 355 915
403 128 484
3 78 744
218 92 668
431 185 655
179 84 730
335 57 932
467 392 711
63 86 780
118 362 589
7 191 942
231 59 939
237 7 682
86 389 648
205 182 936
200 379 998
294 58 982
33 338 549
50 137 909
51 13 981
37 371 699
279 333 591
450 290 794
380 370 808
64 47 520
230 312 516
144 373 704
6 454 550
462 329 508
236 382 439
372 128 976
253 111 641
261 210 863
416 194 985
224 301 789
417 260 538
31 199 503
190 68 733
126 6 454
374 153 921
282 127 767
280 170 854
132 50 976
132 441 950
251 427 844
146 137 936
365 125 791
56 262 802
467 11 731
294 326 599
186 38 693
154 17 504
369 288 441
352 194 858
320 45 531
465 405 948
52 468 400
406 421 650
297 56 879
458 420 701
415 315 690
8 403 711
393 93 905
328 256 599
449 312 447
65 61 438
276 249 684
436 424 416
104 311 868
402 186 760
322 261 658
361 116 556
94 19 404
289 426 543
395 281 908
325 465 955
449 62 477
248 388 803
261 82 632
112 483 649
291 206 828
191 416 901
261 496 909
21 98 713
19 267 852
329 450 969
105 439 552
325 278 880
275 17 933
332 162 721
170 95 400
290 266 969
465 345 940
375 240 425
457 299 613
230 154 639
344 201 596
124 330 607
188 38 554
195 473 954
204 143 499
484 305 956
419 290 430
278 451 604
303 248 888
72 14 565
137 460 703
291 29 703
106 487 725
343 396 907
464 216 790
326 42 776
96 378 817
449 208 924
500 20 953
183 164 828
191 435 438
480 469 743
84 25 894
449 3 553
153 83 933
140 93 502
229 115 414
67 74 644
3 216 950
287 202 639
452 483 929
284 301 612
222 87 803
407 88 884
3 494 922
386 236 931
76 0 689
143 249 688
373 55 900
31 83 867
204 407 582
265 43 502
152 270 927
343 126 427
238 207 676
409 447 748
482 451 642
62 452 948
202 24 999
303 93 890
111 350 811
296 270 940
389 432 671
31 144 529
1 27 960
316 92 891
500 349 547
46 204 837
395 325 635
289 344 903
88 197 631
307 13 656
226 289 541
244 280 538
338 245 917
108 192 946
486 293 512
54 257 618
165 352 796
480 46 732
295 410 752
454 431 617
83 412 491
347 287 418
372 382 492
50 239 658
352 328 672
108 84 831
135 42 536
87 455 959
191 236 729
187 307 674
272 393 673
189 499 657
16 318 512
283 109 617
72 403 670
289 446 953
200 198 608
51 499 793
11 362 683
350 71 970
277 498 700
357 418 507
387 268 514
79 30 609
99 189 740
368 254 798
317 361 980
211 132 538
44 437 727
458 178 422
452 244 657
130 39 674
77 381 847
100 215 667
151 81 874
233 157 940
454 377 414
405 231 470
87 486 788
371 353 901
357 67 402
137 488 802
347 322 555
143 176 664
317 258 672
437 177 847
50 112 451
260 369 907
342 97 485
69 375 533
254 95 721
184 5 618
325 379 453
350 444 641
467 139 760
488 5 998
9 136 843
201 291 576
325 249 418
138 211 998
82 17 759
173 97 767
149 163 555
307 129 441
466 325 954
379 155 970
289 20 574
283 435 600
428 386 648
423 85 782
385 169 574
85 397 601
223 420 403
400 300 695
213 221 614
64 392 559
382 312 694
90 183 587
180 386 710
159 326 592
50 171 679
188 353 417
423 295 418
219 495 506
200 136 806
278 115 650
444 344 604
193 186 771
151 168 795
451 58 592
496 241 938
251 87 991
415 429 457
208 422 660
305 242 880
482 71 615
289 269 860
301 271 637
259 3 827
292 215 448
421 229 689
393 181 728
107 194 596
361 120 762
112 26 860
315 414 789
128 105 658
272 372 680
401 233 687
128 377 709
415 171 643
8 356 631
105 452 781
30 439 551
222 198 904
360 304 604
105 449 563
39 280 881
224 146 448
388 244 591
386 403 580
343 76 654
157 489 593
225 78 408
65 83 624
410 144 986
320 422 612
61 181 982
242 470 453
348 141 945
318 105 774
71 472 676
276 19 410
467 168 714
66 295 579
150 300 805
172 253 934
29 324 813
166 337 598
11 78 498
454 270 809
292 64 725
255 424 454
377 276 693
395 329 938
406 313 548
386 252 953
119 413 924
9 155 861
285 139 908
32 374 739
284 237 490
403 481 664
498 284 450
383 346 437
142 119 704
343 456 873
135 28 531
412 456 689
431 188 415
147 12 475
56 74 891
166 236 644
244 374 503
300 58 834
458 350 612
305 135 584
499 473 815
277 261 713
344 281 878
469 300 918
137 305 626
470 111 528
11 285 673
66 446 515
226 438 729
72 471 659
35 442 708
429 187 974
309 84 465
25 145 520
445 321 945
140 171 851
412 89 849
202 435 621
100 301 524
61 477 609
480 25 729
89 354 762
219 24 920
270 325 591
185 244 815
196 88 807
476 387 471
354 270 809
481 226 578
0 139 436
168 318 875
349 409 739
247 354 734
476 19 455
361 164 596
234 357 612
88 249 966
229 358 700
33 180 740
203 308 668
474 397 840
295 431 765
416 75 980
329 487 959
361 342 974
480 268 716
210 413 728
273 402 417
117 96 507
193 308 910
414 460 677
75 489 653
70 345 794
360 438 942
78 256 819
407 454 611
94 84 726
215 175 509
272 52 434
58 323 609
402 454 604
249 101 818
412 430 966
27 297 580
281 234 860
35 119 952
21 460 976
360 240 775
299 24 495
52 130 767
340 244 786
313 462 714
366 105 922
194 489 911
118 256 923
141 438 709
81 435 993
301 55 717
325 383 685
233 52 595
241 500 938
454 69 700
60 391 904
231 422 469
346 356 957
360 237 865
285 150 796
462 35 459
98 297 454
205 389 844
214 196 866
330 216 677
241 188 674
474 234 944
324 453 543
241 389 432
376 271 958
253 477 659
53 9 725
94 399 423
292 490 718
130 352 1000
304 44 472
315 457 449
485 325 901
197 500 801
465 161 735
94 349 500
135 25 966
323 237 559
407 183 728
83 164 793
391 165 977
54 405 965
461 212 599
34 355 748
457 328 776
400 326 564
344 411 585
14 205 673
351 12 421
204 177 935
63 457 453
59 181 905
207 402 425
188 124 579
480 224 719
418 433 680
111 392 573
460 302 898
486 419 419
47 78 581
412 11 794
28 10 680
22 274 402
340 102 608
29 88 974
245 344 792
254 437 984
225 422 939
481 193 641
264 190 429
418 378 847
383 44 632
187 44 967
54 204 573
278 98 591
92 280 950
106 324 833
323 413 413
362 495 993
382 428 844
214 10 818
254 29 825
2 411 642
96 17 534
43 464 405
190 334 403
487 237 963
215 450 488
416 345 655
370 212 604
231 54 846
263 367 533
248 10 908
3 30 697
379 420 481
56 430 560
154 408 755
396 449 833
268 439 776
364 82 955
265 428 729
131 279 866
99 281 549
316 260 688
469 149 612
111 109 884
185 110 734
377 451 508
488 308 459
127 344 581
52 305 878
265 195 832
127 421 416
46 355 409
266 127 996
209 105 781
240 219 960
3 91 928
84 288 554
352 326 752
295 293 606
354 154 605
313 46 510
174 450 775
123 10 478
198 97 451
444 399 870
406 338 652
160 488 588
206 106 802
126 436 597
106 338 804
223 52 406
287 222 429
447 350 932
160 87 554
307 108 606
9 44 712
377 317 871
196 321 864
377 128 690
295 463 723
329 221 713
146 397 610
391 255 909
31 329 992
299 214 731
174 272 882
195 302 475
366 80 911
69 329 755
390 286 643
199 103 626
19 313 533
278 246 440
214 278 876
220 154 711
104 182 989
329 121 550
60 383 888
168 389 706
3 141 651
286 196 966
474 111 734
