423 375
467 280
87 377
153 78
455 241
485 105
80 160
86 314
483 291
430 365
166 120
353 498
473 83
9 38
488 121
303 371
417 118
451 191
158 400
127 477
171 351
127 92
50 77
298 459
412 406
259 82
256 4
168 381
47 384
255 353
471 457
443 137
127 313
5 191
435 389
125 284
259 81
189 82
413 177
7 363
243 448
438 137
137 386
79 294
389 83
202 207
308 411
280 394
163 50
418 483
27 279
176 459
43 47
146 139
479 36
317 76
444 90
460 159
382 289
498 383
366 318
73 407
361 353
222 36
464 320
152 46
262 86
428 284
146 186
295 437
68 214
433 317
484 246
139 46
117 294
202 350
188 238
16 341
46 70
179 81
176 438
120 258
370 274
269 213
136 76
311 331
101 50
79 275
288 146
193 150
396 461
175 367
408 493
146 336
270 172
416 432
379 343
241 93
391 308
82 301
239 434
425 315
154 212
471 488
288 273
250 97
252 477
254 10
455 401
185 47
248 275
301 428
348 381
190 461
26 146
244 192
199 161
99 5
29 374
31 65
323 174
229 482
112 494
249 335
351 404
136 452
185 171
54 413
425 138
131 301
157 166
8 196
83 326
442 180
300 160
226 343
159 110
287 51
486 401
315 436
458 226
422 210
430 469
258 135
133 421
476 266
125 273
266 310
135 235
392 310
254 155
225 277
392 211
435 411
226 418
189 145
355 416
361 120
97 130
70 346
428 29
201 35
171 483
13 24
391 307
252 211
134 499
218 36
275 233
38 217
378 344
219 188
435 180
325 125
258 315
416 276
495 128
35 3
84 79
370 196
103 419
82 7
491 253
286 230
382 229
352 41
39 374
368 449
41 150
187 316
164 403
88 40
166 332
419 480
32 21
307 286
49 107
31 305
490 116
4 255
316 428
177 485
126 364
356 68
113 187
128 79
423 453
235 448
81 368
452 185
409 202
49 361
434 445
90 415
179 295
120 271
376 162
266 2
497 433
470 249
393 332
40 384
261 174
345 119
351 175
124 427
74 473
266 470
402 383
200 228
315 140
8 454
131 212
200 286
411 487
191 457
344 378
336 229
89 484
365 492
217 213
276 458
302 80
176 42
381 85
469 413
114 235
148 60
271 193
335 482
57 33
15 464
133 60
415 254
189 121
364 314
227 258
88 331
256 420
319 239
158 497
179 295
372 315
238 256
28 73
21 421
184 136
30 81
304 153
347 285
268 384
223 415
64 299
24 223
403 151
220 207
287 350
15 344
127 94
387 267
9 381
26 400
227 172
111 49
371 464
360 150
17 276
371 418
373 278
490 172
366 164
174 366
452 284
444 162
412 431
164 153
248 34
187 468
463 179
131 133
30 62
199 335
334 322
72 83
37 262
405 72
339 228
119 177
154 227
66 320
7 417
122 117
335 69
379 389
148 439
405 449
466 6
155 363
94 406
403 310
39 491
323 130
42 479
234 302
118 356
19 377
148 48
259 406
284 484
230 404
289 448
108 295
116 7
58 266
381 212
236 32
104 356
317 14
452 198
390 297
417 100
494 135
228 352
270 119
56 445
77 326
122 457
28 498
453 117
329 478
403 471
69 165
371 148
171 351
290 105
152 69
466 445
226 398
175 15
66 291
354 46
406 155
265 260
475 391
265 394
262 457
451 20
426 163
328 47
265 397
169 277
188 346
299 332
237 20
252 476
484 433
467 33
315 380
324 254
108 45
59 152
194 223
266 120
405 249
364 54
85 261
43 268
278 297
157 242
204 166
312 311
22 13
455 341
430 481
277 366
360 81
160 120
258 276
0 237
469 431
389 209
399 397
34 426
273 35
333 163
449 141
172 334
82 151
78 99
188 420
298 182
339 491
363 218
267 356
451 195
172 134
148 53
6 489
452 436
246 148
166 19
178 60
462 166
341 289
257 239
405 287
285 275
68 21
295 254
384 25
187 228
211 263
194 94
153 424
345 132
336 193
293 374
315 61
142 160
42 97
293 138
6 434
147 156
320 476
102 476
473 450
374 179
156 443
106 278
217 500
363 154
301 26
74 324
465 386
378 462
82 289
371 97
1 227
399 208
10 399
377 21
469 386
176 497
442 7
373 172
361 486
108 77
201 277
262 323
111 58
99 400
363 306
475 288
327 153
242 31
102 260
313 473
428 73
121 148
267 392
359 36
428 182
113 412
310 144
33 106
340 320
478 380
102 172
181 379
203 384
309 37
44 269
479 215
161 99
443 11
373 492
492 494
133 139
241 183
136 5
98 50
424 187
204 287
363 135
368 273
283 273
256 379
162 336
69 23
495 204
2 453
207 29
235 110
352 488
465 377
259 451
429 149
405 102
250 257
73 274
475 402
24 490
65 322
227 137
58 315
375 188
232 98
131 237
2 7
249 304
65 72
196 176
441 68
146 486
474 442
439 111
37 179
313 103
475 324
112 165
311 289
380 186
271 442
232 194
341 31
439 147
344 59
459 320
114 222
31 59
199 163
83 276
364 240
121 120
127 292
394 319
303 370
436 495
396 475
21 351
202 432
54 195
386 138
149 40
127 455
28 460
370 248
419 399
314 115
28 145
345 278
205 387
373 424
478 358
53 242
182 133
31 95
335 202
197 472
187 494
105 261
317 13
332 191
374 452
393 390
116 259
14 485
433 366
162 69
396 49
487 468
66 159
417 52
190 109
329 9
345 265
249 453
388 53
71 371
212 151
291 63
18 224
453 85
138 147
456 495
362 312
131 224
473 17
273 386
288 2
136 266
496 249
105 230
153 335
308 193
292 133
90 127
175 17
67 360
354 32
464 34
32 172
34 214
278 172
476 420
383 151
89 279
117 187
133 22
312 51
154 243
254 192
351 378
175 392
459 188
159 120
380 369
105 19
204 299
450 371
256 320
475 371
136 171
32 175
377 385
301 214
341 408
50 269
251 254
118 381
153 259
337 487
341 368
199 247
391 380
185 464
380 106
320 287
3 119
168 115
393 381
327 342
387 160
335 109
200 179
452 359
298 382
27 230
3 82
143 75
344 223
229 160
265 186
224 157
342 3
229 333
44 214
377 243
145 334
242 66
35 430
197 313
458 101
46 39
85 433
305 463
130 8
1 494
43 326
10 248
203 132
493 333
458 233
142 365
416 261
403 396
70 145
210 296
428 321
295 290
353 97
105 125
365 417
442 390
362 117
189 265
433 275
140 362
141 415
350 438
83 255
31 86
154 37
113 91
147 89
366 467
467 235
289 168
345 271
368 73
332 442
447 356
428 460
242 325
384 279
214 474
29 30
423 394
178 313
191 91
441 362
66 410
76 455
293 183
381 318
144 61
408 270
498 73
358 358
146 272
305 146
174 404
313 11
96 468
350 63
66 274
80 347
403 474
476 400
96 494
87 51
190 298
227 38
20 361
109 7
445 232
375 312
302 16
460 426
206 268
248 167
488 371
293 234
417 18
399 493
169 429
116 326
471 278
371 231
91 496
160 35
82 337
492 12
256 236
387 127
13 413
283 54
29 484
271 277
446 411
224 111
200 376
420 275
434 120
28 307
86 98
209 66
424 154
172 189
40 399
290 452
170 12
462 284
147 32
387 366
302 54
168 484
192 436
458 337
130 396
280 251
339 205
99 13
110 163
172 376
445 443
476 402
328 17
421 120
282 202
333 346
389 178
61 29
476 469
321 442
420 87
465 78
367 124
167 473
327 387
361 419
500 340
153 357
341 246
203 322
44 87
392 331
394 211
485 496
330 99
376 385
178 404
108 444
311 282
221 210
500 231
281 441
107 389
485 269
223 51
43 82
284 240
281 16
310 72
209 269
472 470
404 446
393 292
284 316
111 244
130 75
104 151
97 229
474 171
144 438
270 488
218 292
449 421
182 264
240 40
296 189
496 479
229 474
474 68
246 209
15 402
209 191
205 261
416 94
436 294
215 352
353 387
30 61
180 171
336 27
252 499
431 26
469 313
210 313
91 296
137 333
272 208
0 427
419 342
88 259
488 132
223 81
430 495
436 231
54 276
198 98
94 432
45 37
359 175
445 435
409 170
214 93
127 142
364 71
11 275
476 496
289 430
338 115
35 212
48 238
267 122
154 407
327 193
6 345
181 74
212 349
419 261
157 172
326 303
13 247
237 483
169 70
432 49
401 354
126 42
0 73
399 225
320 400
52 290
394 397
244 333
7 224
15 495
100 421
358 438
412 447
368 453
51 263
100 6
498 415
484 311
376 489
274 481
282 241
490 98
20 454
249 190
428 477
302 480
383 355
347 448
477 450
355 272
357 418
480 291
287 338
409 389
246 138
76 136
11 447
155 291
255 201
152 401
281 437
78 279
392 301
409 459
445 431
2 139
231 396
229 23
191 276
486 319
412 119
192 414
251 417
283 127
385 252
300 428
295 486
343 222
195 303
468 46
165 80
189 453
340 183
224 161
164 2
460 84
429 442
421 110
84 43
97 474
32 141
343 159
180 437
165 310
137 49
467 312
188 216
409 155
259 439
243 21
217 168
118 20
347 355
123 150
329 316
418 72
47 430
300 104
276 134
344 378
112 244
434 135
184 300
105 142
17 432
177 70
111 21
274 453
301 289
158 317
273 107
84 310
138 259
314 196
292 413
20 446
454 4
352 207
328 69
457 108
459 208
86 90
159 5
198 129
5 458
378 464
253 15
208 410
216 430
281 162
347 139
336 452
435 499
77 299
155 321
46 249
405 178
58 254
373 337
331 37
223 498
431 272
233 282
331 367
314 24
327 153
88 136
268 62
165 251
328 237
74 271
361 250
188 120
485 67
47 202
248 182
20 139
72 238
246 24
480 173
367 106
298 39
229 266
306 62
267 327
233 366
440 126
282 397
279 84
334 324
39 24
266 437
194 74
131 99
458 155
5 350
37 246
85 44
378 415
354 353
466 161
32 279
287 10
72 20
267 442
120 346
288 303
284 13
49 497
495 359
482 208
326 289
321 246
333 60
27 261
128 442
82 75
137 370
167 35
27 241
5 275
274 112
117 423
425 192
90 421
236 474
356 488
184 164
367 62
201 430
477 417
299 296
142 206
248 466
182 115
66 494
434 477
405 278
476 117
233 87
491 439
75 56
298 172
438 209
481 242
455 446
42 56
127 321
120 199
280 202
229 95
425 338
349 252
355 65
153 109
322 203
368 202
241 184
465 196
198 467
155 130
237 302
358 289
313 270
36 271
263 482
109 43
53 449
449 61
245 309
51 373
472 302
391 61
137 488
349 486
295 259
110 500
287 6
167 499
1 241
482 335
419 29
186 209
169 44
257 312
423 52
435 378
160 19
339 374
57 171
240 251
446 19
318 259
155 222
405 119
148 99
218 17
264 124
286 69
125 304
344 309
112 257
311 75
253 75
191 193
30 473
404 338
247 393
117 109
379 445
446 81
298 200
442 456
214 84
77 349
327 455
107 364
439 82
41 5
39 469
148 99
87 275
311 294
444 159
438 361
406 175
357 289
304 132
215 462
182 404
229 397
226 425
150 356
264 166
178 456
8 13
373 499
20 268
361 108
365 155
74 36
189 192
280 197
31 422
418 412
217 308
176 438
204 128
415 334
444 103
311 425
249 180
108 318
409 76
421 96
170 29
174 170
314 152
128 112
177 223
195 303
16 478
258 447
302 339
500 268
245 459
328 17
344 173
177 403
56 140
320 472
217 216
376 245
456 15
345 238
351 460
368 151
117 200
14 398
145 160
28 382
12 215
134 472
462 116
396 498
3 218
436 83
278 174
93 387
76 315
420 214
241 314
197 356
106 155
20 476
52 408
75 450
319 185
226 310
181 109
109 170
204 192
311 352
157 7
42 115
117 444
427 90
355 205
493 265
300 206
249 101
446 346
221 367
62 69
71 61
204 190
85 382
463 353
64 483
17 410
499 327
203 472
500 179
254 367
4 43
85 250
260 374
35 494
173 247
97 387
486 215
308 306
106 314
476 385
17 493
218 139
432 498
433 418
415 3
68 117
210 35
144 345
6 137
280 445
20 37
46 333
465 8
318 164
297 211
335 245
421 26
273 97
420 31
404 131
401 308
17 104
375 114
166 311
73 96
233 156
125 436
444 159
61 190
309 479
373 141
383 186
140 74
104 418
287 182
386 470
178 325
277 152
303 346
225 34
76 119
103 308
23 65
453 241
94 48
260 346
44 240
51 22
378 250
342 357
449 8
357 44
298 269
79 70
480 16
73 423
91 313
39 417
276 483
191 492
81 58
499 337
295 43
11 278
477 308
488 69
103 212
441 11
237 314
415 457
47 21
485 488
57 89
275 157
184 41
46 346
38 173
473 401
119 497
352 453
34 319
233 427
408 411
356 269
126 440
402 418
425 463
276 109
319 412
451 29
349 246
157 264
357 341
497 221
264 309
411 111
293 443
389 204
147 185
231 356
185 231
180 281
57 131
263 65
60 491
500 19
113 344
389 317
478 87
166 474
176 232
126 381
391 31
120 88
32 391
400 251
422 474
449 198
242 255
11 1
215 457
190 225
149 61
300 88
205 40
372 308
355 6
302 224
246 481
61 405
458 169
302 489
490 470
471 413
277 203
296 229
150 115
247 302
154 232
154 276
112 126
223 29
178 152
407 42
423 17
476 293
355 436
86 230
133 170
84 149
233 29
353 311
313 2
438 36
308 182
74 329
102 131
199 259
125 403
86 115
231 128
258 37
106 252
20 4
403 112
218 1
254 338
261 409
167 347
18 53
107 2
317 442
194 210
28 213
18 500
145 271
197 256
467 316
155 490
460 410
17 179
324 93
126 168
445 59
192 150
207 2
181 289
122 354
487 87
68 500
116 45
394 364
236 267
87 296
227 93
105 310
10 188
464 451
67 108
382 14
5 297
128 379
244 320
314 51
113 265
39 61
159 1
118 106
376 460
211 333
145 92
444 252
236 495
449 30
171 223
212 425
35 465
193 206
432 10
70 179
427 279
133 321
270 235
489 384
34 66
398 220
488 154
108 153
171 473
9 276
234 230
107 36
213 450
32 135
364 163
167 275
363 213
409 242
407 470
207 213
48 476
259 262
387 160
202 190
129 165
101 187
475 413
302 66
420 260
142 265
418 180
103 488
138 47
194 131
58 107
429 452
375 148
97 469
477 226
375 390
347 192
496 233
361 2
185 357
244 52
26 114
17 419
294 147
347 439
350 271
115 401
462 293
152 275
73 243
190 2
136 265
48 374
292 417
24 20
437 330
61 64
176 412
142 311
169 200
330 498
316 140
337 102
335 347
71 410
343 415
345 135
454 228
289 332
34 475
339 16
393 382
62 154
289 206
26 329
461 450
82 487
386 469
445 494
90 290
436 334
304 52
444 406
272 196
314 308
132 245
87 270
75 459
247 436
154 440
235 180
165 42
38 76
255 154
46 329
316 271
229 427
457 149
255 394
135 380
66 415
447 131
71 452
331 284
183 277
131 187
344 270
339 365
70 47
487 86
323 12
341 51
279 89
47 189
193 31
399 43
381 254
291 219
304 146
320 105
210 184
46 258
302 365
256 35
326 384
235 269
363 351
56 293
332 171
93 1
136 343
493 207
461 352
92 372
266 370
457 92
182 306
70 124
389 399
415 241
289 478
388 343
69 432
121 320
124 261
21 332
145 4
232 62
403 354
92 32
387 177
465 476
274 278
63 184
292 383
217 76
177 369
291 115
132 304
368 456
304 244
438 74
190 492
152 247
417 215
110 113
44 9
163 460
256 131
18 219
223 414
426 493
455 142
165 106
197 308
379 281
57 249
217 18
26 270
61 500
67 498
323 307
54 434
22 4
484 156
229 248
482 16
396 260
96 142
471 115
341 149
42 96
49 89
47 60
218 431
220 61
55 227
348 481
271 370
106 146
478 204
7 149
211 477
146 468
143 277
278 331
296 466
41 460
352 116
259 324
214 196
119 46
209 44
111 59
210 301
303 262
44 285
381 301
71 388
193 171
286 469
58 381
102 450
33 139
75 224
151 490
133 352
443 281
176 223
380 82
37 483
47 192
284 74
67 440
407 73
205 492
15 434
439 344
346 426
373 287
245 453
169 235
418 181
443 498
275 105
372 242
449 486
194 286
481 343
454 192
394 140
368 174
289 158
321 466
145 475
244 334
323 471
38 55
337 153
493 59
189 429
343 105
221 0
169 337
443 254
481 268
156 37
73 32
276 29
92 421
134 487
416 459
396 28
378 304
439 0
189 297
75 85
227 350
407 43
226 487
489 15
10 49
376 76
385 194
349 432
303 130
216 143
4 155
120 73
349 372
354 266
375 288
226 56
460 440
340 421
79 427
59 58
29 300
104 147
79 444
288 312
366 43
466 413
368 356
405 426
349 94
244 347
166 335
13 150
296 328
481 348
61 438
187 430
451 5
93 374
108 162
208 94
463 260
367 443
10 157
284 125
33 484
356 322
104 284
316 455
262 317
125 211
67 341
169 233
52 298
465 108
422 95
320 61
74 434
209 439
415 113
189 454
369 473
490 35
111 110
322 418
479 168
479 362
236 237
337 329
46 234
9 463
445 359
498 398
485 372
103 362
475 132
156 333
317 221
253 492
308 120
454 79
168 217
320 30
162 379
241 365
362 40
425 85
437 85
148 438
157 73
138 52
53 81
9 403
443 189
70 461
34 479
224 292
75 77
68 148
202 320
168 67
338 223
252 344
219 78
202 285
150 103
15 429
242 178
403 430
210 154
172 150
27 138
320 113
282 360
243 420
396 415
467 457
76 162
257 248
492 436
302 318
172 156
398 422
20 458
108 389
457 305
402 473
363 293
109 70
496 158
140 18
68 379
171 400
228 27
113 255
169 434
149 493
185 58
482 481
418 393
95 82
283 437
221 462
72 473
388 41
342 63
305 167
269 436
485 256
441 297
469 153
2 350
120 26
479 141
145 133
58 367
105 231
188 399
500 374
272 406
0 41
266 178
194 161
336 406
395 89
78 211
55 140
385 179
374 421
446 358
213 9
100 49
421 9
212 52
351 201
348 319
491 1
213 147
229 344
208 414
372 267
260 286
63 301
372 347
475 447
493 361
6 455
304 154
354 355
139 333
490 247
93 216
174 164
438 81
334 479
313 271
191 435
161 331
213 128
302 360
220 434
223 482
385 209
157 307
120 294
220 278
91 256
433 86
214 471
279 238
172 392
273 147
27 135
252 396
285 487
311 429
279 372
463 41
67 468
400 216
322 149
102 38
317 413
212 242
237 398
462 108
288 383
143 205
472 475
112 263
225 113
368 268
182 291
399 497
272 325
74 309
218 44
292 453
334 394
170 189
128 469
284 166
121 92
447 127
51 283
121 53
41 157
269 468
128 175
415 352
107 55
202 193
477 292
147 219
227 173
205 197
488 440
206 144
344 62
217 477
499 264
150 482
14 104
74 65
200 466
395 230
423 104
42 166
221 154
448 469
171 367
26 485
415 377
465 297
187 38
402 152
36 315
313 136
79 331
258 217
112 275
84 463
183 256
62 297
214 98
325 157
77 318
69 453
218 386
462 266
383 130
184 14
201 243
313 66
247 190
470 43
489 271
158 306
231 193
432 70
1 487
308 474
238 478
217 24
110 7
356 346
116 29
337 281
144 405
442 6
463 405
403 303
307 492
106 78
100 424
214 124
200 15
286 96
411 255
158 156
234 289
321 481
484 267
208 314
47 152
164 193
295 245
209 194
251 33
458 442
382 302
435 208
423 374
135 103
82 454
486 487
306 338
439 98
339 263
164 319
234 70
58 300
99 150
302 462
177 159
35 187
150 331
93 448
114 321
476 50
315 58
330 485
240 442
274 116
73 201
350 140
15 83
200 79
76 427
324 314
108 299
410 494
439 432
404 284
275 69
12 382
111 69
463 67
316 367
191 247
7 170
259 104
172 60
356 186
379 475
247 13
483 254
377 240
373 8
279 109
404 151
387 317
190 220
51 406
277 212
216 239
487 253
40 361
142 50
382 493
198 242
238 321
374 290
264 398
152 441
93 422
94 252
64 82
364 81
30 142
270 345
223 362
399 401
367 494
318 226
368 229
44 181
211 220
86 179
392 488
275 185
459 135
486 210
67 32
392 173
414 486
140 164
301 481
172 28
48 151
341 87
476 388
46 311
329 144
336 20
276 346
5 390
360 487
242 271
214 120
418 248
19 429
122 417
158 421
258 310
442 430
109 310
46 38
225 8
344 227
154 128
31 114
387 371
393 66
58 408
493 265
0 439
209 103
181 413
36 225
426 307
283 207
98 153
425 11
203 87
428 342
3 124
270 23
285 93
330 106
96 200
255 248
346 302
159 321
112 121
216 211
427 179
74 296
361 354
252 366
410 15
390 365
68 21
57 141
151 360
314 429
288 436
227 475
364 444
373 98
328 333
384 308
442 140
291 105
419 98
210 418
146 204
195 78
383 8
460 173
490 71
135 438
261 114
376 195
301 63
326 471
156 10
136 326
36 321
424 347
344 28
278 235
186 447
235 331
389 81
319 379
50 101
82 393
286 113
273 107
450 114
490 313
44 329
251 90
366 108
488 188
296 299
431 275
55 174
214 443
42 21
27 197
456 142
312 437
359 353
288 30
8 55
143 62
123 206
209 414
347 342
250 389
68 288
261 6
384 95
289 326
125 387
291 167
350 406
367 446
299 382
100 316
165 373
161 23
436 254
371 419
162 84
139 366
370 74
476 37
225 466
16 124
344 480
432 162
232 224
116 459
423 309
48 327
201 496
499 30
254 456
148 374
251 486
227 164
104 51
104 410
30 301
402 396
58 452
141 249
399 384
182 147
302 201
358 344
21 278
0 448
224 92
316 101
20 162
154 223
166 84
365 463
480 321
13 149
183 71
493 139
242 470
94 390
68 194
104 53
314 295
170 323
132 383
92 144
115 340
25 243
471 125
56 359
405 130
425 31
195 70
279 188
40 275
446 346
225 392
55 479
488 338
8 11
234 282
135 270
488 393
439 32
269 260
329 494
75 426
328 32
246 31
169 393
334 317
15 6
381 96
230 112
445 451
123 113
397 245
140 396
328 369
219 264
395 165
408 351
191 382
307 377
15 419
430 343
332 33
156 344
28 250
421 253
198 107
74 163
178 400
323 118
97 79
90 228
270 312
81 83
165 182
212 104
447 440
157 81
380 46
123 222
18 45
426 359
333 17
326 104
124 458
180 456
306 276
106 397
474 449
454 492
46 407
38 277
27 414
324 343
463 44
130 333
197 419
423 280
406 483
216 393
490 275
163 10
267 450
248 97
450 130
60 468
469 137
44 286
380 251
283 298
308 431
153 321
363 493
402 302
358 235
480 97
30 60
2 455
405 383
49 154
272 301
244 121
433 98
35 312
403 411
456 107
234 413
276 465
41 63
369 49
179 302
354 92
495 45
208 78
128 273
59 347
261 451
471 327
67 399
457 351
14 68
198 135
124 263
443 114
422 367
242 428
200 284
334 54
437 0
413 397
277 392
272 349
303 373
343 378
72 148
79 80
298 355
417 92
442 345
164 496
298 357
9 194
160 484
486 83
396 271
211 200
492 194
232 387
365 42
316 310
302 157
488 76
39 187
286 296
53 10
476 64
84 117
246 235
139 165
20 430
67 435
127 270
119 125
341 203
69 398
404 470
432 36
488 358
341 405
148 420
276 201
77 294
234 246
433 279
333 65
98 400
281 170
192 389
385 378
393 254
102 12
313 75
61 0
195 379
484 484
494 438
181 116
406 464
26 157
18 107
498 161
405 446
301 451
431 44
121 180
1 207
184 118
290 117
478 433
117 248
383 269
261 312
203 490
195 44
376 12
120 8
402 480
388 241
151 23
424 243
141 191
247 102
87 319
401 154
184 409
337 409
451 238
473 188
473 28
60 262
257 372
104 421
12 463
114 100
123 283
434 321
77 477
247 98
202 390
459 111
323 369
384 286
494 159
479 500
329 368
343 115
171 117
95 194
323 225
430 10
74 95
17 221
229 74
169 76
198 260
86 72
190 197
352 449
326 247
434 153
425 8
386 208
204 163
257 490
389 491
291 413
311 52
182 248
136 374
460 379
329 349
258 191
8 425
315 373
12 240
413 475
55 255
273 34
368 241
41 212
316 190
161 413
320 421
393 50
481 178
194 265
423 385
301 118
412 270
471 145
105 234
76 94
172 389
149 411
428 488
314 5
491 14
252 226
45 267
357 219
471 455
431 328
341 470
440 283
12 28
270 181
352 350
446 180
443 419
320 370
291 382
91 150
165 441
329 47
234 361
155 342
323 369
321 255
107 491
29 341
450 249
365 159
230 61
488 435
333 459
40 57
333 428
401 395
458 168
159 134
152 300
407 0
493 348
495 188
257 202
188 406
105 409
250 351
473 196
325 323
42 252
205 144
369 17
180 109
460 13
133 471
70 372
17 409
231 33
185 33
349 262
313 211
177 316
91 77
159 262
161 39
294 455
50 411
437 56
49 259
480 234
93 105
143 138
349 179
184 212
477 357
417 400
14 103
255 326
439 364
343 377
417 11
89 345
218 12
376 349
336 148
106 331
329 188
473 405
140 403
336 130
252 226
336 336
102 309
110 394
184 494
79 289
36 197
82 316
474 249
216 361
406 458
444 411
68 361
281 41
95 328
288 3
453 452
355 151
320 441
55 22
214 251
10 268
40 35
421 257
400 153
434 96
216 107
2 110
166 494
35 395
7 289
127 257
315 323
454 427
394 203
497 47
65 407
296 178
125 3
367 181
126 154
14 424
160 295
279 266
428 103
76 291
462 407
127 98
311 179
86 328
324 493
54 337
256 301
124 98
310 46
423 161
255 411
471 43
256 138
69 156
440 405
353 130
193 470
356 433
412 37
55 408
435 40
234 469
387 211
465 440
236 482
423 213
441 171
69 48
323 291
162 484
168 154
39 293
146 311
216 77
234 63
429 257
45 256
335 123
121 45
299 26
346 97
25 37
473 25
423 1
54 486
148 155
45 372
302 5
45 240
68 348
435 290
316 425
189 67
498 301
404 129
358 63
1 468
19 117
101 247
170 471
153 165
408 237
392 56
110 1
490 136
362 295
319 130
66 436
393 8
88 51
250 456
6 484
383 423
189 121
450 364
377 194
113 486
488 81
403 438
466 206
355 411
89 177
130 85
301 28
279 149
237 462
396 358
275 158
217 15
99 445
364 102
143 275
36 135
403 111
75 353
254 127
435 354
100 401
75 83
240 268
66 203
483 262
225 232
494 244
0 417
473 299
421 5
376 438
206 307
2 224
434 332
378 9
112 381
252 445
181 60
314 367
475 233
464 236
423 297
364 33
285 410
453 219
422 62
262 275
200 222
483 249
321 153
106 372
397 130
91 292
253 286
128 395
223 311
46 265
44 133
124 434
134 178
258 360
435 197
210 203
493 431
322 359
96 436
31 347
27 176
158 477
462 58
324 286
112 12
15 213
367 106
372 205
295 464
273 378
499 411
317 350
445 37
462 404
392 464
453 419
173 225
232 359
141 413
77 475
398 481
89 377
224 365
473 26
421 263
163 338
306 477
452 279
207 80
63 174
158 219
425 360
249 399
14 225
257 28
122 242
356 278
64 362
120 112
455 306
458 228
291 379
13 254
249 405
315 465
393 221
434 104
160 386
254 285
186 102
356 19
443 361
270 415
108 258
446 156
247 48
311 27
380 441
487 46
191 286
294 334
17 199
159 474
483 128
274 175
454 347
91 415
291 253
58 358
491 322
171 375
400 228
108 214
108 446
415 79
424 161
198 162
256 334
315 226
289 363
304 456
390 468
148 387
196 249
470 168
25 473
80 148
259 10
98 115
471 390
479 261
114 175
248 361
31 203
347 496
177 454
236 31
49 342
364 174
348 141
316 433
6 358
472 296
321 143
133 427
180 422
227 443
238 68
228 397
177 446
51 316
239 382
14 491
345 178
206 434
227 370
289 280
147 39
346 117
461 379
327 26
461 46
496 197
84 494
265 494
381 497
106 213
267 126
495 70
329 55
466 139
416 248
379 450
395 8
92 172
241 167
325 51
102 229
363 300
323 211
355 7
199 28
275 200
229 476
367 217
387 27
237 426
184 139
250 413
53 63
12 236
163 137
347 74
365 259
345 298
170 61
275 472
109 327
74 43
373 262
341 112
24 416
440 292
359 466
104 296
279 77
19 11
258 203
179 34
178 266
169 162
213 179
27 189
161 486
498 365
351 195
388 43
406 170
42 120
412 474
416 189
213 45
122 457
497 198
72 347
305 445
43 118
205 59
115 457
235 140
212 225
189 79
435 100
113 81
324 406
128 104
265 215
104 480
174 158
204 255
213 364
395 132
208 483
483 1
249 397
442 31
412 297
381 298
47 466
463 291
18 421
245 222
169 244
260 181
462 322
456 242
174 450
52 342
462 229
446 182
175 100
446 233
89 80
471 30
154 231
339 286
359 20
353 336
93 26
455 162
403 249
205 345
437 448
400 44
16 307
421 500
25 308
469 428
426 189
234 330
472 398
292 22
342 162
214 90
126 198
52 167
488 409
14 350
72 273
114 34
470 51
306 401
153 450
459 377
143 229
491 51
136 375
229 152
76 358
272 37
63 56
249 148
11 296
135 169
346 341
73 274
194 379
276 14
12 169
53 191
476 399
135 474
173 449
86 328
216 260
104 388
180 488
260 484
194 300
470 382
296 296
314 175
391 218
88 320
235 25
410 456
243 336
343 265
173 403
340 119
207 454
275 240
387 241
227 229
493 183
346 329
323 287
43 210
321 282
199 101
407 246
149 498
158 404
50 151
112 325
52 494
13 61
99 291
178 166
80 56
181 149
423 189
355 209
59 26
336 89
82 12
498 206
212 150
411 150
391 72
240 238
364 100
251 211
257 195
283 56
365 215
272 458
118 37
249 72
147 363
421 17
393 279
185 420
337 3
25 132
139 334
381 15
118 471
255 212
244 278
277 155
98 210
463 199
329 71
482 94
317 338
76 375
158 132
357 149
88 108
388 311
103 264
407 50
482 108
475 224
132 498
383 205
378 360
351 338
492 447
49 261
349 220
319 253
60 157
428 271
229 239
159 457
263 306
259 116
138 331
490 222
314 220
251 350
316 161
322 305
402 427
438 399
319 426
73 130
372 21
10 125
181 115
336 146
341 288
209 10
352 356
487 268
34 192
231 341
274 77
74 467
31 157
35 201
211 346
318 115
135 464
466 113
235 182
360 17
10 276
22 183
78 242
498 134
218 172
337 406
275 75
248 416
169 447
285 295
221 348
54 392
76 124
495 122
428 106
414 277
254 69
468 276
135 205
324 62
418 63
27 331
381 162
402 82
438 240
374 49
395 180
336 323
193 369
388 325
415 426
403 102
263 397
420 260
40 250
20 105
178 148
33 96
38 131
462 174
150 76
212 8
217 259
279 205
179 272
279 333
346 158
101 141
94 348
299 1
336 232
465 474
335 14
137 208
192 239
54 343
240 176
10 2
295 73
262 496
157 397
63 303
270 452
52 30
338 256
323 26
97 381
479 307
400 60
150 5
442 442
107 92
86 374
445 77
382 129
64 206
445 352
193 378
328 366
163 112
145 426
19 56
409 250
96 223
460 415
114 53
98 68
188 439
308 328
477 78
204 156
312 452
20 123
209 30
495 420
270 476
187 249
237 12
197 245
241 357
75 132
288 429
43 468
161 18
230 247
478 213
251 253
289 161
119 15
341 88
403 494
243 349
289 352
189 63
283 496
410 467
338 106
304 16
236 423
367 238
479 78
394 83
126 324
235 225
142 320
17 209
276 361
372 135
86 350
485 100
319 46
383 63
477 464
69 182
447 417
77 492
175 383
381 441
66 415
53 495
215 395
450 101
67 202
7 357
481 247
347 159
313 379
90 366
66 114
472 322
330 280
36 383
408 76
479 329
447 494
283 392
188 170
19 376
73 227
0 389
347 265
404 498
405 202
68 139
189 342
14 427
423 195
374 168
138 499
238 230
314 116
478 436
214 468
407 229
18 381
59 82
30 296
309 160
198 206
189 286
252 44
459 38
242 36
98 152
378 432
69 357
164 474
429 94
4 50
57 420
200 276
27 341
366 89
453 70
427 175
433 375
318 173
494 414
149 302
241 74
58 203
132 460
471 52
248 485
383 427
365 338
52 184
344 403
2 142
56 2
199 260
248 403
366 369
449 236
190 352
150 166
216 314
130 309
440 182
326 480
434 277
67 78
436 212
156 252
347 239
492 169
276 221
294 38
351 170
118 72
56 302
394 446
220 415
14 118
140 161
285 162
263 245
39 94
68 401
25 401
201 378
336 182
381 327
76 484
368 308
416 385
407 464
264 444
279 5
54 42
468 157
62 351
36 401
132 356
105 353
452 260
428 217
279 222
331 233
365 93
273 321
89 18
33 301
94 232
17 217
10 102
182 38
475 175
250 85
88 300
325 351
326 485
136 221
327 413
362 205
198 331
327 223
437 80
404 100
37 432
115 269
74 90
479 360
92 157
137 95
325 385
68 327
11 65
463 8
408 135
412 108
51 430
399 172
323 120
294 95
284 336
445 306
75 433
493 206
262 309
416 190
233 326
109 236
124 403
248 214
200 177
344 250
97 322
307 414
179 365
407 79
27 278
112 128
224 242
152 369
5 36
255 478
115 451
57 213
4 322
43 302
344 370
294 258
429 402
380 281
175 465
304 409
427 11
271 20
204 120
212 462
162 400
220 261
434 295
149 323
265 251
132 446
448 290
36 68
192 193
211 447
309 384
188 436
262 160
497 97
41 290
434 22
160 146
416 0
499 399
226 461
153 472
264 325
442 93
4 102
489 242
219 54
310 27
307 227
477 87
220 218
97 142
439 315
259 59
415 229
46 272
293 34
467 476
54 55
341 165
92 244
493 240
384 334
156 306
407 499
85 148
120 95
269 424
130 78
253 425
422 351
413 10
4 10
322 379
172 202
147 362
487 132
298 362
471 426
3 198
75 78
262 123
382 220
320 274
244 410
182 99
156 49
440 464
237 74
376 493
466 254
52 318
497 269
283 109
294 230
167 422
144 288
73 258
44 469
262 53
373 310
255 117
74 95
263 144
212 141
20 500
92 15
429 338
174 86
264 446
494 245
349 136
60 26
405 246
238 436
323 395
404 406
307 116
70 161
182 297
34 81
85 269
490 162
462 226
289 369
259 94
204 385
484 390
305 16
8 143
66 160
9 188
81 152
169 64
7 297
47 277
28 364
335 224
69 447
140 299
377 316
39 148
191 412
196 117
16 135
422 175
16 68
257 318
423 16
49 465
282 379
2 457
313 380
359 103
435 250
129 328
240 197
167 282
71 483
415 325
129 410
23 195
389 34
272 462
179 336
459 401
112 62
182 334
133 423
449 141
163 184
105 444
254 206
337 36
54 34
146 134
155 25
29 465
31 265
288 28
369 452
464 78
398 173
217 244
378 195
237 152
64 464
31 187
9 499
459 227
218 413
247 443
185 317
120 433
207 455
297 419
322 284
111 1
412 488
228 175
281 170
437 392
260 495
198 160
189 475
114 97
222 58
83 486
493 403
123 215
353 426
340 72
447 19
303 307
222 453
172 465
365 176
199 364
58 106
472 229
474 288
173 76
202 9
56 88
169 385
273 437
197 382
447 436
462 407
165 396
365 403
155 24
256 114
291 427
178 415
471 100
238 153
358 318
262 54
29 338
219 22
186 134
321 436
214 19
434 18
110 301
459 55
387 209
11 83
112 401
9 231
429 132
13 374
42 243
136 114
105 173
114 261
438 149
34 187
301 49
482 180
385 112
333 207
484 155
241 81
185 140
342 448
363 424
225 170
157 478
161 239
312 6
373 141
160 394
165 165
134 496
327 493
129 405
199 213
137 237
316 94
498 444
99 320
235 380
451 351
38 426
429 44
429 346
319 376
297 375
468 281
355 359
192 318
393 307
74 124
348 227
338 29
191 225
375 96
0 294
246 59
68 456
33 282
186 206
23 132
249 409
478 226
309 377
499 88
252 347
383 286
27 231
82 365
442 339
305 338
307 78
26 486
301 335
495 38
408 183
176 462
149 409
55 295
319 398
405 194
318 245
304 313
444 136
45 35
23 413
389 439
150 208
5 5
2 205
351 178
299 496
194 442
198 26
373 277
238 431
435 299
64 168
277 223
213 500
270 151
49 284
296 435
22 87
391 373
340 232
243 460
240 203
136 238
261 186
416 459
238 104
114 163
38 221
304 369
414 39
368 385
229 359
463 319
475 197
295 311
171 357
277 105
467 236
271 84
156 268
264 235
426 25
297 158
102 430
350 426
452 302
275 96
486 32
151 183
13 120
470 354
429 457
107 346
346 5
253 190
80 160
288 360
318 171
90 210
260 151
92 497
456 425
491 459
330 464
371 221
319 322
125 56
144 495
99 258
245 265
367 336
319 473
272 429
273 446
485 403
128 264
194 108
59 385
259 319
476 93
316 310
91 276
441 457
399 95
427 231
365 57
194 103
372 386
333 12
329 214
408 209
338 10
164 374
143 143
96 1
18 419
188 301
338 248
279 452
39 70
222 471
142 125
140 18
73 45
277 344
29 327
499 117
83 445
370 236
20 312
244 194
394 220
208 123
474 369
33 299
121 255
231 478
83 66
445 315
378 341
31 88
138 352
168 381
184 6
478 293
180 389
336 445
213 199
102 226
133 370
50 4
83 433
10 248
213 213
84 322
289 223
50 164
294 57
19 441
7 275
173 68
170 483
96 165
41 332
473 475
349 325
452 266
268 236
226 122
168 288
224 244
322 117
28 462
189 39
324 131
266 398
118 63
359 41
218 322
11 458
474 130
278 498
203 233
53 444
439 361
198 134
142 469
464 78
80 410
410 338
165 454
152 260
367 279
473 263
183 137
432 162
247 393
476 296
78 413
483 447
113 322
491 37
416 9
237 334
463 319
410 62
457 296
287 265
207 497
287 49
43 348
482 15
461 397
165 279
156 486
1 143
353 304
161 190
60 98
421 373
397 143
374 382
241 256
440 142
316 244
98 370
211 400
194 218
416 22
304 0
378 334
81 100
213 215
205 170
23 103
266 81
312 54
421 204
215 106
185 151
262 90
205 474
152 191
461 284
251 224
167 365
449 301
359 74
194 383
115 9
208 164
307 428
189 499
142 386
427 414
234 110
97 406
205 394
472 231
464 355
327 475
215 391
99 487
468 361
360 191
53 360
262 465
421 296
17 102
382 399
460 237
121 120
344 233
367 275
490 428
198 297
391 453
193 48
431 82
52 128
254 2
269 388
266 140
8 5
75 238
484 173
215 354
250 381
117 25
172 437
116 178
320 11
274 234
233 150
448 417
310 171
256 477
454 379
248 476
466 17
320 378
317 292
31 87
256 475
411 354
57 436
93 331
214 88
152 358
110 145
134 397
465 104
199 34
384 46
410 96
480 265
188 495
182 261
350 83
260 285
75 284
313 100
231 86
481 137
81 117
431 39
373 472
487 51
86 357
325 405
270 19
35 267
203 29
496 383
79 55
166 301
293 268
350 113
38 84
267 274
372 16
163 253
305 251
159 450
450 114
448 168
350 174
76 369
67 184
275 294
367 186
93 318
427 23
168 468
464 306
101 475
12 399
257 435
364 131
117 47
484 349
219 314
135 375
479 229
313 396
214 48
443 142
484 345
53 342
57 223
334 462
211 472
482 12
320 194
243 24
332 36
128 187
109 331
46 422
480 356
313 377
393 152
65 389
335 219
401 49
399 83
469 490
411 129
218 63
238 316
425 459
162 5
256 403
84 65
459 140
392 85
478 74
482 285
476 152
211 423
400 214
85 109
337 116
477 5
126 175
193 298
134 448
134 292
428 182
310 423
373 374
61 456
215 124
25 95
56 359
448 65
152 158
472 497
86 440
237 249
257 330
49 500
431 390
353 211
146 262
388 443
331 220
326 291
178 330
39 498
46 447
190 275
468 493
19 243
308 452
409 250
409 353
493 104
94 343
170 395
167 391
37 194
183 20
367 363
353 13
459 435
124 116
265 136
308 139
116 457
101 180
328 441
203 187
297 423
393 350
197 292
437 72
133 314
222 34
194 180
64 157
181 18
163 345
214 218
238 114
66 46
47 313
119 422
119 242
489 120
136 491
158 210
440 139
294 422
76 18
42 30
195 488
196 46
43 10
264 118
148 179
82 187
123 72
270 50
273 484
60 486
67 208
321 394
185 335
222 15
372 294
119 235
146 260
391 83
308 1
277 343
357 322
306 168
368 52
234 23
399 37
225 448
379 88
229 92
16 409
112 18
186 208
93 336
348 151
129 347
232 253
128 185
441 469
414 19
235 328
224 78
8 365
357 220
218 11
499 285
120 65
120 422
88 370
364 123
345 191
287 290
393 445
152 108
85 163
493 406
420 295
23 303
365 239
432 31
153 165
99 222
195 94
191 24
409 88
440 333
340 461
30 443
476 348
149 392
453 293
14 212
345 450
435 65
102 308
460 296
404 460
306 476
375 23
255 201
459 225
0 406
298 409
10 280
44 320
97 400
469 116
349 269
41 142
136 345
217 414
498 402
312 334
9 5
265 45
115 325
66 340
242 76
335 139
157 381
187 104
182 426
230 348
0 19
458 192
390 419
259 469
238 370
388 223
30 363
246 139
393 258
43 158
390 262
73 68
136 164
8 131
332 62
288 16
201 477
167 479
138 144
399 420
129 494
264 54
20 310
319 409
30 196
75 23
234 178
468 114
251 164
102 44
104 479
148 323
491 467
66 75
428 128
404 224
78 117
274 155
116 278
349 311
134 326
386 0
31 259
296 483
203 337
182 464
249 137
277 312
149 397
54 88
394 161
156 27
119 23
299 12
244 194
470 384
355 317
392 407
489 296
120 183
221 350
346 202
398 344
216 141
193 403
145 333
11 236
184 243
125 289
225 49
399 368
70 460
6 366
438 197
272 135
17 449
486 363
460 358
88 115
180 328
352 213
323 456
202 311
471 356
440 136
22 56
444 418
344 359
16 416
193 362
21 79
180 25
164 367
370 56
327 487
412 108
62 314
234 491
210 224
117 245
238 175
376 406
367 52
152 26
254 277
335 200
191 151
360 1
254 139
124 436
377 403
414 405
174 227
32 197
253 494
140 117
396 224
103 92
301 275
97 441
387 33
361 334
325 222
119 306
469 427
310 90
488 297
248 127
53 63
1 131
85 123
387 442
338 407
305 140
111 275
112 173
304 231
195 139
367 10
114 424
111 450
2 141
217 97
478 366
292 283
473 63
243 462
231 392
418 166
499 202
376 493
443 337
382 489
498 31
323 142
57 494
173 288
69 196
367 258
232 259
428 362
74 76
207 125
388 32
497 394
144 355
466 61
431 2
81 36
489 7
97 221
383 103
325 201
395 148
153 178
201 45
383 453
239 257
320 75
338 212
291 25
166 312
235 280
316 434
385 400
136 35
65 277
463 66
430 458
170 51
368 5
206 35
465 88
431 492
76 420
140 417
254 86
235 228
341 162
155 443
311 75
396 106
164 269
270 252
265 389
241 211
371 486
155 93
434 374
322 26
155 432
214 58
173 60
1 241
150 275
107 313
398 27
204 11
189 284
248 434
490 457
242 419
257 268
249 212
62 320
416 351
152 169
83 372
496 366
98 266
73 486
143 423
346 266
423 96
131 77
151 301
415 215
198 135
356 182
126 88
462 53
374 205
377 399
386 297
499 232
474 12
397 209
17 193
333 434
246 46
58 18
351 101
351 260
3 98
243 316
202 409
431 497
492 193
451 260
88 376
332 238
232 221
252 84
309 37
65 160
68 449
372 442
324 444
34 181
35 335
259 386
144 226
100 140
118 444
333 203
6 390
100 143
349 48
485 360
195 322
496 279
236 405
168 447
24 192
216 355
122 104
134 113
426 460
353 39
481 108
11 497
62 202
130 133
296 314
121 442
14 394
129 381
56 335
154 495
486 53
12 279
61 37
171 44
485 187
65 463
221 495
322 65
284 305
418 188
470 134
74 116
317 185
119 120
137 444
409 120
406 101
185 437
41 387
232 186
267 457
434 22
253 425
406 292
213 211
55 69
330 430
447 198
175 445
463 103
359 314
472 149
180 394
389 140
398 269
159 331
139 491
52 115
464 490
101 338
163 254
145 134
491 129
32 377
39 66
153 150
105 315
123 29
13 258
131 407
296 27
162 164
313 214
114 452
60 453
490 323
388 179
386 70
379 362
484 381
482 44
40 89
383 465
439 463
308 466
305 288
109 462
107 305
55 226
155 285
486 368
83 81
486 273
108 302
208 319
105 53
158 197
316 338
92 208
323 67
281 82
255 204
242 92
325 498
264 83
158 361
317 446
102 404
269 85
24 406
137 210
309 392
61 42
125 496
435 411
195 33
294 105
245 71
40 388
390 329
385 465
11 267
264 357
265 304
15 449
100 309
133 430
182 78
275 66
465 370
425 335
372 172
154 66
385 102
374 191
318 396
313 347
158 54
112 489
227 140
316 396
471 41
15 392
322 273
356 118
436 164
165 351
315 426
436 29
464 179
222 201
176 404
309 392
371 229
404 347
436 32
434 221
170 118
197 324
330 386
484 326
312 236
459 46
25 222
356 105
59 435
488 318
295 67
422 329
382 419
76 440
212 159
102 382
409 40
274 36
357 205
108 127
368 58
295 68
145 176
25 205
471 72
176 376
322 438
226 368
5 167
187 410
466 316
375 224
146 82
5 303
238 238
331 93
494 458
347 222
8 164
94 309
396 241
150 214
352 234
0 35
63 15
50 260
187 375
424 98
340 392
24 494
132 172
429 100
280 285
245 227
77 308
391 264
474 435
404 278
308 397
13 243
209 275
368 65
12 143
307 312
420 359
133 463
113 227
186 115
27 488
347 198
115 445
199 317
445 66
66 64
105 275
410 172
145 399
130 2
312 26
445 36
214 462
456 173
9 453
75 54
191 412
320 392
293 383
480 454
72 249
452 183
171 216
264 477
401 404
242 88
259 171
142 48
470 173
209 281
128 263
489 417
18 17
236 154
278 31
56 489
223 365
107 304
56 41
184 169
243 32
272 120
257 485
306 287
94 60
49 342
360 219
53 144
212 216
394 304
11 208
479 118
28 486
50 480
487 210
189 264
271 405
81 18
13 56
456 137
365 102
50 475
358 143
104 486
19 283
372 119
318 464
28 147
48 193
21 492
107 492
126 75
338 304
115 51
187 452
467 342
431 274
393 103
213 424
148 470
309 214
497 451
59 363
188 446
44 238
375 43
300 149
223 341
333 60
262 478
56 371
437 370
188 298
356 359
498 337
73 428
139 460
183 497
341 372
276 168
237 388
466 283
21 365
489 109
208 438
241 209
479 306
220 148
7 343
82 236
154 331
265 55
110 428
370 465
204 191
267 157
109 446
500 8
28 157
299 476
431 148
328 309
186 137
470 384
349 67
434 108
407 157
44 168
20 299
303 331
90 468
5 445
478 284
86 363
400 77
40 203
198 15
150 461
240 144
6 379
356 94
41 289
354 184
115 362
214 259
80 75
85 293
466 58
112 23
41 227
283 45
186 495
222 420
479 27
134 211
301 172
132 15
190 353
220 471
316 169
101 143
278 199
83 465
38 141
469 404
467 357
322 219
361 455
466 171
496 338
197 335
184 78
481 403
469 407
172 100
422 267
465 281
368 201
16 462
93 324
395 403
1 364
423 68
66 469
446 181
363 411
47 254
482 478
182 482
281 269
344 275
176 422
345 51
281 285
166 367
261 50
490 185
318 260
308 333
235 441
131 484
422 122
286 492
16 194
219 385
121 386
437 500
413 299
209 1
31 75
413 220
254 430
18 347
197 324
367 384
464 247
187 66
476 147
448 477
371 372
347 294
212 335
216 306
186 427
198 404
302 136
170 238
420 482
334 0
348 214
344 82
449 434
254 159
275 365
394 362
56 300
34 4
143 73
230 37
49 123
74 351
377 466
388 392
127 268
114 421
69 45
32 85
273 211
338 258
44 249
442 86
367 83
230 50
102 258
106 452
243 85
213 193
93 287
16 331
296 369
415 331
155 406
230 206
393 492
86 17
477 471
317 428
13 42
153 248
380 107
140 5
22 293
375 371
5 407
211 202
251 220
175 383
398 117
69 241
290 402
182 240
438 90
60 124
261 83
222 21
424 180
376 357
149 400
73 1
486 284
393 368
76 111
314 378
62 125
428 420
428 129
35 104
135 184
445 98
104 25
78 45
112 345
147 170
142 422
176 269
267 102
100 106
15 355
213 318
431 150
472 495
372 29
276 258
385 420
15 425
189 405
345 337
12 214
25 178
296 57
290 221
308 135
115 37
323 73
236 35
142 305
170 413
333 385
119 449
37 117
358 240
335 434
176 492
0 375
94 259
359 58
289 323
222 300
82 424
171 351
410 143
395 276
227 392
426 135
274 404
368 281
232 70
436 274
245 132
229 285
202 372
358 9
31 390
314 310
327 170
173 315
346 417
22 478
224 446
358 55
82 244
367 117
107 290
252 224
403 480
442 138
342 135
481 93
257 452
158 137
399 104
319 461
360 396
432 282
112 192
144 456
114 333
211 367
162 296
192 23
139 195
30 468
158 465
70 498
235 303
93 272
383 482
323 447
64 55
386 103
401 388
254 159
439 269
295 33
223 283
372 57
144 404
429 445
329 49
391 241
193 7
113 348
420 11
260 373
47 325
53 71
431 405
314 422
246 351
345 297
280 145
74 384
468 483
317 428
224 202
453 287
402 62
485 309
33 167
301 191
338 437
443 207
434 111
33 412
101 179
182 336
236 252
123 350
472 84
160 376
25 96
189 330
246 166
361 304
414 93
323 247
458 129
293 96
487 424
193 348
28 349
417 127
450 204
226 318
316 296
28 182
67 477
5 40
286 420
249 352
194 328
294 377
5 454
436 243
389 460
426 331
129 431
215 233
269 171
500 117
450 451
89 328
62 314
482 339
459 198
2 116
394 99
262 335
409 295
494 81
105 308
440 280
293 452
93 313
99 161
471 418
119 315
415 151
381 457
103 71
372 148
164 447
411 196
21 207
90 28
316 378
343 33
267 94
390 183
103 193
410 199
89 251
202 155
371 193
19 83
36 500
399 216
483 134
353 304
245 255
477 438
199 498
199 267
100 403
144 100
166 182
104 5
402 191
444 343
312 406
81 482
440 396
45 114
42 144
135 273
318 266
117 466
111 103
470 479
61 357
343 152
247 476
171 101
10 489
7 120
269 159
325 32
150 450
77 424
414 312
408 452
266 419
207 497
480 5
243 248
386 359
259 279
187 344
262 292
141 407
455 447
130 433
175 192
247 340
311 353
304 262
138 388
191 276
346 316
373 153
22 421
50 395
276 248
346 397
426 330
55 270
380 412
265 80
209 446
439 5
159 291
120 206
157 73
175 220
159 484
378 198
57 442
454 272
76 304
417 355
37 251
434 99
318 314
382 412
130 15
10 387
282 305
407 493
333 309
184 136
296 153
327 51
328 282
181 228
19 245
135 304
493 25
132 325
161 96
94 392
337 482
31 320
264 141
487 132
318 50
216 172
376 413
261 421
272 494
494 206
133 463
152 303
230 228
43 189
457 331
93 53
424 57
36 143
386 493
254 394
385 413
375 108
26 367
468 345
283 219
247 426
142 346
27 85
301 72
407 105
326 0
424 70
220 153
362 277
36 420
171 236
428 58
445 378
32 216
265 394
217 310
425 55
222 330
125 396
422 421
51 245
291 165
445 460
416 152
341 18
179 431
461 284
333 76
225 230
450 223
80 18
64 466
49 429
162 411
97 441
267 309
202 325
244 349
36 460
250 210
448 137
33 425
76 498
110 248
317 348
198 379
251 248
93 458
180 258
66 16
78 280
419 102
148 30
215 268
451 387
165 127
371 130
148 425
390 343
200 382
362 109
470 373
337 484
124 222
493 326
169 422
260 445
37 128
240 6
254 468
103 337
10 156
485 189
29 485
497 113
152 452
282 290
328 187
73 488
71 255
407 24
198 243
257 308
274 263
90 294
412 421
192 242
425 454
254 86
417 29
327 143
125 71
277 294
293 272
24 489
284 30
344 307
402 325
283 115
89 312
103 470
208 178
330 40
101 172
213 378
70 435
34 345
69 275
169 325
461 31
73 431
48 499
281 484
206 262
9 127
10 497
232 300
269 293
451 363
406 488
194 5
481 305
164 48
351 219
57 78
133 203
461 345
144 414
220 314
109 423
448 491
283 23
187 165
385 45
208 186
366 285
200 146
138 289
452 416
143 93
168 196
401 397
152 109
111 306
147 298
185 81
320 230
224 337
275 1
477 319
72 275
225 484
57 39
275 287
490 358
324 386
94 483
359 380
115 438
184 341
448 213
152 223
415 439
328 266
325 81
24 430
11 143
122 3
137 24
279 483
314 187
120 186
336 45
419 145
415 155
369 185
74 448
185 16
184 326
407 164
364 149
387 173
137 210
56 10
207 494
436 271
427 43
468 28
145 125
486 163
64 134
33 110
139 179
350 0
318 189
46 356
153 36
289 260
150 404
36 260
43 176
385 224
210 339
183 233
253 401
118 495
379 88
36 363
31 137
151 73
495 411
126 289
440 228
321 167
370 319
128 476
335 217
468 438
490 248
487 305
457 110
139 399
429 164
467 264
175 341
264 234
388 315
366 168
235 359
234 224
74 161
41 92
303 136
304 416
271 335
24 389
349 303
338 347
32 259
432 30
379 417
122 114
80 85
57 274
422 301
39 244
500 128
14 434
81 34
394 409
493 54
161 420
154 188
183 246
361 191
93 206
86 82
241 463
81 146
256 144
40 169
47 317
39 448
352 209
186 476
487 251
25 285
294 409
234 215
132 451
300 190
24 102
194 181
420 431
68 279
12 292
484 485
290 145
389 339
357 341
280 8
445 419
114 229
200 10
85 85
479 308
11 22
472 211
306 57
187 455
69 402
162 449
256 398
453 489
187 443
446 60
0 381
465 458
360 391
243 188
235 81
367 55
76 32
299 169
88 446
12 218
189 7
197 275
365 354
482 319
382 472
151 192
400 133
174 100
330 255
380 165
189 434
77 394
486 64
77 472
233 304
30 211
170 157
115 351
407 306
362 488
73 217
446 199
66 167
306 337
275 281
32 210
81 437
387 144
333 359
455 499
344 63
53 95
367 171
224 303
265 474
52 231
210 274
78 155
318 154
302 50
483 395
416 217
136 241
402 490
64 317
25 386
466 135
254 8
174 415
150 338
421 470
267 442
438 196
401 311
375 197
42 268
232 347
404 355
458 83
483 42
170 169
89 43
429 126
406 39
411 431
119 440
35 347
485 257
29 441
73 66
61 65
175 473
13 499
229 279
411 329
496 286
224 59
272 223
64 153
181 346
200 170
134 473
46 54
234 214
393 60
95 212
240 339
239 280
214 357
250 325
39 363
453 338
229 30
385 331
198 391
148 435
52 377
435 114
236 25
238 193
263 276
25 10
406 101
174 464
221 1
380 129
446 222
429 80
323 385
109 295
399 254
315 487
378 469
234 390
56 309
455 95
473 150
79 469
130 408
331 50
18 101
189 239
298 160
94 259
258 148
8 45
428 122
411 164
494 440
13 473
422 269
224 376
236 6
117 230
129 442
434 254
199 358
424 452
269 274
269 291
160 226
62 265
91 19
83 489
354 468
387 493
251 417
59 51
387 418
474 168
222 355
321 284
120 447
203 165
285 194
291 370
372 272
112 155
330 455
381 261
433 257
421 191
269 115
194 237
38 399
445 460
345 52
97 45
354 52
65 248
28 496
126 371
98 358
381 276
212 35
101 311
27 323
131 13
177 254
76 216
133 394
306 398
431 466
340 309
58 290
202 473
207 93
245 470
397 361
358 408
78 498
391 357
397 416
165 378
235 178
444 311
44 88
295 61
128 475
55 246
0 78
56 396
346 341
36 466
372 204
404 188
442 283
83 486
339 129
250 21
149 219
194 11
103 239
478 456
469 332
156 115
140 249
386 7
391 87
453 185
134 474
424 245
362 219
482 219
439 58
135 266
283 484
323 15
371 34
452 434
64 147
235 17
312 134
400 164
139 478
261 149
137 159
111 331
133 498
333 95
253 60
355 103
287 79
275 197
220 292
192 404
320 166
330 111
475 424
59 106
149 162
148 149
498 131
51 164
272 97
478 293
171 363
447 366
174 26
150 83
195 227
100 237
130 249
59 146
271 419
30 331
397 87
283 475
127 424
301 121
176 50
177 460
237 8
144 273
406 366
307 324
313 260
90 272
499 329
344 423
85 401
287 434
78 105
416 248
315 130
99 81
199 197
86 94
310 213
327 179
151 467
56 436
83 321
126 35
48 21
8 148
498 104
490 43
264 261
39 99
221 95
222 64
427 470
497 362
475 449
298 491
91 463
341 148
130 360
1 54
279 39
393 394
241 482
219 105
185 423
396 194
490 208
452 218
59 425
335 223
114 493
443 63
423 367
158 218
409 282
206 166
378 128
5 264
403 148
74 150
374 475
245 399
161 241
406 220
156 143
8 181
410 486
345 362
255 328
19 19
140 153
259 435
188 149
416 190
274 158
360 462
130 42
457 278
308 223
228 141
342 326
138 234
18 203
372 303
61 301
447 158
28 57
168 305
389 247
231 239
440 491
295 314
248 101
275 49
116 278
481 8
42 222
157 171
456 444
229 45
269 86
363 254
300 219
433 33
318 303
450 169
207 103
482 66
340 429
282 384
220 195
131 433
44 482
395 345
186 202
254 181
196 108
232 42
48 190
312 336
450 393
289 349
419 445
20 180
131 50
7 34
236 55
189 184
70 391
195 177
62 186
406 23
33 117
288 291
368 123
187 404
437 73
423 443
443 497
92 370
253 200
152 45
32 63
59 156
283 455
276 268
475 249
35 234
166 209
21 149
81 118
217 163
0 351
407 131
64 349
132 491
384 480
274 416
112 278
234 133
27 298
341 14
256 77
380 116
263 362
112 182
387 360
481 41
201 330
435 92
495 302
35 115
157 285
101 330
302 179
433 238
293 206
303 70
86 326
415 142
91 51
95 376
421 123
330 211
0 175
114 287
336 80
461 328
425 27
85 220
190 444
115 109
376 492
256 314
238 487
245 218
354 421
87 111
262 267
163 184
58 360
173 335
476 334
74 284
292 55
145 431
14 323
24 239
424 354
25 96
335 258
178 295
280 20
356 432
128 254
426 368
204 338
114 86
63 225
146 119
135 6
283 266
109 472
295 0
422 433
146 226
493 207
327 264
127 31
388 472
91 301
45 242
133 377
451 382
156 208
113 238
394 109
98 464
440 274
8 59
257 243
67 49
337 188
306 158
195 299
218 18
305 286
318 407
36 79
331 45
479 335
459 161
436 217
91 246
428 199
469 122
470 96
277 59
14 425
112 302
495 374
252 390
251 337
434 391
66 75
354 102
377 430
83 185
317 427
348 236
195 493
97 29
142 337
473 473
210 373
488 214
407 415
43 210
249 162
433 116
353 222
8 207
228 377
288 152
256 197
217 120
186 337
437 129
245 289
304 295
332 139
118 412
483 473
462 195
290 464
331 181
1 69
257 184
56 152
151 25
270 87
385 380
175 123
369 225
86 179
351 480
208 372
247 286
270 47
476 430
408 171
426 196
161 210
267 371
180 188
356 30
476 103
409 319
237 125
421 68
227 457
423 443
259 84
154 484
115 234
464 231
377 493
106 377
120 245
267 40
122 107
12 61
374 223
130 274
150 488
40 348
50 481
155 497
71 105
212 371
185 360
91 210
383 78
410 480
150 44
239 329
184 216
128 38
340 366
173 258
248 462
331 82
450 131
244 252
255 251
474 406
110 288
232 120
148 408
491 485
4 332
390 339
336 156
399 178
394 31
342 38
73 402
446 427
37 432
221 114
323 334
232 4
282 270
9 466
271 55
483 72
486 416
166 113
50 498
9 275
431 158
280 179
166 364
460 245
257 370
101 92
125 242
276 415
82 456
288 230
367 314
40 24
500 200
415 412
453 411
181 46
165 264
308 165
331 129
105 147
250 111
180 465
157 137
345 197
286 165
292 89
260 274
184 418
232 108
11 190
411 27
476 21
392 181
388 173
220 138
185 130
202 257
81 17
347 210
255 137
361 102
128 196
371 432
294 448
450 302
498 271
467 141
165 278
71 214
391 436
420 436
24 397
126 69
284 253
158 129
374 414
405 257
472 170
150 428
3 403
477 177
43 444
214 33
191 472
181 228
139 182
333 189
423 456
44 111
57 276
493 357
495 63
89 232
454 373
22 193
42 206
40 466
294 490
111 342
95 57
332 361
479 285
31 429
317 394
261 169
430 154
301 219
246 87
311 167
5 358
280 220
184 298
134 174
70 153
432 91
5 99
370 471
391 197
234 422
297 42
498 411
47 388
79 107
276 193
331 206
160 455
249 78
257 260
93 476
48 349
109 193
94 83
202 365
66 268
0 450
7 225
249 387
76 55
289 99
251 371
225 220
460 169
447 460
83 313
468 433
438 45
92 252
73 475
460 124
57 42
304 251
133 36
139 217
437 281
351 385
49 157
294 443
302 451
14 55
75 217
482 249
200 208
228 3
70 171
244 413
253 462
333 326
26 231
19 387
350 331
184 304
171 278
432 384
426 16
165 292
189 194
95 120
381 99
19 413
367 153
486 263
40 325
35 92
462 215
177 263
131 394
179 170
176 5
264 35
20 227
279 278
47 291
303 295
471 266
77 368
438 207
387 451
28 351
452 131
76 100
209 255
496 375
259 285
326 344
280 14
369 180
382 27
151 346
248 382
368 460
244 492
51 268
400 266
469 224
411 211
376 344
180 372
104 134
339 442
429 19
442 268
223 223
165 304
144 60
373 418
298 265
203 219
316 387
467 391
487 31
66 435
486 218
85 428
405 313
175 97
132 152
84 316
453 177
267 164
489 255
498 130
147 324
103 124
358 72
180 366
143 265
384 151
104 449
241 128
272 259
366 269
137 147
61 470
334 130
162 211
363 221
118 187
34 294
450 11
65 482
318 232
5 53
10 144
267 202
184 23
247 498
414 327
340 451
430 394
179 299
207 132
60 455
463 135
267 351
176 377
167 87
299 29
470 390
287 172
276 416
296 259
360 364
362 66
167 493
242 25
2 148
390 47
284 197
50 449
441 431
443 439
458 21
353 290
386 403
398 496
483 344
147 310
358 182
24 334
97 355
484 15
370 107
195 385
170 167
441 104
152 381
214 348
49 314
119 460
16 361
481 473
422 139
328 233
10 134
486 288
178 184
98 8
455 163
127 90
138 146
378 83
11 394
432 472
47 166
196 304
50 119
269 56
279 152
434 23
46 58
402 192
388 490
34 111
166 257
94 67
363 78
92 338
170 332
444 111
223 272
230 416
100 226
146 181
399 382
426 284
240 245
108 490
63 44
435 129
161 202
105 59
360 169
172 264
393 198
0 121
430 194
125 388
295 480
85 141
371 320
23 259
207 453
480 121
285 206
398 197
86 107
172 49
88 325
398 407
360 86
107 338
59 205
363 75
113 40
