327 164
5 87
219 78
246 308
452 276
481 474
77 201
219 441
97 30
432 4
152 406
68 351
192 401
209 227
470 12
310 345
484 23
308 319
60 370
186 25
44 478
448 400
49 347
170 78
128 145
420 266
254 406
380 267
3 423
108 247
148 45
341 106
229 313
231 479
180 253
302 451
351 500
312 104
466 467
96 481
186 380
436 448
162 71
45 335
81 477
263 420
324 14
15 188
9 497
184 386
9 302
144 253
110 165
152 299
65 419
196 431
482 44
261 127
356 106
165 236
210 490
176 269
63 388
436 1
271 369
428 496
405 199
377 240
291 441
294 448
448 14
7 247
180 441
448 63
88 166
158 319
424 264
203 58
457 398
123 1
374 429
383 223
445 474
34 70
176 367
493 23
287 264
122 471
143 2
288 302
32 474
477 427
101 46
126 113
95 491
48 357
221 385
30 78
359 333
459 167
296 95
383 228
367 206
11 491
230 313
408 22
285 143
312 180
449 53
5 38
430 478
40 406
128 49
417 159
11 497
12 44
312 303
148 452
472 205
244 445
226 339
192 424
104 159
456 220
496 16
302 83
0 380
204 319
364 180
444 298
205 254
305 276
36 267
90 478
126 327
372 260
66 343
160 500
254 86
271 46
253 110
197 133
461 304
68 269
128 420
427 117
430 373
384 305
215 236
460 5
347 380
491 227
18 76
177 311
125 11
286 157
135 486
280 335
431 409
390 90
73 221
208 405
303 66
37 66
437 385
283 130
151 386
336 291
227 388
461 157
305 357
17 1
391 58
457 179
473 273
144 112
309 254
481 93
299 336
317 325
220 283
414 99
381 188
52 223
5 205
106 326
54 370
423 11
477 300
34 344
255 455
361 39
497 76
209 124
165 408
182 25
306 420
337 410
350 469
419 25
398 430
52 268
266 357
387 438
19 223
495 249
37 79
229 102
432 146
102 411
177 134
302 173
459 218
280 345
461 350
347 469
51 294
78 154
356 140
409 165
419 60
55 107
27 60
306 111
263 300
213 152
119 274
55 73
251 100
391 6
454 342
74 288
105 320
125 183
418 206
170 451
472 447
114 330
376 355
18 137
276 496
407 14
8 433
24 64
275 499
336 336
194 68
420 235
60 23
232 292
1 156
418 287
87 17
424 68
493 80
330 436
2 370
464 346
159 46
154 262
30 219
197 313
269 489
489 304
155 123
491 417
284 110
196 86
13 179
492 8
378 162
2 296
56 180
244 354
428 470
323 59
221 340
238 382
34 466
90 465
213 275
38 319
37 73
378 328
327 111
113 325
96 361
252 474
303 135
228 331
452 166
227 375
183 429
395 40
287 279
408 490
315 345
453 400
303 308
440 379
112 310
221 196
196 125
357 208
225 396
395 168
110 440
44 277
79 28
58 192
486 14
440 314
410 302
353 176
98 206
205 104
247 397
205 50
132 248
1 229
347 296
357 290
210 345
172 99
32 8
354 24
315 437
469 341
287 467
252 13
389 168
85 181
104 418
475 332
279 462
204 434
123 112
464 52
22 281
210 388
452 128
346 199
50 200
171 59
37 40
80 395
43 491
52 282
432 231
144 436
402 116
106 95
313 70
9 386
431 315
237 415
168 26
287 370
394 225
24 90
338 98
137 77
23 46
133 276
356 304
255 165
358 0
147 383
100 55
262 248
17 357
69 252
399 107
232 296
336 273
244 74
274 327
369 162
163 298
324 141
179 85
479 473
15 317
300 352
306 1
416 315
455 269
72 321
76 472
159 146
498 401
143 475
221 119
135 170
472 270
261 307
292 85
266 330
233 433
424 283
172 324
359 47
326 412
221 117
422 391
170 63
350 159
38 234
402 483
197 31
32 262
33 487
9 391
400 350
84 496
1 8
217 221
162 465
437 414
197 459
64 235
457 230
255 318
66 101
190 321
418 273
144 97
270 404
495 340
291 469
456 27
23 449
107 222
132 338
14 447
189 429
492 481
256 371
271 86
129 376
116 217
312 193
440 104
465 427
309 236
17 261
310 10
403 181
446 437
270 230
200 332
314 119
111 454
464 320
435 221
152 4
273 59
396 296
398 198
26 471
22 120
137 237
397 78
422 348
322 472
350 14
282 151
264 460
399 243
275 237
334 21
40 45
343 56
482 484
206 290
65 144
138 121
104 342
96 112
240 498
253 83
403 363
399 40
478 404
89 474
117 177
127 143
439 336
125 343
276 444
446 4
260 129
201 361
221 315
89 252
265 436
193 283
81 100
74 43
418 483
446 22
422 69
129 77
78 370
459 362
94 97
242 402
4 487
309 156
296 351
80 335
449 379
11 302
329 383
209 213
180 184
192 241
341 328
135 207
344 18
35 157
132 195
262 169
251 90
186 85
306 239
165 165
93 27
235 473
284 298
222 161
230 435
461 102
305 416
237 160
100 446
141 346
440 33
496 146
136 405
153 365
409 495
95 28
46 425
366 47
261 205
141 16
12 290
267 431
415 434
416 248
401 153
194 300
454 203
442 204
38 462
233 10
127 469
388 77
419 390
374 332
282 452
408 135
196 147
453 148
486 390
170 86
168 128
257 308
342 332
485 23
87 496
435 173
32 381
239 365
63 320
158 323
340 54
321 45
329 248
244 40
72 285
109 464
277 289
23 287
255 35
211 399
261 348
115 233
395 205
223 190
258 36
21 389
175 60
466 460
477 230
240 7
340 233
345 245
207 377
67 369
96 67
486 405
162 377
463 74
234 410
289 294
196 69
38 430
209 141
317 185
264 499
104 53
158 447
68 170
388 88
49 122
479 293
469 72
138 431
82 123
202 430
345 206
398 179
200 208
77 46
396 397
97 125
345 22
378 91
497 263
152 140
190 57
101 333
0 301
379 242
56 210
89 476
443 141
448 143
471 446
300 102
404 114
18 255
174 476
46 275
73 370
396 20
397 471
165 418
87 455
205 274
99 9
178 231
427 142
301 148
192 477
198 440
305 232
455 348
210 412
61 207
3 247
439 121
147 72
266 193
260 9
391 464
315 206
233 365
172 260
72 349
25 261
41 93
125 204
479 430
472 494
404 307
11 7
348 298
146 146
301 103
254 482
324 12
184 3
176 423
100 380
185 332
316 469
116 71
385 16
293 453
222 211
153 193
405 178
52 200
247 294
210 428
289 162
80 265
134 495
131 418
323 167
420 290
223 311
105 35
21 467
10 10
47 428
356 78
18 120
376 50
245 70
322 150
457 200
139 402
277 230
285 168
381 334
150 114
261 405
497 175
101 178
423 416
482 338
447 202
64 297
235 227
142 293
286 331
384 195
150 145
59 442
199 459
206 131
262 463
377 363
336 480
56 283
329 462
288 0
96 34
233 68
107 325
71 395
160 60
463 46
66 499
170 461
95 16
365 28
131 380
238 81
71 12
97 62
263 161
90 377
68 215
301 123
440 245
264 76
99 95
246 125
486 303
134 300
355 217
393 141
466 458
172 493
375 430
224 226
284 152
454 107
468 256
241 39
318 156
37 235
53 272
310 131
322 179
54 270
228 466
98 69
122 262
28 83
70 287
141 335
214 486
162 234
376 296
434 288
139 216
111 70
498 194
43 416
262 447
146 354
29 210
20 130
16 452
384 87
276 94
477 31
91 448
312 217
319 461
499 61
73 51
362 232
151 377
165 62
13 367
464 399
34 235
155 442
428 193
185 181
405 184
39 121
88 388
136 293
69 368
30 28
296 482
358 173
487 153
300 207
365 181
290 29
264 128
11 469
354 233
324 139
259 315
332 15
477 54
129 50
18 486
102 212
407 316
155 310
52 372
264 349
257 358
436 171
30 337
434 357
146 463
440 181
283 457
414 494
100 76
38 101
94 98
311 290
34 265
36 427
7 32
293 485
379 208
126 154
189 350
222 56
387 424
374 204
122 343
242 497
431 443
475 461
434 225
317 188
197 264
495 495
87 465
252 177
489 230
407 431
60 150
475 268
335 426
474 400
195 488
415 8
134 334
111 367
215 85
419 266
493 363
70 326
451 254
300 438
185 490
215 92
152 417
465 457
412 22
450 88
167 100
83 68
236 455
434 323
89 486
120 204
460 33
304 160
369 34
470 204
158 399
321 290
322 479
214 346
78 498
24 459
426 162
285 381
208 259
212 62
424 166
451 404
420 401
215 257
74 216
176 407
433 333
290 316
204 436
10 97
241 40
452 216
249 289
287 459
243 135
391 218
175 57
441 140
197 423
489 355
277 450
34 266
147 397
83 443
318 444
481 4
45 199
380 316
409 216
450 347
436 101
254 168
256 427
148 278
394 445
361 407
243 145
258 380
460 396
93 50
347 200
183 213
218 18
432 348
396 325
368 150
132 183
439 305
435 344
250 292
440 228
173 248
268 281
210 69
326 61
426 114
455 241
323 142
217 374
337 224
6 377
158 494
160 344
446 63
217 330
130 256
20 14
95 340
292 152
342 258
92 358
345 127
360 127
248 235
178 344
486 123
234 19
409 170
212 253
208 217
413 397
232 380
28 313
271 61
351 78
80 463
242 331
270 440
137 41
76 12
252 285
276 436
227 449
89 371
307 453
388 395
106 459
230 129
53 307
247 445
171 289
384 316
167 245
63 318
105 77
497 19
295 308
194 469
498 209
332 326
419 11
294 347
483 389
110 372
359 389
372 148
238 222
184 210
392 144
499 443
390 407
340 289
397 454
430 66
357 127
30 399
447 173
362 84
228 464
152 41
471 270
499 247
245 140
53 452
252 240
489 431
254 141
343 412
358 132
133 386
3 209
214 316
498 480
53 495
334 319
317 269
199 5
238 453
357 44
451 331
141 482
1 76
175 394
396 39
75 377
27 254
147 277
408 460
407 93
412 6
336 46
209 338
35 385
349 372
426 383
47 35
335 139
264 190
98 384
298 416
487 107
200 234
252 490
218 145
184 51
267 372
430 149
297 421
233 453
247 32
466 269
418 479
130 47
373 140
126 449
46 228
219 66
244 48
428 452
181 47
360 337
353 67
217 140
338 401
357 299
242 366
116 450
492 86
255 205
257 119
124 30
469 223
50 244
30 420
167 64
37 340
55 500
251 121
477 412
410 165
18 15
404 14
468 301
393 428
230 372
278 377
119 54
328 84
242 233
71 11
8 154
440 58
121 350
387 419
378 300
29 455
284 399
462 275
13 243
326 30
204 372
328 472
3 412
163 421
371 84
216 409
321 356
487 170
195 23
335 185
162 214
399 160
281 233
344 122
432 279
60 400
297 68
482 319
40 469
73 341
464 60
93 213
477 341
15 85
155 396
212 434
201 315
202 139
289 51
318 167
259 61
462 126
390 413
332 476
84 474
90 457
223 478
64 54
233 51
376 116
75 349
275 368
244 347
19 393
369 193
412 178
427 273
260 465
19 476
480 324
219 27
255 124
440 125
171 296
348 186
43 73
480 89
495 416
387 284
23 36
2 464
177 218
222 4
81 42
56 483
168 158
224 25
334 485
214 204
252 423
48 213
142 299
25 60
341 88
53 488
424 267
204 341
312 179
464 497
344 1
235 46
77 444
295 433
429 124
320 216
225 46
40 461
164 81
280 175
30 466
216 135
451 192
443 368
145 312
290 74
23 28
380 138
310 464
438 427
265 262
48 394
292 444
163 324
462 414
224 133
86 226
283 117
147 102
17 262
218 240
415 11
441 182
40 298
299 210
98 475
56 63
346 169
60 152
354 112
268 387
317 190
209 107
338 389
211 70
321 8
57 9
404 424
172 368
405 212
261 85
156 334
206 60
269 196
339 394
451 167
312 288
126 492
330 229
298 31
414 214
165 218
450 401
200 173
135 258
189 415
108 43
51 436
492 96
51 167
451 412
257 397
459 114
214 99
448 193
383 382
278 482
459 494
425 216
331 251
203 204
226 156
180 436
28 226
405 83
232 283
429 126
178 272
219 7
143 197
359 493
272 463
215 334
447 402
267 129
184 206
158 331
309 142
379 316
348 339
91 299
476 378
475 133
342 240
431 132
417 404
452 134
487 493
8 158
378 341
142 412
127 376
340 10
311 38
201 152
152 272
256 441
413 75
459 201
393 356
405 181
275 493
455 36
123 164
55 192
229 329
353 244
8 351
56 142
209 391
161 156
163 142
357 124
381 495
314 333
414 402
219 403
299 337
430 484
416 80
152 390
448 314
28 214
255 43
304 205
191 489
378 96
283 343
319 473
308 278
370 392
346 109
35 376
299 500
77 311
119 461
1 17
249 87
399 62
424 220
67 357
474 103
145 362
306 129
216 308
97 222
388 256
13 444
242 51
104 72
185 379
367 411
78 328
312 17
202 148
406 90
208 179
332 356
0 125
370 375
114 448
92 442
439 260
110 348
258 290
31 195
68 119
393 0
480 2
247 70
448 359
303 322
335 273
207 354
493 413
103 81
132 369
329 269
455 401
237 168
367 77
279 366
366 278
381 153
403 327
18 374
473 292
38 106
104 357
235 215
421 487
488 250
11 94
249 293
155 353
393 358
374 180
57 164
83 285
87 32
6 312
236 107
71 186
70 460
393 104
467 168
290 66
87 340
498 147
329 312
300 81
329 373
74 140
51 279
262 239
25 27
402 94
342 479
325 298
99 181
45 288
159 167
344 115
457 202
129 62
183 249
86 318
404 121
156 17
305 8
115 479
228 495
167 362
434 126
301 51
72 155
292 125
164 109
352 469
425 2
81 453
108 207
354 322
166 74
280 238
278 340
151 177
257 199
405 318
414 130
372 49
181 239
25 259
225 316
185 262
494 359
428 324
398 291
85 297
371 476
244 33
24 257
424 434
162 414
346 111
371 91
387 286
413 94
59 217
119 147
254 234
483 423
286 417
337 118
201 378
142 151
323 371
10 334
300 187
135 387
5 263
419 315
407 1
265 196
427 59
4 166
478 294
1 319
141 368
50 279
200 82
451 362
60 291
490 444
499 42
213 90
296 446
132 274
378 152
255 180
154 43
4 285
22 407
191 293
114 268
128 263
312 117
303 171
197 171
315 63
452 381
370 21
453 115
398 418
51 278
271 288
463 263
157 366
285 213
101 82
199 334
76 72
71 487
55 370
491 38
24 34
134 126
186 36
311 147
295 366
331 143
88 434
417 429
423 385
445 319
188 289
305 242
466 59
251 145
365 460
94 371
123 437
55 5
288 16
243 288
150 323
428 472
459 257
145 463
305 19
157 157
378 35
142 98
411 476
400 124
484 160
112 102
417 275
380 468
461 242
143 102
453 62
242 407
378 279
286 362
302 338
264 386
391 12
158 285
49 87
329 487
136 174
266 255
357 474
210 104
223 5
401 392
306 163
347 157
190 273
320 134
290 253
33 295
32 36
365 485
448 179
374 187
475 66
259 358
260 46
74 118
357 337
488 369
224 95
326 438
360 173
186 435
117 401
484 154
121 469
283 308
425 70
136 438
155 478
53 137
366 192
315 267
90 257
51 145
390 310
137 204
487 348
70 311
267 362
46 56
370 427
227 33
159 290
62 289
238 201
78 189
28 427
456 351
432 402
198 149
325 170
412 213
349 377
39 131
443 483
57 247
462 122
385 28
179 26
201 94
492 302
321 357
351 180
400 358
345 151
474 252
94 430
57 57
308 488
298 85
479 357
394 96
492 393
385 336
23 284
170 290
197 355
403 221
241 389
53 427
79 393
414 340
476 445
363 443
224 182
258 256
342 37
293 272
142 153
366 139
135 22
280 187
262 92
463 333
396 484
386 214
397 110
77 35
229 326
431 192
368 75
348 301
7 136
279 432
430 71
189 208
307 356
365 106
257 135
207 310
492 259
435 108
368 180
342 83
308 72
106 98
493 293
182 137
470 4
285 20
463 18
128 432
114 72
127 172
81 14
405 178
92 264
242 224
429 321
15 173
331 141
383 494
276 462
48 400
397 395
268 76
498 473
66 484
439 365
39 118
49 314
139 414
454 435
294 25
20 479
30 145
91 331
273 375
411 467
111 0
176 418
247 361
482 498
161 370
206 425
381 334
132 140
102 388
38 428
55 76
209 408
305 279
65 403
202 84
265 391
337 324
191 406
364 472
256 260
338 143
420 133
111 309
189 91
500 123
18 142
37 6
220 121
119 338
72 348
254 72
58 27
86 349
288 253
211 16
110 490
227 42
172 449
180 81
426 237
14 12
260 21
491 155
436 129
339 264
291 48
459 86
159 328
175 447
211 437
371 111
114 26
80 368
343 426
485 198
346 138
376 432
480 332
282 277
379 118
326 191
270 55
410 497
78 456
116 391
413 220
5 31
463 237
140 387
340 470
7 70
137 67
154 132
233 168
452 74
95 351
188 224
288 121
102 363
98 292
425 154
319 317
212 300
73 319
109 129
27 152
137 130
139 458
249 144
450 63
2 195
198 102
261 48
475 452
467 127
344 5
132 54
275 105
316 51
0 176
299 249
304 2
113 21
284 470
159 426
334 455
126 382
94 205
52 111
436 123
192 200
76 314
53 407
175 314
119 233
128 495
86 220
382 491
159 498
31 420
212 374
214 384
249 150
326 191
177 170
8 385
254 179
443 386
451 110
68 85
18 376
13 478
485 396
28 186
227 377
402 94
172 447
195 272
166 279
108 302
69 486
110 97
350 22
402 414
393 142
462 210
218 315
232 245
157 197
262 66
95 19
195 353
233 144
262 290
340 240
188 92
474 435
163 450
494 421
431 37
258 39
382 463
17 204
286 351
73 234
278 126
174 429
50 348
163 300
205 242
499 23
20 299
126 409
368 349
412 69
426 481
331 49
139 259
136 163
217 240
202 379
96 357
197 116
406 105
399 301
462 65
58 246
234 426
408 54
70 345
104 170
36 474
303 316
268 316
131 166
71 47
17 117
360 412
194 11
432 153
269 22
19 139
150 394
441 343
144 137
8 268
219 484
16 169
320 106
53 10
285 222
250 463
452 302
135 120
111 378
43 155
67 322
48 224
176 48
245 183
20 88
463 160
258 85
11 247
105 250
447 205
117 193
5 353
107 28
116 345
132 67
328 208
422 266
132 245
458 128
233 455
107 274
304 196
362 305
284 196
341 188
365 121
197 300
281 255
373 77
238 258
205 42
252 238
159 410
85 458
73 363
117 362
248 219
228 400
489 331
115 127
172 459
387 263
305 30
295 44
300 491
201 174
244 100
241 59
77 258
304 115
489 117
129 36
142 430
76 65
404 368
253 500
89 37
42 231
153 312
386 32
459 290
321 413
63 187
134 490
228 311
127 187
482 144
271 319
418 43
467 313
299 392
322 477
310 488
264 478
406 107
276 256
400 125
139 405
163 419
30 184
303 395
187 193
175 260
177 70
166 284
8 81
193 316
116 120
310 429
174 404
309 357
140 278
84 237
11 398
131 167
145 29
100 310
177 191
483 310
303 208
499 5
450 455
385 482
484 240
482 287
392 338
208 33
265 43
125 306
476 33
369 438
16 465
46 135
263 398
247 197
405 325
131 323
320 83
235 81
395 350
238 372
147 373
204 264
56 442
472 149
273 101
465 342
91 9
460 397
437 35
97 49
406 193
461 239
34 238
79 141
423 51
449 46
260 305
493 118
179 16
153 389
456 196
28 287
305 24
335 479
300 416
305 123
326 359
276 181
298 426
134 404
312 288
406 142
476 364
373 462
183 6
131 280
267 375
90 438
310 468
366 343
478 138
286 40
299 65
397 413
388 349
193 324
296 104
108 90
236 122
455 41
500 176
385 319
153 107
417 333
386 416
388 327
135 468
489 0
397 386
341 420
406 289
301 335
266 171
497 267
257 469
49 157
255 398
69 104
359 27
495 230
91 91
332 365
401 390
32 28
121 476
286 29
461 113
379 477
55 263
251 372
185 344
57 191
104 333
267 165
303 349
301 302
73 387
483 372
365 66
322 36
110 435
142 158
145 166
460 87
107 485
214 167
219 256
2 112
203 267
284 7
37 268
462 356
204 353
281 290
118 394
69 4
228 218
115 71
246 89
271 248
197 482
62 228
258 22
90 294
244 54
318 100
297 58
96 75
157 68
344 336
264 125
77 211
309 464
284 89
418 102
375 86
319 230
366 177
51 385
468 142
414 5
122 201
238 295
68 186
407 122
110 471
384 449
163 230
141 123
247 54
417 227
8 467
438 153
387 342
390 337
452 55
188 432
124 394
365 111
479 117
306 351
283 249
305 24
86 197
86 480
67 488
306 78
257 226
337 432
475 244
27 407
2 349
289 209
237 341
489 94
427 434
128 467
238 291
34 273
448 318
351 38
257 22
46 118
231 19
375 53
183 178
410 79
336 428
315 117
239 144
265 187
144 361
168 299
164 327
351 404
29 497
75 283
60 131
220 336
441 310
203 318
169 427
19 323
31 406
451 436
149 386
366 55
464 13
219 441
120 340
27 366
229 171
68 401
309 309
85 169
280 271
270 100
204 390
257 120
373 113
206 426
479 284
422 131
476 131
159 486
232 395
296 469
121 490
456 111
133 53
168 461
200 327
409 133
64 397
412 170
102 347
52 256
187 220
332 103
89 301
209 110
16 431
361 72
238 13
124 161
76 163
181 321
18 29
369 130
392 68
327 140
180 228
413 470
491 403
139 338
326 327
423 200
442 458
402 478
87 150
298 249
175 128
222 141
383 240
324 413
82 186
4 170
323 423
157 253
90 396
38 482
323 255
376 342
124 207
420 326
305 306
295 418
165 155
396 141
494 473
31 439
351 213
148 217
1 205
234 131
159 499
335 458
156 398
194 68
324 210
127 476
253 146
330 122
176 197
138 127
149 262
157 434
383 142
415 31
5 210
74 7
199 179
353 298
352 452
370 176
89 272
443 303
179 314
48 71
393 446
476 321
340 132
269 254
28 385
494 84
416 303
369 233
135 140
0 108
313 309
431 4
337 481
364 239
176 76
385 183
173 408
136 350
192 18
252 295
93 485
72 351
449 152
132 96
294 426
180 53
380 15
139 229
166 397
123 438
397 472
493 289
170 300
371 329
466 255
256 373
188 475
202 467
307 215
253 355
450 406
482 359
14 360
298 145
150 267
201 337
397 143
411 268
346 313
200 180
249 474
132 424
221 122
38 61
442 262
317 179
394 219
92 410
318 441
333 435
398 280
352 273
9 226
183 101
391 138
14 389
440 257
471 57
165 35
308 153
293 291
142 144
162 111
201 253
489 376
315 393
158 244
29 254
376 440
18 150
300 120
470 52
207 298
346 385
393 8
69 351
450 35
240 260
201 129
82 174
85 155
186 42
7 484
292 241
474 171
188 109
278 73
22 370
365 393
396 187
121 120
425 36
446 433
261 253
168 283
80 220
174 98
148 152
468 257
481 115
327 348
359 359
391 82
143 213
366 253
95 454
116 170
68 46
244 347
26 402
497 79
430 494
414 14
378 333
434 298
260 103
271 179
54 88
271 178
329 359
467 440
223 307
297 45
259 86
173 38
362 192
384 293
473 395
38 399
295 128
0 339
407 367
110 389
62 362
145 377
452 154
118 339
377 337
143 210
267 82
476 198
485 438
274 51
220 20
240 96
331 77
334 298
396 91
26 484
479 426
16 2
182 29
307 363
320 495
356 410
45 53
124 321
291 224
65 100
17 221
381 52
438 256
11 281
204 59
477 301
165 51
391 90
3 343
213 291
416 129
48 394
329 491
112 480
313 400
174 316
263 471
208 291
170 452
126 450
416 33
196 227
32 425
223 105
386 18
472 400
279 272
61 434
108 316
329 44
171 89
29 19
16 159
309 267
92 386
326 9
487 158
467 200
491 457
24 43
231 204
229 286
215 166
153 219
36 263
136 70
146 217
335 53
410 383
407 420
92 430
470 418
385 147
441 254
123 280
137 49
417 107
213 99
468 24
436 232
63 203
173 221
413 115
2 281
442 33
67 124
82 355
347 326
211 455
226 278
95 90
341 405
451 66
154 345
350 100
186 449
479 238
15 478
456 422
33 67
189 269
307 226
266 85
302 390
377 366
125 395
394 258
391 341
56 181
322 146
54 427
434 294
405 5
250 296
241 69
254 131
427 138
489 216
144 156
244 210
249 39
183 45
177 281
118 7
472 336
254 462
382 296
384 331
70 306
208 271
93 104
159 407
353 137
399 273
79 259
342 53
157 254
131 346
138 293
464 5
421 298
164 195
488 65
474 440
175 380
113 338
164 54
180 307
96 493
241 105
69 149
378 133
392 475
451 19
103 320
296 214
353 441
103 113
48 54
75 264
299 319
360 413
16 391
172 141
402 481
92 166
226 246
332 21
162 344
344 411
250 239
4 116
20 69
285 12
209 80
356 196
478 222
245 366
464 79
115 315
213 324
487 184
63 82
101 233
277 184
123 448
319 402
413 167
186 442
207 416
120 386
409 453
103 425
209 172
183 89
38 92
96 447
388 38
328 75
491 296
275 497
468 14
45 466
450 384
486 171
120 415
343 38
93 428
77 428
83 68
324 437
0 94
389 405
365 10
298 184
453 83
155 409
51 79
51 468
100 74
42 433
1 19
260 149
460 352
247 415
243 142
474 143
333 224
127 486
180 409
436 236
106 172
155 343
7 191
426 385
381 148
226 132
491 408
169 285
324 288
340 8
428 275
248 146
181 330
145 415
296 256
350 6
300 139
307 379
71 126
377 219
386 239
495 466
286 289
95 422
264 44
27 63
460 316
478 159
154 19
429 140
299 90
397 492
269 192
40 434
179 459
28 351
114 313
184 232
315 449
435 142
70 462
362 274
442 166
466 306
390 93
194 213
474 298
294 251
312 498
139 250
149 91
39 354
35 435
426 481
201 333
463 178
304 212
62 321
412 263
40 163
120 30
464 14
497 31
150 424
281 233
10 36
128 145
457 316
185 75
271 371
352 144
90 74
148 137
200 283
223 485
225 35
423 231
2 164
61 82
335 236
306 139
500 213
286 411
338 163
94 188
75 71
398 229
276 416
239 434
38 40
352 6
130 495
402 55
183 388
88 315
162 322
69 390
384 265
461 77
305 242
177 441
491 47
481 401
294 29
256 259
350 335
55 319
248 151
461 93
265 247
157 342
172 146
396 274
423 200
143 114
264 368
217 381
249 352
104 108
486 107
123 46
374 250
494 393
275 124
163 26
309 357
100 398
491 154
370 316
171 145
304 122
409 457
188 375
70 340
300 152
157 364
284 410
493 84
261 56
198 134
494 148
288 295
468 306
80 408
457 340
121 359
11 180
82 244
455 60
16 112
35 141
61 492
443 179
252 246
66 279
24 67
259 11
89 416
410 299
365 220
310 439
131 85
230 228
28 148
50 154
416 492
140 442
101 71
109 44
303 485
12 235
154 51
346 97
197 253
55 359
240 16
491 291
103 112
167 201
395 346
244 159
447 393
203 197
177 335
445 460
410 359
181 310
107 93
444 259
326 178
267 272
272 85
275 315
112 181
415 205
332 386
97 123
73 418
498 325
4 330
237 85
226 121
370 47
374 302
59 340
187 78
84 265
93 304
228 253
43 319
183 382
151 184
10 464
392 261
26 247
469 246
250 394
437 312
77 239
308 117
308 300
34 271
292 261
455 148
291 298
460 6
325 195
16 367
6 142
350 301
483 270
269 74
326 327
99 32
380 69
63 6
222 9
105 249
93 324
456 240
210 484
453 343
106 413
357 410
25 303
200 328
102 328
18 119
439 116
16 175
115 192
418 3
323 238
41 153
470 357
161 429
213 267
18 338
436 21
490 317
381 120
309 107
113 371
490 437
35 236
360 30
381 142
16 66
134 344
190 224
281 375
277 268
359 275
9 279
173 272
249 170
11 154
78 85
142 1
231 270
494 443
117 180
20 128
308 20
237 22
176 205
211 493
356 227
400 499
107 39
120 288
120 201
137 191
400 278
454 395
249 271
61 457
300 291
200 475
203 235
447 26
298 44
319 195
377 46
340 45
112 211
449 98
399 280
394 137
362 74
45 265
259 212
163 110
200 91
151 299
312 188
178 132
162 215
212 255
122 424
165 275
357 171
342 320
289 442
334 413
300 437
262 421
17 454
272 403
469 433
123 69
45 181
212 261
47 434
465 356
249 24
118 100
350 47
300 403
229 456
324 81
230 434
487 226
159 380
104 292
168 388
15 467
32 152
372 162
213 451
399 22
127 200
377 246
244 434
222 76
312 457
180 491
346 38
261 282
255 23
48 367
387 472
414 179
67 231
67 465
101 406
130 381
120 481
482 374
4 383
370 5
100 293
184 147
108 482
164 77
149 26
56 208
247 494
243 288
297 220
206 311
96 296
29 308
434 271
476 429
358 195
131 36
91 18
232 326
492 75
279 67
357 85
18 424
479 447
455 471
207 230
301 233
104 228
110 425
34 323
326 90
296 143
164 281
491 500
233 50
18 300
154 188
217 221
91 150
440 417
366 158
339 136
132 464
423 43
409 283
425 315
213 45
291 458
336 225
20 86
402 234
9 216
166 282
51 24
205 464
133 176
65 201
160 159
212 456
56 60
182 481
395 306
374 229
126 419
20 388
360 380
162 440
220 374
323 339
488 108
381 246
287 375
197 469
163 185
262 280
500 458
63 223
263 5
486 469
202 38
448 57
73 370
101 284
282 460
278 114
54 472
206 283
144 114
251 209
399 139
326 435
6 482
188 53
427 340
105 26
208 451
207 173
268 237
80 425
53 135
458 196
488 160
305 266
77 376
126 146
112 72
460 297
199 342
70 2
406 331
395 231
41 426
381 99
134 347
255 191
68 205
15 263
8 390
317 315
411 472
192 224
226 193
30 473
168 344
437 463
105 454
340 152
387 390
426 172
93 116
248 259
8 366
211 266
164 173
59 485
106 311
256 412
484 227
368 25
142 386
31 457
51 476
243 334
84 6
156 78
342 281
236 292
121 217
83 156
372 454
308 377
385 432
412 257
412 299
362 330
218 317
386 0
113 487
371 108
403 16
106 435
313 328
192 464
355 128
490 215
109 172
42 310
301 379
347 187
422 149
472 463
456 417
354 476
105 210
284 247
3 287
83 360
1 190
140 454
481 192
226 40
308 148
489 261
21 188
445 29
194 496
91 252
184 64
423 204
271 111
273 500
141 263
102 114
267 458
456 418
339 167
299 43
430 272
329 284
284 161
443 447
282 256
312 26
108 176
494 112
154 290
481 42
458 153
476 88
160 457
70 481
360 294
117 375
415 164
104 388
270 401
3 431
227 64
426 471
163 170
36 354
164 191
374 85
318 266
6 229
397 94
430 382
131 485
421 201
269 37
97 381
132 335
91 436
82 104
395 466
477 400
135 283
180 237
189 234
18 121
282 131
479 364
365 123
10 202
431 58
266 130
363 401
307 176
280 264
403 114
398 206
45 33
6 37
369 257
337 144
24 406
152 359
53 497
329 63
90 411
389 182
408 253
392 68
27 25
358 324
447 148
30 373
500 247
176 459
469 256
353 274
222 461
462 190
4 38
246 72
57 248
106 337
106 98
139 338
399 58
454 363
358 118
403 351
314 119
374 207
146 476
168 34
22 102
397 108
381 330
7 475
416 337
183 248
59 68
151 368
229 11
145 247
457 480
183 406
147 171
209 265
218 455
345 447
98 58
177 410
274 302
212 232
33 211
135 495
314 61
492 243
213 278
32 357
52 309
298 309
46 452
465 276
226 80
336 295
239 396
9 351
30 406
453 367
451 459
31 40
424 108
144 66
248 101
339 175
221 493
248 228
344 355
311 2
425 332
390 480
127 100
215 359
487 312
393 245
389 312
79 488
46 366
8 64
287 107
58 178
357 136
489 489
437 292
483 107
49 321
2 47
375 126
262 495
373 25
58 250
492 379
289 439
423 432
353 231
325 29
433 282
80 414
141 127
252 235
143 438
271 284
175 149
179 87
140 370
445 243
80 66
436 486
426 135
300 426
468 490
32 366
298 309
163 207
22 287
310 209
363 329
187 208
56 418
177 444
300 224
284 467
109 160
438 297
90 456
429 3
390 350
86 74
349 0
66 228
481 86
408 234
236 372
465 262
212 243
352 410
257 306
325 458
396 88
195 383
222 275
337 328
479 152
282 238
233 160
180 400
179 64
263 69
245 285
395 458
140 324
466 176
218 139
363 274
9 148
213 204
402 468
274 32
447 479
438 139
311 326
291 267
198 412
75 220
257 263
308 217
204 140
48 149
452 413
499 370
8 234
150 32
246 178
450 103
344 381
354 82
352 427
144 424
414 295
489 208
132 190
88 45
210 208
446 382
426 131
378 181
324 141
298 456
73 186
496 14
453 15
136 47
289 240
149 44
418 229
442 394
457 103
106 493
417 326
351 52
77 215
334 262
92 131
443 430
378 181
280 93
171 453
245 72
97 313
326 369
89 234
107 196
317 453
73 211
264 272
70 24
278 372
60 120
365 244
108 351
28 57
267 410
480 210
196 110
182 101
55 255
158 497
278 312
445 140
29 14
33 404
456 339
240 245
292 278
76 119
286 82
100 373
375 359
96 118
56 150
52 113
156 436
228 154
295 282
206 370
195 34
345 125
343 258
163 361
49 49
265 494
35 43
425 447
477 224
169 222
220 487
71 470
174 145
415 475
64 243
341 397
214 133
185 74
147 481
399 157
459 142
24 42
491 11
458 415
362 307
410 287
470 268
124 292
281 103
93 188
392 471
330 28
276 371
173 400
346 407
132 168
151 406
459 33
111 94
343 205
229 85
42 415
368 180
62 203
339 185
118 112
419 126
168 8
321 180
425 261
345 186
157 10
12 269
316 108
235 105
60 64
169 271
22 68
303 476
385 209
121 457
182 22
118 101
113 244
451 451
178 64
83 141
431 358
29 207
381 461
204 82
22 484
410 467
48 372
107 272
457 420
497 329
172 345
496 76
490 416
310 487
96 82
484 315
344 254
122 157
418 265
188 323
324 198
191 239
393 405
18 452
108 334
204 269
65 423
102 409
0 485
232 480
311 8
71 54
406 375
380 190
72 423
59 423
434 273
19 342
174 337
2 392
198 438
233 268
426 476
39 251
444 66
142 284
66 58
235 233
457 487
329 145
339 278
170 71
350 491
74 93
489 305
482 130
295 153
199 456
106 426
124 40
441 54
92 363
384 83
65 104
239 251
92 86
500 271
61 301
29 291
186 237
408 409
286 123
319 441
19 305
437 311
288 14
362 265
11 472
287 305
133 428
482 208
58 348
320 17
35 100
272 280
47 459
77 403
167 182
454 302
164 296
259 330
159 217
207 413
402 165
450 101
122 469
176 180
192 181
287 247
70 30
236 320
446 176
313 271
22 286
215 71
317 320
387 298
385 28
11 110
144 160
322 227
273 190
330 251
375 92
166 14
361 462
390 279
458 213
188 289
26 101
175 43
458 72
58 65
436 438
96 27
285 487
347 375
394 317
12 421
322 496
290 168
94 267
4 78
427 293
31 189
211 158
467 390
165 206
127 284
140 257
71 420
286 316
29 263
75 462
500 152
92 445
98 252
154 191
11 164
355 206
241 8
373 239
383 323
179 19
393 186
171 75
57 304
482 256
203 269
284 286
134 198
448 78
339 196
405 139
385 474
76 6
191 235
228 166
50 327
384 15
136 391
455 254
120 222
261 414
170 383
92 430
441 13
12 15
38 221
497 451
261 300
227 381
291 271
452 437
184 187
274 116
98 371
344 490
317 330
27 199
291 114
353 463
175 338
386 340
306 9
207 314
121 169
224 203
115 77
461 293
34 478
246 344
379 20
402 251
485 327
5 253
236 482
36 292
427 136
282 35
213 29
333 211
43 407
166 154
310 268
100 286
379 158
23 451
258 452
295 142
466 383
117 195
226 250
110 198
190 443
152 389
473 250
368 198
180 160
89 39
402 107
14 390
279 389
195 339
92 18
463 96
153 172
54 175
453 79
45 244
387 459
99 424
223 273
269 207
25 8
395 364
15 93
117 52
490 429
267 145
395 85
124 491
76 255
336 124
87 370
423 168
219 161
108 388
420 453
219 326
459 55
321 379
486 61
302 446
369 1
113 471
60 481
308 489
