216 182
403 34
364 36
195 6
0 157
157 115
5 73
277 279
284 54
14 374
154 399
403 9
397 79
340 132
132 338
373 492
454 464
323 445
202 322
17 27
331 171
151 83
495 175
365 119
163 111
239 147
28 260
387 413
192 221
10 195
416 477
178 122
143 282
179 425
202 306
419 247
162 368
404 161
375 358
182 263
186 73
446 150
113 340
174 244
377 384
494 285
323 328
323 325
383 267
300 423
123 463
222 368
367 239
305 184
73 103
405 182
322 343
214 192
357 366
69 347
480 497
190 69
390 27
229 425
489 314
406 482
443 143
423 485
464 118
209 411
29 46
245 302
481 469
293 488
195 18
480 484
232 394
182 341
277 440
91 273
467 162
276 352
58 415
153 485
343 310
167 259
127 189
68 52
283 144
123 279
313 308
376 430
265 238
275 476
167 113
195 330
184 372
212 302
84 113
134 136
338 295
297 223
28 4
402 323
360 191
265 49
292 289
1 271
313 429
139 212
155 390
107 452
232 379
340 470
225 117
457 104
430 113
244 345
75 32
57 125
386 50
147 3
24 183
130 320
316 2
183 294
21 70
108 468
163 300
71 318
481 197
445 162
374 19
186 5
343 464
366 278
207 250
160 69
492 453
385 359
369 400
326 14
365 324
471 375
142 262
266 18
353 461
186 5
103 342
185 139
191 304
360 60
38 285
186 401
118 32
158 287
422 491
213 31
491 22
320 424
12 357
104 173
281 115
50 161
227 460
422 118
466 147
35 415
231 272
178 137
196 229
318 374
223 272
48 367
363 84
259 258
99 112
46 391
390 367
91 118
357 50
333 334
323 67
75 162
160 97
478 115
403 472
108 296
488 144
400 11
263 260
344 147
67 365
279 363
53 327
60 361
373 243
119 403
360 49
281 320
95 220
438 404
120 150
226 246
158 366
348 127
180 107
27 357
422 117
223 65
120 450
323 259
35 283
143 292
398 102
369 318
454 301
446 375
381 217
34 444
253 379
15 426
337 299
430 343
115 480
246 480
96 328
153 155
128 444
178 479
345 154
266 347
73 313
51 142
238 377
239 145
152 288
43 0
9 384
167 51
46 213
363 139
93 141
306 233
465 89
152 336
90 406
114 97
88 322
122 469
486 432
284 389
128 209
327 250
34 324
407 498
317 25
78 310
400 287
464 138
27 390
30 379
86 336
185 230
177 179
170 356
414 283
11 146
438 394
248 397
264 423
361 251
72 10
140 473
82 350
92 11
366 372
69 354
399 112
499 318
201 144
394 394
207 289
57 431
484 185
463 319
329 431
406 404
377 161
3 271
15 90
382 401
72 86
223 445
422 251
318 419
225 357
184 182
117 235
418 449
225 255
281 411
96 217
106 175
324 487
418 131
162 179
418 311
289 466
5 187
61 160
183 308
347 251
328 72
169 413
207 483
343 342
219 9
226 121
43 7
64 268
459 38
134 376
233 497
176 135
158 347
329 169
475 451
101 389
86 493
10 469
177 226
26 349
149 233
474 452
236 282
246 305
201 288
481 439
470 183
134 476
21 482
211 42
180 270
451 123
308 222
471 68
180 76
120 5
79 305
291 338
436 188
104 288
207 118
239 97
200 32
266 302
221 77
155 85
265 329
129 389
80 138
385 268
356 405
153 495
122 99
111 364
397 149
411 318
196 30
496 459
439 397
408 237
31 145
400 285
339 163
271 70
31 337
445 419
447 170
476 151
4 292
110 168
482 467
295 413
420 25
185 84
270 167
46 399
245 177
244 172
401 423
490 482
206 6
423 486
459 86
404 5
131 479
362 8
220 307
50 133
265 381
101 161
201 329
356 165
56 147
104 97
449 78
187 212
26 286
298 406
324 2
35 264
91 103
22 141
301 40
209 350
298 303
100 480
154 298
457 325
29 344
269 264
289 22
224 475
125 481
244 299
96 255
235 285
401 294
344 191
366 121
489 226
104 147
307 198
311 300
154 286
258 429
174 33
330 152
462 17
354 233
23 447
168 470
468 46
202 212
230 199
176 295
465 395
496 314
487 449
19 192
226 69
320 21
74 396
441 45
177 454
497 285
209 363
187 482
283 382
376 83
122 430
345 135
425 378
401 456
300 320
146 348
27 251
23 446
33 375
63 464
23 274
135 116
454 341
37 307
34 48
366 94
119 232
493 58
478 426
113 447
105 11
252 500
417 109
496 333
409 275
64 404
263 308
330 210
352 249
189 107
432 209
203 208
313 383
402 329
384 415
42 138
388 123
100 395
252 306
449 130
190 94
484 404
373 68
3 201
80 243
370 283
490 394
191 29
329 142
386 424
328 70
273 405
434 204
28 90
152 253
176 394
457 314
140 120
148 317
262 50
487 177
183 324
203 495
408 195
3 410
451 106
210 58
90 473
464 266
169 321
124 185
199 388
183 294
77 285
208 168
23 145
27 338
424 118
486 18
282 269
470 0
327 417
290 418
478 285
491 200
216 448
284 49
338 215
331 470
150 322
260 305
459 197
349 98
230 472
167 197
290 193
483 353
491 397
6 353
100 471
231 186
441 342
451 500
189 459
274 486
65 51
190 242
327 295
100 465
398 471
470 236
86 167
472 132
262 115
127 291
167 309
219 492
79 211
35 246
284 240
353 145
79 158
60 392
401 478
430 348
255 476
371 6
36 76
77 26
16 81
289 216
250 453
331 78
497 461
325 7
278 416
265 287
261 194
118 197
459 127
353 422
208 44
180 37
440 68
192 51
214 490
312 392
33 291
91 294
276 385
445 172
130 17
398 488
232 18
166 181
469 198
67 460
148 88
8 109
163 45
239 350
185 107
193 166
408 456
88 221
33 300
8 356
432 399
346 429
297 486
173 401
327 469
286 38
171 357
172 33
42 251
80 217
460 41
482 53
50 426
117 205
165 137
42 59
151 64
108 196
30 393
381 184
95 209
136 495
184 314
240 108
29 395
62 70
224 318
171 417
280 434
251 281
156 199
363 71
389 393
489 250
492 193
300 63
118 320
492 289
3 312
169 475
360 429
258 282
382 456
426 303
8 163
106 97
476 414
402 349
431 133
36 355
371 68
371 238
264 376
448 83
209 467
463 355
362 498
49 232
27 272
316 157
287 331
414 135
267 220
166 359
460 344
246 52
364 184
328 5
460 459
434 262
299 292
93 74
370 383
307 361
498 498
94 251
32 275
332 207
224 242
47 436
72 41
244 461
375 381
483 266
8 283
470 324
177 173
75 191
332 358
212 136
72 58
179 21
309 203
39 186
487 462
75 220
175 327
500 75
297 492
451 137
414 416
447 298
370 163
141 484
295 490
16 361
223 213
483 164
70 439
298 278
413 17
156 46
470 488
367 362
313 437
59 385
109 27
456 190
173 221
9 58
462 207
197 452
323 442
383 236
286 85
459 479
474 110
263 27
347 325
130 193
383 313
200 17
432 114
50 205
478 423
153 496
135 89
10 129
367 427
278 182
431 467
314 71
482 331
277 276
149 472
77 392
197 292
130 376
285 286
230 240
487 74
125 277
84 217
202 238
306 363
495 246
34 378
266 182
46 6
296 211
370 463
335 30
421 149
46 134
269 106
275 427
300 181
203 47
250 320
110 415
345 421
150 284
354 278
234 272
101 235
360 263
332 291
160 43
12 446
393 92
136 104
235 9
475 327
361 162
115 485
133 237
26 457
44 253
459 281
56 478
55 188
370 132
306 60
147 4
445 326
189 292
95 233
419 87
100 91
70 341
288 106
396 5
357 12
175 176
341 248
217 250
283 388
417 212
43 349
179 23
362 388
407 109
124 325
126 377
488 465
12 304
401 69
244 18
46 414
66 144
97 374
345 164
14 412
31 160
63 343
109 212
144 404
13 167
199 355
358 466
385 82
378 449
315 399
133 317
123 440
209 276
459 115
58 287
29 153
242 172
29 328
109 219
400 192
462 147
127 53
440 475
498 23
279 313
99 62
79 409
214 352
23 94
433 485
216 410
87 211
436 450
318 490
71 418
125 63
313 386
151 194
339 56
389 272
337 147
226 203
229 163
181 463
123 431
458 350
295 468
154 365
90 143
231 287
261 204
311 209
157 265
230 173
327 493
33 361
243 186
73 377
221 47
263 43
368 314
39 241
132 365
142 481
73 496
98 194
327 482
18 457
76 385
95 290
124 15
410 20
71 127
321 63
412 489
14 395
107 318
298 90
205 90
155 451
346 337
74 281
19 384
357 31
433 145
212 64
162 269
95 296
47 472
443 179
438 312
348 222
117 234
182 357
34 223
204 398
444 158
296 66
200 64
483 451
402 494
351 257
105 201
171 293
470 455
473 68
392 273
453 233
189 173
242 17
197 279
292 251
65 270
274 353
249 336
153 273
203 79
444 71
154 375
218 448
336 137
266 332
491 107
58 231
488 374
459 115
321 314
264 368
49 320
478 337
171 292
126 25
129 23
442 130
168 235
313 129
292 259
99 103
432 206
174 272
82 69
375 43
482 37
169 231
70 136
93 407
203 472
261 414
199 248
23 476
455 149
200 372
269 236
308 474
84 152
183 249
197 366
12 111
45 85
472 263
246 166
329 4
79 278
44 404
458 63
193 411
190 311
152 67
303 9
140 291
418 152
380 336
478 460
31 206
464 17
411 449
416 10
160 186
439 228
239 337
342 110
487 243
206 293
343 229
217 329
417 60
180 271
162 100
69 435
238 394
6 2
404 306
14 365
435 472
283 27
308 462
478 207
132 45
411 200
243 307
414 449
466 460
155 354
318 82
120 326
331 149
499 451
420 204
377 115
126 491
382 205
142 445
150 357
402 269
43 135
137 159
292 345
400 305
398 117
350 124
49 172
208 301
370 430
296 41
480 267
65 289
357 184
26 247
223 253
22 305
238 74
475 284
149 249
317 178
325 478
419 256
75 436
189 112
429 368
421 2
431 359
183 169
95 470
361 35
435 50
427 324
75 451
439 126
488 389
171 246
44 222
41 320
352 54
78 319
121 103
289 495
133 265
40 250
64 290
492 248
285 199
245 478
144 255
272 145
109 216
488 1
267 289
312 240
175 244
20 218
77 391
135 379
474 233
60 269
133 220
411 20
137 10
398 267
170 175
140 134
309 14
405 350
87 131
421 49
221 410
388 171
97 499
298 363
473 116
353 277
350 305
131 360
398 445
406 37
323 22
276 431
495 221
27 461
192 310
425 147
164 411
76 423
319 407
479 235
119 490
467 401
328 283
247 408
91 176
495 372
161 251
223 409
270 467
467 373
125 210
191 320
427 380
346 227
359 52
203 413
201 64
155 145
0 311
453 412
119 50
479 307
387 2
121 385
9 50
9 379
47 316
30 130
471 132
147 487
70 312
331 17
192 368
228 60
489 0
169 54
152 186
316 455
101 360
473 84
201 32
24 297
264 340
297 218
240 256
203 44
375 414
65 294
390 199
291 474
308 153
274 290
242 90
480 158
499 438
38 339
411 284
313 42
80 212
220 287
270 209
83 303
327 299
383 205
406 76
158 463
397 213
381 129
375 266
474 50
147 336
347 497
137 426
412 223
366 393
289 448
225 425
270 179
457 429
225 446
21 423
65 471
313 462
357 211
380 330
209 106
58 380
349 102
439 121
167 403
109 343
174 441
278 357
76 217
368 200
424 442
40 106
208 124
334 93
401 203
61 44
286 400
54 357
203 174
220 393
244 53
451 16
499 10
263 272
166 265
159 200
143 104
490 342
220 303
335 441
305 95
376 55
305 270
167 174
398 26
162 106
270 3
484 436
490 473
180 312
112 480
410 247
177 412
312 463
415 214
284 380
339 326
341 146
179 422
428 75
317 373
393 423
280 291
314 385
61 139
392 262
307 339
129 135
271 204
378 162
441 31
470 274
418 281
198 194
315 95
333 107
225 494
420 434
350 368
68 53
47 499
187 383
452 489
357 202
17 329
290 262
93 221
374 376
449 295
64 466
92 212
268 49
4 135
178 182
135 172
341 345
341 135
95 3
216 468
109 491
196 325
63 42
279 110
297 181
94 492
84 152
451 305
156 121
393 104
303 65
315 8
439 336
332 99
49 319
377 298
140 42
467 326
336 490
170 390
492 327
360 442
260 227
158 495
25 307
26 11
414 317
287 397
21 389
45 467
67 189
310 196
229 373
249 424
112 374
307 43
257 293
225 237
308 264
271 239
403 122
348 255
496 122
292 467
157 255
260 15
408 410
223 132
451 229
339 300
174 5
490 43
79 307
297 180
7 485
491 453
191 327
313 481
57 95
275 132
237 452
362 217
83 116
312 97
375 152
361 95
298 396
246 212
462 471
391 118
446 142
467 376
90 116
351 198
317 316
266 300
372 25
354 365
419 406
381 319
240 293
427 138
344 449
423 42
88 471
27 211
366 491
191 467
240 366
204 489
197 307
54 6
314 182
163 123
180 106
186 232
118 325
422 163
364 377
441 350
212 240
410 360
123 188
107 253
259 55
154 240
261 217
241 126
61 279
500 307
228 306
94 385
317 385
236 315
475 8
434 283
242 364
341 477
186 324
201 473
49 362
369 407
384 25
324 14
371 36
186 313
272 313
120 405
39 280
485 490
176 272
258 109
54 235
296 400
43 193
281 230
118 66
263 260
201 42
425 351
171 227
238 154
393 499
268 93
295 33
71 180
238 275
295 74
211 360
460 469
9 153
310 320
11 366
83 357
12 307
178 96
293 178
310 284
377 300
329 189
87 355
462 234
96 361
15 295
294 495
408 62
157 101
33 12
366 349
142 169
223 303
322 445
150 480
284 396
301 34
51 453
125 73
131 338
118 153
24 453
468 57
399 452
212 242
135 4
111 489
133 148
409 200
250 11
1 170
261 455
2 439
411 97
359 425
453 235
422 382
280 288
384 302
413 234
161 412
178 188
217 394
357 66
378 334
444 7
326 342
250 489
149 364
328 437
230 209
377 307
36 84
286 415
43 94
62 115
377 409
348 200
110 351
137 156
84 155
197 30
440 114
381 185
177 378
203 20
32 115
497 17
168 109
162 396
179 39
49 398
37 23
65 83
252 214
469 320
29 93
215 354
366 318
224 170
1 266
349 213
452 195
352 117
162 274
125 318
58 42
56 294
28 287
151 237
438 439
17 93
336 184
69 499
129 464
56 296
392 290
122 276
184 377
319 222
479 266
81 124
435 388
488 387
336 196
104 496
485 438
119 269
426 303
126 400
48 224
385 47
321 496
490 17
323 353
387 390
199 140
303 43
44 377
131 159
74 166
151 305
310 287
425 314
185 313
500 196
58 59
302 208
18 16
188 495
394 420
481 401
339 179
295 174
394 73
405 439
311 456
225 263
274 499
378 79
141 246
399 36
495 300
339 337
342 271
121 304
469 123
407 124
479 174
97 59
168 406
152 453
312 90
440 149
59 63
239 456
104 69
49 144
484 420
25 193
235 429
480 37
311 84
92 83
130 392
141 439
189 42
186 374
226 145
70 153
117 177
430 167
225 205
392 379
477 40
124 401
150 433
283 401
17 415
158 76
43 492
119 372
250 350
475 224
343 65
416 84
296 151
428 162
302 172
134 437
206 396
203 431
363 58
347 402
408 193
17 377
297 314
478 208
436 400
414 109
394 328
266 484
305 348
107 275
484 384
388 197
241 455
315 14
369 63
388 68
47 481
422 79
404 253
27 1
428 458
432 348
193 397
278 383
310 213
202 390
310 406
87 59
2 66
180 129
292 339
165 309
258 180
87 211
393 307
326 470
299 229
73 129
282 295
56 62
134 139
93 272
65 392
452 220
251 24
361 114
34 57
342 92
281 73
26 333
146 454
28 366
404 152
149 449
192 465
269 31
129 279
54 38
87 419
327 60
162 247
103 394
360 291
455 373
270 7
78 203
174 364
375 339
215 345
298 483
260 114
271 356
450 299
420 143
294 215
252 49
304 233
8 173
317 55
312 340
378 122
385 374
402 321
307 484
23 332
191 160
197 290
393 264
355 345
436 425
205 55
499 42
95 183
313 91
0 105
441 162
13 487
399 169
324 51
130 343
70 113
349 280
229 376
71 293
26 465
394 50
253 11
359 358
352 494
476 431
17 344
113 313
155 380
244 127
362 192
347 444
303 169
391 392
230 400
33 146
281 371
223 488
338 399
210 422
283 484
75 437
302 363
109 175
173 56
190 69
432 52
415 69
80 49
317 420
177 21
468 140
258 223
99 223
380 113
419 60
280 429
415 241
53 445
390 40
136 391
264 386
488 448
425 105
108 14
270 167
400 390
22 172
55 500
467 172
316 309
345 140
442 398
216 347
150 224
342 345
142 42
304 167
89 51
436 348
445 340
82 389
435 344
298 161
288 106
98 156
6 187
120 214
353 196
3 294
284 102
176 175
127 64
36 227
159 394
102 61
144 448
41 38
57 6
82 348
49 460
203 289
445 300
291 258
303 78
329 173
164 60
497 373
400 277
405 141
374 358
162 468
229 76
381 453
226 109
37 301
97 449
462 136
306 483
117 383
236 222
298 71
276 251
38 126
447 162
477 375
176 236
468 178
77 257
417 178
374 409
162 35
92 124
369 48
246 53
377 299
109 174
284 132
64 179
113 144
304 499
404 152
411 268
193 303
341 191
218 76
239 205
194 46
96 9
157 405
194 250
438 462
272 470
413 199
406 141
295 118
109 498
399 212
182 78
35 431
161 352
221 438
446 232
80 429
217 14
366 217
408 304
165 473
107 35
483 185
281 349
175 120
111 378
301 197
361 491
34 121
300 451
235 164
277 351
6 161
16 425
342 79
353 180
97 458
451 235
421 194
160 498
296 3
487 420
0 9
102 221
43 204
175 143
312 319
221 134
237 99
247 156
350 296
416 398
122 375
377 94
424 2
80 14
17 487
156 290
225 366
51 137
104 209
304 188
84 297
227 278
381 281
128 289
436 358
65 351
41 177
465 262
484 326
210 423
324 131
468 442
429 471
466 170
460 494
343 196
423 413
0 497
112 408
491 71
185 332
130 193
27 116
293 44
258 285
350 250
13 342
417 281
276 172
27 468
430 58
259 423
56 372
163 118
296 473
87 371
276 140
242 407
410 115
64 290
111 318
83 113
376 97
225 45
75 123
187 19
227 117
285 426
18 289
430 417
359 318
329 242
202 266
175 39
155 473
45 43
456 9
194 88
307 32
476 265
332 242
444 315
266 42
199 113
170 448
374 102
115 485
133 413
419 497
418 294
286 249
150 81
486 24
428 28
19 79
258 295
350 484
215 188
158 383
484 160
59 123
378 67
107 193
354 424
134 230
347 232
497 336
310 347
356 99
461 449
367 98
480 33
175 211
3 346
231 110
282 84
158 39
173 433
47 276
225 198
61 230
356 263
268 292
418 192
31 88
124 173
41 430
133 179
208 481
449 381
365 3
396 180
217 93
74 167
394 490
36 338
415 92
453 354
336 312
342 194
299 150
4 323
33 452
41 384
379 70
199 422
390 362
17 247
36 174
467 29
262 185
320 292
293 50
388 161
399 215
105 176
249 100
60 263
3 494
156 333
272 179
449 68
354 347
44 380
50 369
336 156
79 313
471 224
396 342
379 464
136 141
120 41
483 262
403 419
119 113
95 257
347 122
431 33
465 10
485 185
44 24
332 220
108 449
423 7
452 41
272 397
2 481
489 405
346 355
445 69
456 417
57 97
405 232
340 32
64 97
457 99
423 483
104 178
65 404
162 285
122 373
207 316
127 297
432 234
153 322
293 462
76 269
369 419
478 443
381 46
64 385
123 125
208 88
326 398
429 140
253 454
25 268
446 11
194 25
374 353
284 497
393 194
368 296
231 492
87 179
93 383
333 59
275 230
453 149
168 37
470 285
385 336
235 355
410 345
447 328
405 448
282 342
346 178
407 316
12 71
498 236
290 411
495 465
259 273
16 405
109 155
404 182
391 414
301 226
1 129
357 235
470 151
61 114
59 199
314 435
294 111
208 304
83 151
324 186
143 66
183 56
148 197
70 480
60 43
122 369
107 295
170 201
278 471
476 396
464 367
246 340
217 238
471 106
350 319
471 380
249 60
313 481
484 161
65 164
90 357
412 108
394 159
178 115
445 450
125 412
228 84
348 297
295 8
193 73
68 398
58 304
181 373
246 347
17 272
231 381
108 486
150 361
45 318
365 240
247 423
376 215
341 416
339 111
185 301
224 113
192 131
260 329
335 462
67 141
436 467
25 225
128 180
234 356
296 423
449 7
436 121
147 415
85 106
111 430
348 81
339 452
95 400
343 444
122 239
408 148
319 152
99 373
187 401
492 110
437 167
326 445
61 132
251 499
238 32
282 55
9 124
303 419
331 254
386 480
50 119
147 41
363 272
31 252
223 387
426 263
61 150
353 303
170 266
4 239
231 446
164 318
22 420
479 446
330 268
413 125
443 199
82 268
446 256
34 192
214 212
126 106
66 257
442 73
1 332
255 246
173 177
384 401
131 49
359 122
493 58
240 63
231 77
426 479
369 271
300 254
183 99
444 273
338 291
72 330
393 457
6 11
170 25
438 342
398 387
134 403
345 229
334 481
332 248
378 86
499 31
344 430
294 138
462 291
268 203
371 197
281 228
328 385
421 404
182 427
448 434
417 489
378 496
478 193
363 250
0 128
200 186
122 116
365 347
311 267
241 237
192 325
51 302
386 231
457 43
175 221
159 280
89 166
5 253
244 1
187 367
69 269
403 456
248 478
177 465
185 497
439 9
489 32
149 272
431 391
56 463
227 260
315 341
471 13
163 446
435 348
469 372
20 146
106 340
431 18
185 381
435 284
476 450
139 425
351 314
469 265
320 453
58 497
309 377
414 315
87 314
5 225
364 60
108 206
467 346
355 108
281 3
274 360
358 400
27 458
16 245
106 196
102 285
346 202
370 174
300 493
133 1
429 13
4 129
384 259
464 102
487 111
407 440
159 397
14 37
128 365
154 101
179 445
6 262
82 110
424 52
212 214
190 169
51 427
49 415
336 208
317 407
384 125
466 212
305 31
144 320
337 414
356 312
292 172
400 295
152 426
177 138
367 344
194 421
380 36
230 291
244 223
290 255
211 409
88 139
209 49
285 367
210 456
385 378
439 268
491 267
231 373
205 239
147 455
226 307
107 34
151 470
127 18
24 500
198 130
65 73
325 32
30 482
461 141
174 126
144 488
197 363
448 32
220 447
40 335
312 243
62 13
418 396
128 228
364 189
369 360
351 443
58 118
414 184
144 288
406 302
459 78
286 105
368 331
392 309
135 340
290 80
278 317
214 342
221 409
316 160
206 355
402 68
62 170
40 457
118 226
319 178
188 97
130 202
375 100
30 322
180 25
460 114
244 217
126 226
274 15
205 12
119 423
347 181
477 55
255 42
16 410
241 117
230 37
459 308
205 178
109 433
177 30
291 389
142 144
78 67
478 257
159 33
373 349
282 334
105 320
378 103
170 24
58 378
47 478
452 277
327 366
377 467
464 147
405 16
145 267
480 389
309 388
82 135
381 318
40 400
285 25
272 24
494 497
26 213
290 465
255 170
365 387
28 351
475 343
150 319
274 232
491 185
228 84
287 335
177 251
496 100
452 53
40 69
444 366
330 456
294 413
328 227
146 211
441 311
333 98
136 135
412 217
23 156
386 117
140 21
167 478
310 417
328 131
396 415
358 94
74 272
265 488
172 460
193 140
173 391
341 219
127 315
359 426
16 0
374 437
236 235
281 167
68 455
376 254
405 446
466 462
99 353
331 272
221 256
318 334
499 383
55 27
82 316
119 230
164 220
125 164
460 418
389 207
280 19
269 220
296 157
220 246
208 402
418 214
454 191
5 347
344 94
339 316
288 46
402 454
238 26
57 424
212 256
348 28
178 287
443 1
480 480
22 20
203 470
462 466
434 352
343 475
64 425
100 450
269 315
419 136
63 119
282 172
196 320
89 425
166 476
176 382
372 39
34 441
361 151
371 388
249 208
221 419
406 146
53 20
137 0
185 359
263 477
384 305
464 388
162 42
289 278
178 54
116 474
356 431
236 340
88 328
165 410
335 430
221 275
346 252
397 310
423 299
228 236
199 321
224 355
52 127
54 149
238 413
440 399
369 250
53 25
470 30
415 33
234 500
433 264
221 294
229 215
10 9
416 328
239 422
165 27
495 158
283 327
246 259
231 111
473 334
257 343
274 143
430 152
166 494
283 388
94 99
304 406
325 63
72 274
297 162
72 159
63 321
341 36
390 496
455 432
287 264
348 284
87 341
48 73
488 108
91 58
353 169
406 441
362 50
423 2
384 274
219 460
220 460
17 155
271 464
391 154
228 145
423 377
213 54
118 416
235 107
22 216
473 251
131 430
161 389
211 168
405 494
275 155
20 452
97 295
386 401
498 442
155 76
87 367
485 441
335 8
394 440
105 385
165 253
105 7
196 431
344 203
247 43
316 98
344 27
161 477
249 215
17 235
459 127
499 66
234 424
5 392
205 173
260 499
295 270
269 56
205 294
388 161
292 395
387 206
360 477
87 140
417 185
234 101
445 353
401 234
133 448
403 56
135 166
52 318
376 272
174 462
304 346
450 441
20 143
410 112
419 333
330 217
172 236
247 369
371 212
336 376
457 23
53 412
367 96
396 234
422 166
431 419
159 310
418 450
447 411
55 224
275 437
272 499
252 391
418 426
4 435
337 34
427 189
408 4
211 199
315 455
247 32
226 403
51 276
348 130
217 69
222 278
286 348
316 71
141 320
471 449
256 241
390 455
493 135
363 392
239 490
361 465
365 445
367 267
494 481
213 286
50 430
8 416
498 48
415 47
5 156
255 245
83 369
170 229
325 336
474 342
96 367
311 58
39 177
457 216
124 360
45 127
472 160
430 313
238 329
231 205
332 58
82 371
305 420
376 40
10 359
193 453
500 7
308 325
227 287
0 120
458 252
390 256
168 324
250 453
148 467
308 374
494 112
474 228
102 283
388 32
172 287
130 53
163 176
308 65
332 156
143 343
309 232
167 389
424 8
406 270
344 343
425 59
289 426
144 396
372 118
10 105
252 498
143 116
381 135
66 380
96 451
92 405
399 151
317 424
20 117
322 378
464 209
19 169
268 175
436 3
304 85
193 82
225 14
6 238
394 471
420 275
390 231
128 498
454 294
184 232
494 395
170 205
376 299
275 10
40 369
45 152
356 84
279 45
217 145
341 270
477 74
1 159
426 53
99 294
470 452
166 91
124 416
60 222
32 396
91 123
72 88
332 409
18 474
50 204
434 395
27 69
440 67
290 224
149 44
102 280
327 235
191 103
254 449
15 317
106 453
451 366
499 469
140 216
53 134
374 477
427 353
352 209
163 229
150 313
372 67
436 137
337 427
121 55
290 207
137 381
497 483
280 493
273 145
396 81
474 319
350 59
188 323
202 343
31 169
34 192
235 53
143 19
408 387
186 29
277 72
453 4
415 254
294 123
204 272
265 169
225 65
377 131
303 243
252 482
492 193
490 207
183 229
113 364
65 484
368 102
81 132
482 318
271 410
198 491
487 129
287 306
278 257
148 311
220 243
160 431
232 146
397 226
364 264
336 61
31 149
82 58
340 86
364 426
348 382
216 232
191 317
139 346
55 345
388 456
421 305
120 260
330 27
325 6
335 335
405 106
273 158
124 310
149 136
191 312
409 126
168 106
244 4
65 398
74 10
414 262
157 161
451 96
249 208
322 52
294 123
13 491
68 453
272 404
253 330
180 484
308 175
158 198
50 271
214 451
430 487
76 390
433 75
153 487
203 229
420 486
124 112
463 296
196 182
39 17
451 179
138 334
59 127
480 172
213 39
253 464
471 435
262 60
3 34
183 128
327 240
324 101
135 35
214 198
295 102
239 179
87 385
377 207
122 412
441 232
413 276
348 241
44 477
223 301
62 405
385 26
286 416
99 319
255 394
110 250
188 9
141 150
373 431
172 429
235 433
408 359
16 408
420 78
3 263
467 95
139 208
203 239
35 408
350 182
242 32
472 32
106 268
243 426
125 213
471 482
186 174
107 33
455 96
4 353
304 444
433 28
118 286
276 278
16 148
391 493
156 266
236 65
223 5
187 294
170 174
208 128
35 230
498 311
17 260
406 334
239 17
168 277
24 188
328 182
448 323
180 50
206 235
238 319
448 220
237 324
35 168
385 31
96 259
314 238
313 159
207 234
174 293
74 493
211 238
107 261
230 434
399 434
407 294
332 455
405 320
486 242
266 461
118 425
251 429
59 154
185 259
311 269
133 106
258 189
366 282
143 38
187 179
21 146
298 265
120 11
439 402
126 397
335 479
169 166
118 255
15 333
279 385
136 257
468 334
454 199
23 72
15 90
465 355
15 362
135 175
62 4
59 207
227 497
360 289
456 123
246 258
175 496
54 312
227 173
222 40
421 179
17 204
465 225
395 149
415 147
31 231
462 202
119 232
445 150
459 100
358 478
397 86
494 318
157 79
356 147
122 17
113 90
64 436
438 470
237 181
179 231
102 249
431 395
275 37
115 11
264 315
352 271
500 385
248 137
462 456
394 178
241 111
433 27
162 120
85 380
318 350
489 385
270 464
10 393
82 312
495 397
432 1
498 403
362 144
8 10
326 245
375 191
101 59
334 203
429 149
18 48
246 381
159 45
296 281
184 169
428 204
231 85
434 224
220 378
132 117
405 274
320 416
74 258
245 430
348 370
358 319
180 179
106 379
321 169
329 103
148 169
118 334
240 488
204 334
487 119
400 336
90 382
213 434
5 344
45 270
249 162
28 252
287 468
31 381
161 71
414 431
377 44
298 235
284 252
152 101
488 11
121 12
79 194
171 296
9 269
343 30
203 455
7 185
274 411
439 485
166 75
246 274
325 262
323 85
257 472
176 376
55 93
83 327
205 14
395 308
141 306
164 455
40 415
396 91
420 471
388 412
178 44
155 107
114 208
35 284
359 40
464 347
203 379
276 416
477 72
124 458
69 444
408 174
320 316
376 275
14 384
352 302
191 153
153 112
109 250
447 14
108 475
470 313
318 458
154 126
445 24
192 16
37 293
154 470
302 199
263 296
179 422
68 155
138 235
21 245
392 104
129 376
439 386
279 418
120 15
130 183
456 212
261 138
474 184
133 349
283 76
490 66
454 451
55 187
209 452
354 417
199 244
448 385
368 341
493 220
249 489
381 139
283 360
82 271
152 334
231 38
289 443
168 256
190 43
129 364
284 392
21 298
250 449
56 412
2 402
364 246
114 166
180 498
391 164
481 67
150 83
121 447
222 72
338 9
356 0
167 327
475 9
284 449
204 117
34 250
258 447
425 216
117 237
277 381
400 157
166 232
352 150
179 347
454 373
168 149
142 485
115 379
421 109
254 316
297 67
298 464
77 316
405 2
452 137
9 221
313 162
478 89
482 49
304 311
234 269
382 468
200 33
239 463
440 260
200 205
411 480
401 23
37 168
173 172
83 38
469 492
355 128
113 468
215 162
57 10
96 142
400 492
15 225
295 84
389 43
60 443
319 444
299 329
203 418
110 260
319 313
328 311
355 309
119 29
443 194
357 322
80 213
318 344
150 485
109 454
319 66
283 10
116 471
329 379
430 493
220 96
367 146
160 221
135 400
319 140
6 329
270 315
492 395
214 30
189 141
225 469
321 352
448 496
352 416
95 62
397 19
293 347
367 176
417 257
146 441
213 285
310 106
392 47
219 398
42 87
77 220
203 471
354 234
136 424
38 7
65 139
477 135
56 1
258 488
146 333
6 448
374 43
162 312
459 408
77 292
131 38
299 202
189 222
340 276
360 43
364 443
386 230
146 63
477 294
320 476
297 342
3 401
183 153
150 203
290 186
85 298
337 86
360 250
127 268
274 116
163 459
341 400
242 157
77 124
174 494
249 311
75 170
441 355
214 45
402 74
97 319
83 339
457 175
158 441
290 334
97 113
172 35
416 168
325 306
6 6
194 384
325 347
203 363
183 161
434 268
349 411
350 388
334 201
499 384
75 457
62 132
200 254
236 393
374 216
403 407
332 8
160 130
76 257
138 234
274 65
406 27
340 99
355 315
444 380
458 469
404 151
45 42
89 29
6 472
139 127
149 356
388 447
444 456
98 420
397 491
191 131
89 326
500 88
478 345
299 500
173 421
207 104
182 175
99 106
448 330
98 458
435 420
475 118
68 89
478 130
121 54
263 44
26 235
411 354
471 413
211 30
226 9
270 4
134 83
212 98
368 494
330 235
201 101
2 476
337 443
186 218
105 275
225 305
428 224
374 130
382 445
48 207
134 170
97 150
130 494
276 462
475 256
191 390
311 96
46 409
87 304
257 63
56 140
471 352
148 461
220 261
372 498
122 124
125 228
153 109
125 158
45 184
458 114
158 471
287 375
72 78
54 402
77 422
31 478
379 370
16 172
459 468
23 101
426 71
286 428
339 59
448 337
411 206
372 159
378 294
18 42
429 142
239 63
379 107
442 467
77 494
138 240
233 291
247 238
447 10
197 55
44 128
427 271
181 139
395 217
373 372
194 233
381 330
247 382
263 184
457 326
158 316
214 122
70 91
105 301
194 190
499 278
93 69
258 319
125 89
253 440
84 153
221 287
71 307
417 194
375 90
140 490
284 299
116 110
492 401
77 65
387 156
491 314
295 145
434 119
97 474
197 370
498 229
244 137
142 174
464 275
295 479
112 326
23 62
486 350
406 35
436 65
99 340
372 253
311 254
312 87
324 270
133 43
500 400
197 39
88 378
268 193
196 148
314 21
477 460
332 90
497 487
242 378
389 493
447 85
245 234
78 486
241 178
399 305
159 407
179 28
266 361
176 158
16 144
445 307
268 10
391 220
414 128
216 145
368 183
366 6
239 4
497 8
263 174
476 458
105 419
447 176
454 355
133 478
295 109
372 331
443 84
210 142
308 413
377 131
225 6
247 234
494 414
436 135
359 429
451 485
361 305
45 492
252 82
467 92
30 336
326 487
16 306
341 124
187 129
214 226
136 393
139 6
216 458
437 69
418 305
149 13
454 90
97 146
456 31
228 306
325 102
306 357
51 497
104 488
419 490
73 259
467 91
301 93
87 358
453 198
386 245
426 73
477 364
311 25
360 69
72 337
206 189
249 165
36 144
74 377
421 109
165 251
49 306
96 182
101 102
8 202
241 334
143 344
448 164
179 359
320 268
262 355
221 289
378 169
257 243
356 141
468 238
284 399
186 196
244 134
299 443
429 306
90 15
39 479
1 170
163 267
178 301
89 251
465 235
295 64
80 452
482 428
190 378
35 14
180 309
276 442
16 430
464 37
320 140
485 36
247 346
456 287
13 474
100 120
129 421
303 365
276 337
386 204
293 387
300 111
15 81
38 83
217 477
185 473
398 245
376 227
459 70
261 172
74 85
236 364
189 338
207 121
473 100
455 459
355 21
5 180
417 464
447 419
409 44
240 461
302 153
330 285
30 312
367 90
368 355
129 210
216 151
191 389
416 486
321 359
72 299
383 276
6 476
467 170
345 372
146 71
185 204
120 391
323 125
214 236
202 324
276 360
19 342
5 489
452 273
445 450
381 19
270 323
287 128
328 6
182 359
66 101
122 455
233 229
173 110
207 302
319 475
64 49
429 425
117 290
170 399
156 328
447 429
296 38
304 93
305 451
340 454
372 446
113 158
23 68
403 60
316 412
488 264
1 71
314 430
473 343
2 38
428 47
232 320
193 432
17 270
95 125
264 107
496 446
424 377
230 75
397 36
202 81
162 127
498 500
226 279
331 171
322 53
311 324
246 397
178 124
235 202
264 279
288 340
126 13
289 316
433 224
205 74
24 238
8 361
251 58
35 16
86 144
414 409
56 227
151 416
265 211
388 29
154 344
337 469
466 51
390 431
405 334
381 2
197 180
405 453
252 251
186 299
248 217
386 39
174 290
485 56
389 328
204 56
371 43
289 227
407 373
198 309
349 489
172 19
159 355
92 338
2 147
450 83
292 0
228 431
292 438
164 442
449 198
401 100
455 437
219 117
493 68
157 265
300 455
456 225
241 345
474 187
148 270
464 471
6 199
197 307
174 447
304 218
167 293
425 170
273 175
217 46
102 122
48 374
150 93
417 406
242 239
233 87
213 163
495 71
468 1
474 94
499 151
223 153
436 102
162 486
253 319
181 148
247 45
374 56
499 75
331 219
86 284
341 131
71 79
147 377
84 439
280 163
295 190
236 424
432 322
384 71
132 334
206 216
437 315
185 427
374 469
165 399
153 90
472 316
138 112
439 452
241 332
103 487
442 130
152 217
270 230
240 248
398 404
496 205
101 338
94 25
116 158
71 282
440 102
329 337
126 493
167 345
425 49
123 202
138 320
208 357
196 265
319 24
65 117
486 377
256 455
33 149
25 471
437 91
387 255
283 314
13 30
123 448
445 133
200 443
394 368
190 279
323 479
374 344
389 329
452 68
366 218
273 51
204 111
436 182
270 59
461 366
468 348
122 400
178 385
401 270
29 18
189 291
59 365
74 361
25 219
323 222
491 468
477 70
139 154
176 359
381 43
267 421
419 290
374 351
39 182
428 322
351 378
5 87
420 131
421 232
110 466
32 26
188 162
202 158
23 40
481 330
35 192
370 464
326 378
79 143
168 331
441 16
467 190
218 480
240 139
419 148
490 83
162 485
114 230
175 348
308 472
137 500
153 328
255 203
376 157
95 486
177 96
21 177
270 436
72 76
438 489
498 84
447 24
223 472
443 125
451 489
301 38
227 372
304 249
244 439
446 433
333 390
240 343
497 145
355 192
107 257
8 310
243 373
0 335
364 406
255 65
143 387
91 142
248 246
461 451
443 305
12 103
92 481
265 204
22 98
154 380
459 460
454 401
333 398
7 470
398 490
177 15
131 485
287 165
22 259
169 228
162 303
285 152
135 492
274 217
63 68
220 308
188 189
205 94
457 356
226 458
168 71
271 187
197 361
70 85
343 109
25 192
110 239
282 137
193 45
452 474
123 393
350 108
72 86
287 333
65 235
186 360
168 195
434 468
314 347
451 276
411 448
254 12
46 200
21 15
33 179
313 267
255 308
495 127
380 119
279 470
391 464
5 414
174 284
12 302
38 433
180 13
170 164
147 130
467 263
377 134
49 291
211 91
133 302
338 387
245 290
168 45
364 24
21 283
68 113
401 395
383 63
148 384
399 87
80 156
447 155
122 316
189 213
243 69
169 183
4 405
317 468
232 93
472 277
144 301
475 265
127 471
375 159
488 28
337 149
374 243
323 147
241 449
21 322
138 150
71 409
366 75
309 259
479 372
293 311
386 278
157 330
461 236
223 31
42 178
411 73
493 44
169 258
329 158
485 211
253 121
144 435
435 313
418 123
339 460
477 381
319 478
232 73
17 221
27 342
176 358
325 445
263 319
274 189
455 58
155 492
371 308
49 147
230 128
484 270
311 119
408 493
465 462
375 378
8 100
132 434
429 92
263 306
136 54
93 53
428 358
458 256
43 425
194 178
29 494
188 352
251 466
368 151
196 475
192 472
422 304
326 434
402 129
47 176
189 351
236 258
198 221
367 98
186 227
25 25
497 374
159 380
307 303
195 121
499 475
18 174
322 469
27 362
458 407
184 122
297 277
350 398
492 405
229 440
61 351
399 91
16 235
383 396
250 203
204 436
14 339
338 188
446 92
142 304
107 220
11 363
325 43
460 258
408 293
223 275
398 161
151 392
431 155
245 333
213 404
156 470
123 376
292 155
365 26
329 239
112 98
212 34
4 274
161 0
53 128
342 288
31 165
187 132
429 342
275 345
242 478
451 159
486 363
342 348
455 48
446 226
120 213
143 130
467 131
491 347
365 142
10 76
74 194
201 348
91 1
468 80
494 13
239 131
293 282
126 53
76 236
318 492
111 157
39 122
436 142
188 239
332 45
102 447
414 119
262 150
82 9
473 376
63 325
168 486
479 67
56 273
379 288
146 47
299 117
390 216
467 311
96 37
189 351
439 135
471 273
122 104
219 398
404 65
73 435
10 153
179 298
9 147
405 191
283 197
14 491
91 78
75 298
434 180
318 350
478 254
418 97
10 376
225 114
331 112
40 155
260 288
282 282
1 465
111 56
198 483
231 474
216 126
483 336
20 300
85 338
432 24
483 18
427 466
191 439
198 371
170 293
362 111
282 133
160 420
496 325
423 322
101 406
116 464
22 8
380 246
339 257
474 165
442 488
289 431
342 356
311 154
160 268
76 108
449 298
418 41
351 487
34 224
20 461
374 82
123 155
304 408
487 36
212 402
173 178
335 89
46 219
327 45
116 51
200 80
48 306
342 328
220 293
490 296
374 102
108 458
52 134
475 363
260 133
262 406
412 279
262 405
486 284
167 392
500 14
352 339
374 65
11 476
420 317
315 407
464 210
56 220
473 203
67 192
277 248
172 42
343 308
222 309
396 356
185 67
104 83
64 397
270 445
395 140
280 180
377 242
178 384
117 115
75 173
327 485
288 331
106 224
122 101
276 384
27 247
130 19
490 294
223 212
407 29
162 4
281 363
139 281
158 69
169 11
469 415
269 150
75 110
392 42
53 34
238 193
455 333
35 394
304 325
429 466
325 150
389 274
267 79
414 93
316 315
217 406
365 39
185 221
84 245
307 8
308 276
484 312
125 246
351 97
259 217
122 245
204 136
354 269
155 338
11 486
56 408
470 479
471 181
364 389
186 429
242 341
442 35
409 157
447 272
124 33
83 116
32 54
19 462
370 241
133 18
271 358
238 297
473 348
233 7
371 237
403 466
303 458
91 139
382 54
428 261
443 345
439 326
363 488
479 444
79 263
120 367
272 410
301 159
89 211
18 224
292 305
173 237
302 148
464 456
313 443
328 57
257 204
100 403
318 331
335 118
365 236
223 60
467 107
284 93
348 309
256 377
359 58
331 334
273 155
276 121
377 383
164 423
496 19
230 251
176 44
151 416
461 225
333 436
244 80
440 127
316 290
334 406
62 86
333 316
423 497
205 304
74 103
0 331
298 488
494 311
267 232
224 104
459 297
351 465
404 114
277 312
139 451
186 338
146 356
478 146
285 20
262 441
109 291
268 291
167 110
45 500
334 292
273 68
381 343
368 344
178 183
279 333
301 228
412 103
238 484
260 435
27 250
476 133
270 189
423 406
314 330
122 473
321 448
316 457
457 201
50 480
151 121
232 375
146 63
100 277
492 216
371 255
403 152
41 231
349 346
396 234
137 494
184 399
32 120
204 111
402 394
435 217
253 355
176 208
415 419
32 212
478 260
366 403
10 315
394 274
55 487
278 41
52 382
41 207
183 340
144 440
57 123
89 39
190 290
175 337
389 134
230 158
374 423
49 199
270 10
335 28
264 273
229 357
208 280
404 92
354 374
32 424
211 242
39 42
318 488
277 98
79 470
358 353
151 124
466 489
187 458
173 331
283 426
463 180
346 422
242 482
140 472
158 54
157 125
242 381
160 284
392 278
127 397
410 140
231 460
20 302
148 332
72 214
34 24
51 311
98 98
415 490
17 408
350 215
269 132
191 267
391 125
3 363
428 465
246 184
43 195
410 313
310 286
91 41
332 346
500 469
292 223
262 330
442 125
463 473
302 65
428 488
354 404
43 151
447 120
104 177
417 160
284 192
305 93
16 407
217 148
159 97
16 341
332 232
220 412
466 43
231 382
208 45
186 31
290 264
36 106
336 76
109 372
310 380
161 340
362 46
167 316
215 114
165 281
1 373
46 380
340 18
93 403
304 393
398 334
207 486
428 435
106 126
22 72
95 235
234 138
173 350
14 284
174 187
416 393
152 77
82 428
356 322
357 444
22 182
496 365
352 71
306 178
75 471
216 434
54 424
386 197
152 81
197 24
41 411
364 410
66 380
466 373
65 426
82 295
485 265
198 488
245 498
199 193
65 487
372 408
189 495
169 208
133 136
408 456
452 366
326 10
288 224
457 305
391 254
62 441
52 255
180 94
356 328
346 240
377 13
42 188
431 91
427 326
96 246
355 20
407 35
192 185
430 103
261 218
431 278
373 0
144 155
145 275
245 397
271 23
394 46
37 214
79 114
132 431
423 8
442 360
416 433
22 119
87 49
444 498
158 496
408 295
407 52
165 321
96 377
9 229
388 136
346 267
200 383
445 313
390 256
67 354
303 343
292 347
409 243
35 398
203 375
235 377
11 205
253 272
206 220
344 189
462 137
305 119
476 235
198 376
379 86
472 416
20 246
116 114
436 44
37 243
145 268
413 475
402 217
291 52
81 55
173 391
491 296
243 274
221 424
158 196
309 3
25 266
346 49
347 134
405 378
168 187
209 263
8 441
452 133
341 361
69 243
5 369
482 25
64 166
398 97
455 236
131 497
186 486
261 429
201 336
50 257
351 413
233 268
196 131
469 103
467 353
87 174
434 132
308 351
264 217
318 201
198 13
116 273
196 259
104 386
203 160
80 362
198 162
251 383
186 38
474 210
263 178
470 428
72 416
21 378
303 391
370 270
290 16
199 481
80 335
490 320
202 471
212 396
496 295
84 55
312 36
24 151
325 310
243 106
411 244
465 130
386 79
11 168
65 431
248 466
237 499
426 74
378 381
314 478
376 128
228 2
305 52
493 476
22 140
440 136
268 16
14 92
150 304
243 430
168 259
331 90
19 217
186 297
298 299
235 362
242 125
291 12
88 316
406 360
430 149
428 373
300 193
309 480
454 191
406 243
400 142
95 281
1 335
260 282
74 34
160 218
200 409
458 488
101 162
394 311
133 236
348 60
440 5
178 385
13 91
194 468
389 447
432 225
313 0
238 176
85 478
53 495
263 157
183 472
399 300
56 461
326 136
155 127
169 357
12 242
361 241
33 281
185 183
344 279
56 352
384 410
411 134
27 267
291 416
321 434
270 424
85 151
192 103
462 196
193 220
250 456
486 43
117 86
412 174
63 38
368 355
446 473
374 214
306 284
110 87
245 205
194 121
272 357
335 33
23 284
129 214
415 327
196 486
435 319
455 370
402 120
107 444
379 155
229 432
249 483
124 338
135 276
163 309
112 389
330 244
33 434
78 306
469 460
4 107
72 322
29 108
17 447
394 138
377 77
203 260
85 87
12 57
377 206
153 163
293 271
487 93
335 102
28 112
34 228
183 137
299 23
352 12
211 190
32 274
48 70
304 445
181 93
91 212
290 290
396 54
188 261
317 236
330 69
0 315
195 473
239 28
432 58
439 11
389 19
167 179
190 69
476 264
65 245
158 195
157 165
62 217
22 37
315 92
243 453
430 86
24 60
363 446
363 206
138 86
356 278
275 272
249 269
231 410
107 100
143 433
168 77
95 80
23 360
386 384
440 486
236 127
394 376
108 387
190 423
316 45
366 486
385 478
305 431
216 84
483 215
125 433
63 397
442 106
494 157
130 251
227 240
362 47
180 401
313 59
124 305
281 187
479 209
470 128
311 169
43 196
439 279
190 105
276 17
464 176
11 329
294 336
263 470
408 159
326 233
47 153
57 0
172 160
487 460
438 21
182 277
175 26
65 161
172 417
340 492
400 32
265 115
83 249
80 207
390 178
39 443
179 474
0 76
214 431
366 110
57 204
278 464
255 305
337 228
332 313
125 156
41 84
430 478
246 468
0 276
197 443
128 366
242 380
390 68
173 322
35 376
133 96
90 192
164 68
260 338
360 28
93 236
121 253
158 72
107 430
296 56
70 51
452 498
407 399
444 441
161 236
325 358
225 483
390 280
242 339
49 304
355 205
116 305
347 246
123 289
229 114
9 450
390 452
471 231
374 453
119 453
217 205
466 457
45 477
120 414
177 496
282 294
221 339
499 387
397 390
434 471
300 169
92 256
233 302
260 105
281 460
124 181
110 376
408 68
208 375
471 6
330 148
359 80
320 425
460 28
146 81
193 352
102 364
131 151
438 271
463 255
465 236
485 305
330 254
364 355
175 119
37 391
373 15
324 490
188 239
251 179
370 4
477 212
132 334
384 319
451 205
213 136
92 339
54 98
229 322
172 394
204 304
323 499
469 128
5 379
209 296
148 336
129 239
234 370
445 7
265 363
221 426
477 346
404 305
335 141
389 268
160 163
268 248
118 61
316 311
172 109
343 33
305 229
366 461
370 37
224 449
37 130
211 197
35 118
251 460
494 83
309 474
203 272
479 140
449 192
172 481
369 202
253 88
197 249
119 500
439 337
117 152
307 231
477 263
243 458
102 331
436 298
145 423
198 253
174 200
430 39
91 388
119 182
186 421
70 395
11 33
72 72
422 356
452 473
169 303
471 373
246 349
404 474
158 309
51 364
46 151
340 384
192 464
111 291
187 200
56 471
416 81
191 220
160 148
242 121
43 245
142 442
10 205
204 405
276 178
256 183
436 27
435 86
51 268
1 206
285 22
457 366
141 344
391 348
306 354
144 235
342 275
110 78
126 403
238 329
398 433
250 334
146 175
489 361
34 101
271 245
237 456
50 32
301 9
20 406
4 486
482 312
428 171
441 201
202 303
376 103
120 208
14 317
401 339
407 159
166 82
263 203
417 69
407 495
24 173
82 135
187 197
165 117
439 186
0 252
59 132
128 80
180 434
224 60
213 297
187 123
96 360
17 130
293 159
309 140
304 339
14 276
284 168
247 217
411 376
191 19
493 119
71 177
376 281
381 422
391 345
486 121
300 264
203 483
63 460
316 98
490 213
210 21
370 450
286 173
217 465
407 201
448 336
44 274
442 396
100 79
437 315
151 84
338 327
492 34
121 368
487 56
123 84
336 401
153 97
161 251
103 36
200 291
215 47
466 327
42 493
133 39
297 90
12 260
375 247
237 13
359 247
54 450
356 432
192 447
119 243
147 163
375 334
29 171
340 236
64 5
216 213
211 0
226 315
150 254
232 491
345 100
287 131
476 216
460 158
108 374
487 488
144 487
224 467
198 271
26 320
483 41
292 431
170 202
478 357
104 11
295 305
14 361
355 436
346 219
291 346
119 429
302 474
187 238
425 309
490 155
203 170
331 267
45 378
440 212
370 91
53 189
231 326
46 469
362 419
250 449
100 111
326 105
200 315
319 74
191 28
459 296
333 230
328 440
213 426
414 292
289 167
45 268
324 286
476 397
475 350
135 444
278 136
156 271
344 102
338 386
191 370
90 118
177 367
11 154
207 47
119 190
422 94
137 40
181 252
21 59
83 418
160 145
406 86
345 417
306 230
91 348
165 489
249 117
217 426
311 430
137 168
213 425
260 242
338 211
100 203
470 318
207 431
329 260
92 115
225 257
101 304
294 327
487 253
32 33
231 63
40 136
85 490
6 39
178 161
170 276
8 377
172 384
11 180
263 316
322 202
464 58
215 67
480 458
136 344
256 394
162 266
387 26
334 117
232 186
432 234
213 174
384 492
162 254
155 14
140 117
460 409
480 180
207 465
365 467
421 265
303 426
176 218
248 91
104 458
426 42
81 299
8 416
414 318
358 26
114 289
113 5
488 355
322 476
98 448
37 457
125 208
394 231
131 416
175 410
173 178
444 194
408 49
267 277
466 181
87 161
288 167
317 437
215 50
51 0
482 287
491 15
364 137
270 174
385 437
304 66
86 64
222 55
109 71
178 289
412 145
305 37
462 185
27 23
497 384
270 200
107 199
180 311
461 124
396 38
54 254
79 136
450 249
46 310
30 28
172 461
258 80
183 400
331 481
410 233
171 79
94 130
118 461
21 153
384 341
423 472
83 302
402 57
75 126
327 411
98 123
90 476
343 32
48 471
289 235
367 162
424 426
6 41
183 422
305 213
410 475
64 347
455 375
411 65
130 445
341 1
62 411
152 201
211 449
342 243
135 70
216 257
342 464
269 49
267 468
346 108
458 133
124 441
174 190
459 482
224 294
217 136
346 368
120 485
324 464
337 388
71 77
120 392
153 280
334 422
170 275
479 46
118 133
30 182
46 377
496 394
269 243
160 55
40 232
359 499
292 214
103 297
80 420
129 260
385 291
152 320
18 331
90 297
477 461
429 420
248 81
376 64
348 262
64 277
40 123
280 189
429 499
69 258
320 45
73 64
453 403
17 150
12 146
233 433
317 459
167 33
391 344
13 270
176 463
259 437
182 448
234 29
124 243
287 226
226 265
467 150
215 465
112 322
230 282
279 81
139 0
385 319
125 256
34 187
499 451
240 407
374 120
355 197
75 48
388 13
417 390
453 18
417 67
297 356
165 66
449 3
31 158
314 491
297 73
181 430
201 293
303 272
372 418
438 478
139 492
73 365
52 51
133 491
204 216
348 425
177 468
52 323
284 214
433 73
337 245
446 293
42 159
92 96
114 265
84 66
255 204
175 120
355 373
457 430
109 218
141 117
378 370
384 22
109 389
68 143
14 385
150 137
78 5
187 372
115 368
220 336
145 190
435 279
290 289
136 303
488 409
98 83
121 286
374 26
102 371
252 47
276 280
134 337
96 266
431 499
471 75
384 187
26 70
229 102
119 142
298 31
79 70
63 439
43 296
286 283
310 218
319 168
213 299
374 125
73 198
428 477
98 187
148 403
3 182
236 9
294 12
232 162
161 79
110 380
213 306
360 46
276 179
438 232
291 81
485 106
307 76
157 459
94 167
478 178
142 316
402 164
335 362
375 227
428 168
470 361
363 77
201 32
218 336
217 420
282 82
188 486
464 329
107 444
293 152
275 352
358 71
434 426
186 372
240 284
271 489
203 259
443 487
260 361
53 223
303 190
307 339
420 465
435 246
142 53
119 334
2 31
96 191
125 291
474 56
219 320
258 377
281 210
334 134
426 385
163 350
382 42
68 459
38 351
393 311
349 23
362 57
413 294
97 333
436 127
369 335
60 269
358 355
284 167
228 419
272 82
70 195
426 116
416 6
5 348
184 60
478 281
455 415
31 45
312 480
324 364
185 156
210 278
197 36
32 213
224 87
90 73
273 134
317 436
177 108
358 448
378 272
189 4
219 482
493 64
388 116
192 84
131 449
372 129
365 95
358 490
36 127
479 186
13 371
20 371
208 464
464 228
123 436
124 77
313 39
476 131
490 155
300 410
399 71
274 307
116 64
475 54
298 254
24 481
495 142
256 257
46 184
135 435
272 107
464 219
234 107
238 180
334 358
317 208
396 265
429 285
396 437
380 104
356 432
459 394
169 366
414 272
462 227
284 191
40 143
75 188
28 131
352 402
362 91
15 408
132 201
56 469
124 385
80 190
131 61
359 227
193 368
181 151
144 15
186 403
290 423
479 389
16 58
135 484
262 476
389 85
415 8
298 496
472 105
8 64
334 52
488 293
487 384
176 255
202 83
127 411
304 157
442 241
105 168
59 187
30 70
2 494
457 443
479 319
499 478
107 479
216 62
112 360
408 48
343 263
124 347
190 20
395 191
425 101
219 459
383 213
371 456
83 394
374 224
131 372
282 127
290 158
38 108
294 82
111 14
399 500
140 392
146 411
161 440
143 173
111 63
8 121
250 263
417 317
135 137
468 306
392 134
385 179
493 149
205 330
319 223
318 6
284 318
226 180
167 56
133 348
210 148
221 442
113 491
279 331
238 199
2 446
360 96
23 457
204 411
255 132
373 351
196 440
154 5
113 297
115 92
259 245
183 208
376 225
318 376
202 191
354 323
184 382
313 192
435 408
40 144
116 134
26 393
281 318
234 209
159 172
200 349
282 403
222 421
329 10
126 239
122 412
367 368
459 498
333 251
461 413
372 208
2 397
263 464
117 143
113 194
429 43
5 364
148 411
459 394
399 360
434 88
406 384
7 37
29 225
61 469
37 149
294 103
82 140
196 164
257 377
263 469
137 353
282 133
205 50
373 292
72 473
83 253
29 397
432 364
72 139
30 4
282 488
344 86
378 341
42 248
390 16
385 370
30 107
273 29
142 306
178 135
228 8
120 64
193 274
373 463
134 102
171 70
269 215
149 236
250 230
219 271
465 63
129 4
196 82
244 18
451 336
242 407
50 379
332 391
11 350
462 180
340 377
472 135
446 127
305 472
43 112
400 316
407 176
487 194
77 290
306 394
46 150
363 379
137 25
135 307
497 149
363 32
388 173
466 155
85 31
496 413
314 311
305 252
461 457
10 98
484 49
112 48
112 276
163 330
465 279
96 297
448 85
90 330
15 186
435 473
128 183
248 346
276 103
341 105
245 96
497 25
132 317
158 203
60 150
327 301
349 196
278 328
148 326
195 84
90 362
200 185
273 399
62 349
54 342
286 355
397 327
212 139
279 180
430 369
416 148
220 479
2 136
142 414
401 491
249 302
146 168
5 137
346 445
34 265
263 369
471 342
21 26
314 305
39 428
345 395
368 228
448 29
323 469
277 211
293 11
110 289
483 58
78 78
366 226
498 299
492 463
162 309
211 162
198 91
466 393
156 71
262 247
433 458
366 1
482 416
59 297
251 369
466 150
105 191
107 281
87 145
216 212
345 21
162 375
46 67
168 17
297 114
59 174
239 133
172 365
492 126
337 82
90 438
302 92
340 21
70 205
385 199
469 406
73 94
434 238
60 323
123 277
369 347
497 434
314 275
468 368
483 358
233 217
393 5
177 303
159 256
35 128
108 251
312 337
312 364
389 296
53 237
167 252
490 365
219 327
433 405
108 469
372 468
366 117
492 381
444 369
440 56
97 116
252 321
138 304
283 363
325 294
439 409
10 383
367 357
163 257
393 72
107 211
145 392
193 309
53 475
169 179
258 124
58 403
287 358
200 368
494 332
112 165
460 466
78 352
368 10
454 81
374 424
301 468
472 289
250 493
393 464
330 128
186 417
321 194
154 203
56 323
327 210
131 108
464 119
484 489
362 254
191 378
179 128
287 460
139 345
490 64
239 332
249 2
29 172
199 110
494 274
42 452
282 334
462 194
1 145
391 42
171 381
297 409
443 215
234 444
217 195
326 197
69 407
353 193
75 306
287 22
305 53
103 133
237 431
89 233
496 54
180 27
96 40
283 488
263 261
311 240
42 342
57 443
454 350
82 431
323 138
204 48
320 449
372 358
476 69
451 46
330 43
394 263
462 443
64 177
159 430
463 261
177 414
393 71
205 232
198 251
120 83
155 6
42 481
469 283
318 112
308 312
81 224
127 282
342 286
132 235
347 469
180 194
173 423
457 436
112 53
215 33
249 56
200 70
466 320
447 260
286 390
207 60
301 32
33 310
181 293
129 290
368 105
183 436
482 308
159 361
445 328
467 81
285 448
305 143
315 357
400 273
30 112
209 286
447 443
258 378
306 151
437 483
477 434
286 375
260 122
166 292
277 50
417 314
454 88
324 3
41 164
117 61
443 315
276 405
263 438
69 221
361 91
150 118
313 364
385 104
454 435
381 92
122 375
497 399
252 77
5 278
135 358
105 430
99 202
242 325
470 271
448 160
344 96
310 368
361 129
232 183
161 71
41 181
5 345
213 179
363 220
260 24
424 59
449 64
271 315
350 75
395 466
346 482
137 347
231 316
363 25
1 473
61 6
278 96
179 300
197 174
25 191
44 294
184 231
123 23
463 93
313 490
241 84
89 355
184 16
403 303
152 287
303 476
4 269
462 156
173 237
326 93
70 139
291 107
57 1
352 356
181 210
34 383
79 6
51 477
190 108
109 255
314 287
340 277
218 349
326 212
440 234
36 494
365 298
30 296
391 151
148 491
496 411
301 309
85 67
133 274
283 235
497 238
100 71
353 164
384 78
199 498
63 347
284 109
402 85
81 262
56 210
141 435
133 463
157 288
315 55
124 175
440 159
106 236
465 367
409 20
160 369
299 234
385 418
246 96
199 285
196 244
267 100
333 309
405 272
357 308
95 279
437 386
413 72
182 149
236 266
45 365
336 373
270 202
156 485
352 390
459 114
216 283
2 275
84 475
459 0
43 420
245 184
220 208
408 342
150 25
224 308
258 176
377 150
189 51
430 338
78 465
486 304
129 335
311 457
143 464
228 410
484 211
419 265
257 86
450 59
30 435
177 225
25 434
398 491
490 428
364 268
111 498
124 499
45 341
385 110
462 319
399 58
130 142
151 207
225 281
102 491
376 149
309 9
259 416
93 13
464 338
249 15
45 385
176 226
301 100
334 72
152 353
328 83
53 469
256 455
157 276
419 109
352 421
352 162
62 419
150 83
39 164
367 219
186 173
486 100
498 262
462 44
436 94
75 379
267 138
495 167
330 31
66 274
46 456
131 444
457 381
95 256
335 500
12 462
103 454
167 21
294 499
125 54
203 208
139 406
450 126
37 91
22 290
123 11
460 412
318 125
152 56
201 443
75 418
390 169
321 388
32 61
440 170
495 471
206 42
172 105
166 496
278 262
463 150
465 72
9 497
438 336
56 186
292 213
234 454
186 276
331 238
24 122
86 452
250 439
32 208
81 390
366 140
200 113
116 485
274 143
308 379
210 158
184 42
99 2
15 398
378 191
40 115
298 425
72 270
253 441
456 72
217 468
335 168
381 254
22 57
380 440
168 71
288 478
137 47
100 230
451 423
294 186
60 432
148 181
333 5
434 123
241 468
57 173
275 75
50 462
304 111
366 55
313 462
355 261
17 283
118 287
75 200
78 390
153 117
477 102
425 383
473 301
475 174
54 126
289 201
343 144
131 107
168 70
421 114
417 240
203 126
278 475
123 490
297 267
9 23
292 95
223 68
98 113
433 173
381 495
218 113
469 146
182 355
96 418
487 355
239 115
305 361
356 306
245 466
206 303
373 357
451 324
469 453
1 251
304 239
278 373
90 106
284 313
400 127
25 90
245 215
153 349
85 488
124 317
477 86
162 32
233 139
489 3
375 106
45 122
91 213
262 364
58 445
6 19
204 197
476 174
439 130
60 59
353 196
192 409
418 114
31 354
178 101
362 296
231 237
52 89
4 351
107 140
153 374
445 166
119 309
83 144
139 10
210 266
317 302
113 8
86 357
351 354
71 201
303 230
76 143
415 327
355 192
207 387
425 479
225 116
312 427
70 296
257 0
129 28
234 289
87 228
488 31
126 455
152 224
49 335
246 198
67 205
33 329
389 184
93 172
226 277
446 399
450 41
423 322
285 30
312 332
399 103
250 106
228 451
325 98
36 336
352 106
288 318
209 412
177 317
416 65
342 108
321 70
59 416
313 302
29 186
195 238
279 500
107 29
154 493
94 298
433 227
0 199
61 411
385 253
46 124
150 199
237 293
319 186
16 108
181 181
68 74
10 159
449 335
375 102
306 408
64 299
99 33
381 356
340 185
123 50
5 450
305 263
45 86
473 325
393 479
180 202
82 301
324 412
271 370
26 429
199 68
479 146
280 57
297 397
283 262
332 478
228 465
236 316
403 41
235 314
57 154
141 307
403 403
194 406
112 479
481 371
499 425
34 377
448 352
365 75
243 292
468 339
226 385
271 144
373 326
195 359
344 441
31 88
96 421
157 80
385 44
214 471
360 366
483 437
295 443
307 238
335 182
207 431
474 319
235 385
187 122
97 226
376 9
119 293
317 456
89 125
118 254
354 235
487 58
372 146
147 66
131 389
213 325
97 402
342 476
78 11
74 386
197 436
47 395
37 233
139 94
493 189
236 116
3 304
336 408
435 370
32 390
220 306
398 477
371 101
180 214
176 128
292 316
233 56
42 267
271 496
32 230
199 494
364 136
497 416
119 207
219 391
154 32
23 108
296 357
269 215
340 71
137 260
389 104
115 415
281 276
425 401
22 437
52 318
107 90
169 218
400 402
468 232
487 326
54 85
5 396
307 356
149 61
305 455
225 64
351 15
353 494
374 59
27 395
123 15
391 180
258 60
72 59
303 376
31 82
352 256
258 249
49 198
433 128
153 345
40 261
457 94
234 216
463 243
259 102
500 294
343 307
273 89
339 80
231 73
468 168
235 324
131 443
496 126
92 274
183 287
496 292
230 287
113 184
10 436
306 67
224 88
449 296
288 474
358 325
185 51
33 143
359 70
129 400
365 500
87 484
407 319
154 241
140 48
112 31
498 110
37 413
496 473
448 44
456 362
109 20
401 217
35 208
487 130
171 106
53 343
406 465
157 452
409 290
332 80
240 50
351 7
427 472
472 424
473 200
74 155
228 349
486 349
215 485
315 179
392 240
409 303
195 282
90 494
121 402
232 429
434 388
304 41
85 213
489 231
442 77
248 152
410 290
111 475
169 222
495 410
393 442
422 310
423 399
430 260
231 18
150 191
203 425
441 313
137 61
123 206
235 130
118 56
224 342
105 271
403 140
276 189
398 165
365 433
180 210
262 157
343 278
477 20
296 368
35 319
6 32
228 369
57 162
192 312
220 434
299 128
162 494
31 451
378 347
462 353
30 349
491 500
469 91
84 250
60 121
394 163
81 16
412 13
490 134
408 251
19 160
135 214
446 330
202 23
437 13
119 134
479 379
414 479
210 465
3 8
14 245
478 372
349 346
35 353
287 331
378 155
467 489
427 409
373 205
243 355
461 355
80 249
252 4
150 489
412 420
99 14
18 437
225 426
330 472
353 248
493 68
222 398
357 388
101 303
34 454
356 444
323 208
148 165
321 30
488 93
30 16
45 154
448 440
159 209
466 432
106 37
173 349
71 184
317 149
156 203
133 303
282 451
94 426
32 36
310 471
218 191
30 69
423 170
470 74
395 15
411 37
297 416
365 155
302 447
251 83
486 481
22 250
276 388
139 100
340 14
143 214
170 290
475 140
16 53
405 196
393 421
453 199
160 359
90 91
93 19
349 301
386 290
321 126
457 330
494 244
138 67
321 345
203 235
432 224
454 386
302 211
361 217
383 142
311 171
318 123
98 243
157 302
275 268
204 472
150 151
406 229
392 298
144 25
235 103
0 466
287 326
92 145
326 251
336 161
82 161
448 198
336 419
403 68
468 379
99 236
43 399
202 114
44 385
497 367
250 370
378 440
158 434
174 90
350 493
146 246
47 192
485 132
443 338
92 357
60 275
116 85
246 285
299 197
124 495
189 27
182 286
349 339
105 342
73 42
291 208
104 436
253 45
479 155
35 380
120 218
445 54
302 246
299 479
395 347
268 11
446 252
387 424
130 337
58 163
148 12
328 306
407 381
398 159
90 477
198 400
428 51
317 94
14 32
8 418
79 328
312 491
472 334
94 481
300 465
198 111
347 135
9 66
108 279
130 222
340 35
413 380
347 266
289 191
469 38
334 159
135 130
272 366
266 294
280 408
56 105
96 353
343 353
239 365
148 72
458 398
122 317
442 198
318 424
222 491
58 223
496 473
258 94
74 394
136 371
9 151
346 75
388 114
265 4
383 404
464 178
430 129
469 360
383 374
300 128
408 277
209 230
272 189
25 325
178 464
276 262
92 139
0 181
377 52
33 84
481 365
498 228
500 186
234 145
336 282
396 309
337 205
285 203
227 0
54 217
235 131
172 165
246 470
19 100
353 159
405 188
91 257
197 151
84 456
53 64
448 93
158 61
132 489
162 375
244 444
47 28
194 39
193 388
140 484
53 394
133 297
45 466
183 53
36 266
133 248
95 351
113 196
210 373
409 313
226 190
206 9
457 348
350 215
386 141
361 480
303 129
115 350
102 87
149 418
457 43
136 494
272 22
289 41
395 421
461 196
108 491
242 204
349 34
130 116
61 9
41 265
52 221
14 298
72 149
96 413
403 395
247 369
151 342
31 198
443 168
126 352
159 298
373 195
79 22
15 399
141 48
473 125
353 378
230 338
444 484
182 336
126 134
100 274
170 347
92 217
370 228
89 359
480 85
463 356
159 84
122 135
99 357
203 110
13 189
412 404
110 15
423 56
143 145
88 129
432 140
262 194
330 249
397 343
7 341
236 93
82 196
368 78
455 69
94 442
132 310
211 240
241 441
194 230
189 382
96 181
151 331
113 279
274 363
39 337
31 77
369 349
20 149
1 320
363 455
384 297
453 388
467 473
409 246
228 365
146 412
93 131
495 214
155 195
76 313
230 93
172 48
217 432
240 479
493 441
46 206
390 207
311 334
93 370
343 8
267 251
395 317
426 408
433 464
84 359
145 45
4 406
250 73
36 414
44 449
76 439
428 171
406 371
473 499
378 381
442 174
339 159
201 64
391 399
103 407
274 406
244 418
101 15
450 267
27 444
96 277
78 179
49 330
12 332
496 384
203 5
379 477
381 485
72 206
408 205
26 197
166 342
343 75
423 126
226 70
142 398
483 472
54 137
493 331
120 427
34 135
418 111
67 322
0 196
8 65
465 179
117 67
438 43
305 451
80 410
304 451
157 175
484 116
291 323
382 172
261 250
399 451
291 105
365 76
265 138
127 234
84 26
465 180
40 314
89 45
159 498
244 402
75 335
466 35
475 28
288 99
470 376
262 157
219 203
292 221
117 277
261 77
201 295
148 405
250 247
446 383
428 114
367 204
276 261
223 393
267 487
467 138
258 483
187 313
396 201
498 40
244 56
328 241
242 322
51 233
41 429
389 219
194 321
435 473
75 163
293 141
436 164
254 175
368 13
237 458
370 274
88 300
426 159
316 311
32 263
487 55
211 437
328 322
42 30
62 193
195 136
495 401
74 361
294 295
122 262
29 357
306 322
56 210
495 140
199 230
401 214
91 15
477 232
486 191
313 191
336 46
36 389
490 352
238 309
159 161
418 410
349 255
329 22
149 151
111 101
464 286
480 407
246 429
297 484
448 175
194 22
185 252
222 163
333 431
492 219
334 105
49 495
353 203
348 389
271 295
386 293
11 60
465 119
131 310
239 203
91 288
299 82
39 217
497 87
337 283
413 401
415 88
430 373
194 468
71 190
68 201
162 440
500 3
336 240
1 429
222 39
374 297
86 429
29 422
238 385
258 85
82 263
427 163
1 350
80 486
379 425
435 3
22 17
361 194
291 479
259 287
199 217
341 251
210 287
131 308
23 366
54 465
150 341
255 294
243 28
135 432
299 208
390 371
220 360
390 115
389 388
337 48
499 337
81 395
120 251
423 40
250 393
262 250
193 49
88 58
389 188
396 276
302 63
481 116
52 126
235 440
57 496
304 85
232 376
0 206
82 472
205 187
30 117
405 481
235 438
154 479
39 146
380 475
374 331
323 285
303 147
486 402
331 407
66 317
433 482
449 300
376 64
443 202
175 130
213 244
277 130
405 488
351 118
338 279
175 185
357 99
10 253
296 263
25 106
315 107
48 140
254 461
293 201
160 439
458 72
26 448
448 35
231 287
247 158
435 456
166 274
452 452
301 441
182 21
226 200
269 93
300 471
205 13
432 264
404 470
115 272
48 118
450 71
16 302
269 277
101 66
407 444
289 401
414 407
339 314
407 7
406 276
158 450
238 448
247 450
423 428
75 314
209 54
382 113
32 150
29 307
216 43
484 266
415 20
350 30
9 128
367 451
221 202
200 189
321 486
275 102
178 489
78 286
492 77
116 337
45 47
53 155
118 235
196 393
289 336
375 103
366 176
489 31
90 320
459 203
426 485
493 358
202 354
315 68
332 139
1 229
106 339
376 58
421 239
275 498
81 487
245 350
98 443
449 495
156 231
177 309
316 245
294 477
410 197
436 233
383 410
468 61
220 276
449 107
250 12
317 133
485 65
75 91
326 477
372 73
389 407
367 472
334 321
447 86
445 391
314 434
241 71
342 304
437 224
277 83
318 330
53 347
435 142
269 293
103 301
136 171
31 490
239 220
329 391
188 134
59 79
290 3
132 212
409 431
257 206
300 489
348 87
121 9
403 318
366 28
342 6
30 21
295 384
129 62
222 317
440 444
46 404
290 409
334 359
134 228
125 49
19 166
207 69
58 177
487 244
173 282
283 422
27 75
364 139
58 338
487 190
144 272
492 178
65 161
74 489
467 492
31 480
308 109
34 325
479 127
415 470
340 471
494 361
79 31
229 292
175 150
482 231
323 397
223 215
242 38
406 85
28 37
414 228
261 38
131 322
360 223
52 298
474 430
430 439
82 274
153 79
54 106
391 143
10 29
63 105
284 155
416 229
477 61
486 471
90 474
488 331
344 15
79 435
69 472
430 285
207 270
354 253
0 239
184 432
438 176
334 460
216 171
303 415
171 50
91 275
228 484
433 104
277 199
385 496
121 40
222 336
133 310
58 118
127 465
163 485
250 421
40 490
361 220
489 195
495 239
392 147
275 16
410 358
391 473
19 268
36 318
274 446
77 108
284 45
475 81
432 313
28 467
104 479
482 385
235 9
409 236
131 258
345 168
377 161
474 321
381 255
369 133
494 151
193 22
367 32
32 247
363 118
290 313
200 217
377 23
432 103
19 36
277 481
439 287
359 374
98 244
286 281
158 74
321 343
386 200
445 497
106 327
249 354
150 342
29 160
328 90
434 69
237 323
452 338
370 227
500 53
327 19
121 346
37 219
349 148
102 312
256 383
153 51
416 431
174 331
292 379
428 180
360 53
257 334
205 126
353 23
116 216
324 475
474 31
195 311
98 377
272 190
295 173
466 94
408 71
116 181
247 290
191 147
388 287
246 259
293 430
104 311
110 355
434 409
70 307
158 226
486 226
487 463
431 332
125 475
125 453
444 479
115 113
46 280
392 103
175 155
423 136
19 134
134 440
468 80
129 375
221 72
408 175
129 5
181 251
443 241
415 127
4 61
168 432
362 238
39 135
472 55
285 21
81 77
184 372
326 492
138 193
422 81
18 309
380 181
438 260
259 209
298 463
324 134
168 380
91 434
21 321
215 156
271 24
376 267
257 161
338 153
1 38
492 275
497 282
260 242
26 210
65 277
259 399
467 375
313 411
126 269
190 129
302 458
16 397
324 413
493 132
175 150
228 175
263 235
22 275
219 217
433 398
438 433
249 326
55 170
198 436
358 183
368 384
404 487
107 151
275 237
180 85
141 283
354 407
224 367
332 151
236 409
366 392
174 339
303 201
425 474
222 414
160 461
400 222
74 294
295 235
53 467
482 261
56 498
37 425
267 155
384 440
466 63
238 369
306 352
388 23
30 375
175 146
80 251
199 429
57 111
368 219
245 98
303 430
133 117
201 67
354 324
237 303
265 430
118 105
375 265
206 46
120 462
404 222
174 69
472 242
246 469
50 423
493 245
113 191
85 169
303 388
317 346
479 406
234 115
32 384
157 194
4 495
227 388
342 205
146 492
403 153
286 72
380 358
280 239
101 40
240 155
32 299
310 297
156 447
267 44
79 475
304 441
267 273
434 404
30 63
480 443
18 219
392 300
440 198
49 399
214 259
457 462
407 395
478 78
98 21
489 244
270 485
222 116
66 334
130 178
496 114
447 480
230 228
411 352
67 114
232 460
385 101
486 69
37 470
472 32
270 359
497 456
321 300
293 67
344 409
46 195
277 296
341 179
493 139
416 121
239 183
446 176
103 156
133 304
124 123
375 481
376 105
312 314
28 284
412 222
119 460
51 97
486 175
246 353
465 203
241 43
482 337
304 306
157 407
53 224
157 153
9 377
21 297
392 318
228 302
438 294
76 22
188 231
255 443
338 183
222 152
167 397
205 384
456 83
136 148
370 332
295 363
380 460
28 84
30 256
384 262
34 43
460 393
409 378
129 389
7 126
288 179
395 232
273 310
20 333
277 455
480 176
117 0
318 107
392 491
375 230
218 142
339 238
41 76
159 116
83 102
5 46
494 17
37 172
318 159
327 105
482 320
410 100
213 1
392 123
279 25
439 223
305 476
309 163
112 366
66 186
75 451
455 418
470 334
86 496
136 302
307 204
419 51
179 360
63 221
449 8
329 440
68 440
196 371
13 222
240 379
196 18
74 19
190 44
206 334
495 347
195 55
443 174
124 315
124 443
437 369
62 346
239 471
288 85
396 252
333 70
421 75
8 345
435 58
137 301
400 195
58 355
93 158
19 71
321 147
466 87
116 120
85 375
382 331
447 216
181 222
61 37
459 172
250 42
313 319
46 85
67 107
500 317
488 242
410 283
132 203
199 360
7 39
85 187
69 23
336 464
336 203
197 353
75 444
208 419
453 109
86 210
428 194
209 122
148 121
282 189
466 36
133 42
361 9
476 37
412 442
170 470
425 328
481 157
362 17
213 253
26 356
76 363
488 108
299 209
445 397
192 129
42 80
188 337
235 90
331 445
453 352
181 24
148 481
105 439
99 116
234 216
82 479
292 103
242 283
333 307
485 308
45 442
430 94
266 4
322 480
444 499
326 222
365 427
453 301
53 67
29 391
110 477
451 185
46 468
248 0
16 367
396 276
232 329
435 432
128 357
432 111
328 49
137 404
402 282
443 438
261 59
455 369
431 447
245 196
474 3
264 191
205 27
165 450
131 137
119 459
288 231
92 195
225 429
346 350
56 421
229 230
278 28
382 249
452 245
227 252
387 182
425 337
477 93
429 229
336 115
331 35
441 49
213 436
421 86
395 243
308 13
497 421
105 216
232 245
358 463
317 229
414 199
22 103
409 140
455 218
222 85
308 486
269 35
188 84
397 419
100 122
395 361
271 277
185 20
410 246
350 122
340 493
330 96
226 476
173 172
498 73
148 76
77 286
225 349
470 307
303 287
61 220
173 65
407 85
400 54
287 125
75 198
256 351
200 89
303 424
361 202
240 380
496 175
336 326
386 243
345 235
154 142
280 480
137 396
34 67
206 255
3 225
449 422
153 150
350 370
403 297
328 63
327 306
177 327
69 17
335 258
74 80
496 54
283 220
284 29
132 360
460 455
356 74
186 73
240 75
5 499
167 491
463 285
55 23
450 62
341 276
413 29
77 458
163 300
418 32
466 470
318 480
246 454
215 428
318 31
266 272
203 352
252 180
393 219
302 445
427 294
121 119
337 369
216 242
40 51
419 347
220 209
264 438
241 278
437 17
95 385
452 192
244 419
215 250
279 438
149 423
275 157
10 46
252 367
192 297
317 167
150 195
6 256
58 52
485 303
24 270
201 91
49 197
382 221
266 301
395 416
121 165
253 176
264 465
473 442
496 15
171 418
193 290
139 488
124 181
91 434
231 162
332 342
225 427
171 106
62 346
455 66
357 152
19 362
325 93
224 145
226 451
498 193
477 487
429 424
234 461
99 109
341 111
410 449
143 323
139 472
493 280
7 257
221 33
342 424
280 301
197 385
246 73
388 116
296 140
48 473
24 27
192 450
212 336
8 489
19 77
167 12
390 210
365 440
355 91
42 383
9 453
242 43
200 31
266 236
267 272
418 237
62 132
70 73
199 220
127 112
11 377
116 414
427 233
410 499
94 421
70 201
412 311
324 435
424 400
330 141
470 318
360 449
60 498
183 306
129 369
427 100
8 142
472 288
159 220
46 439
484 54
76 136
391 59
298 219
19 267
249 344
400 495
437 239
15 13
215 485
383 186
235 163
462 66
461 178
125 48
25 235
229 449
408 340
462 440
268 87
86 275
419 499
204 421
259 401
472 361
403 480
466 137
68 246
349 178
269 208
204 63
464 286
333 219
405 313
173 437
238 155
110 9
37 291
323 289
136 380
406 320
437 380
331 46
74 230
9 14
364 312
467 147
245 453
178 446
270 61
136 58
197 292
135 107
375 458
493 7
189 48
265 187
353 484
403 78
363 201
410 225
274 257
169 122
4 12
166 244
416 406
470 296
354 196
402 17
126 234
55 439
189 153
180 461
356 21
159 48
314 438
290 213
178 160
435 207
432 219
106 154
333 142
257 211
16 185
345 474
107 97
124 289
136 451
421 364
85 276
408 488
476 108
432 217
98 10
347 452
200 306
428 433
294 375
391 480
214 64
5 270
205 393
294 170
160 40
34 237
68 441
139 292
233 138
191 348
115 325
178 86
304 68
320 483
89 302
145 467
500 423
53 139
431 237
240 215
37 346
329 259
295 40
192 477
494 138
61 459
183 111
285 389
330 113
346 459
339 118
120 257
367 278
294 324
295 248
40 464
480 399
252 404
283 64
410 394
175 185
32 367
497 355
330 441
454 232
117 364
276 50
199 398
50 88
53 142
174 389
344 231
484 221
387 199
474 20
85 415
378 22
178 416
278 66
284 193
201 275
165 21
397 341
51 292
215 53
261 228
59 203
194 25
485 20
473 415
412 493
448 376
211 84
368 167
414 476
494 208
178 244
342 239
499 198
384 417
212 338
366 42
252 477
200 190
452 357
155 225
221 1
398 277
50 388
276 130
227 183
200 59
419 331
443 352
28 162
467 406
37 265
295 450
223 172
54 159
135 155
473 48
191 467
0 500
424 436
124 27
74 245
249 235
270 282
192 457
242 233
451 487
351 2
58 347
166 486
467 274
337 395
97 263
101 70
319 108
200 93
200 243
35 355
87 304
95 104
223 125
132 254
356 163
89 500
348 282
213 76
82 21
462 1
10 463
277 213
25 211
302 329
354 225
211 255
492 179
230 491
255 210
7 440
307 188
34 239
337 71
333 8
79 414
214 356
465 173
175 392
101 5
216 290
238 201
120 306
320 92
138 174
118 161
53 254
79 189
457 72
495 280
356 342
60 453
65 225
194 240
470 281
468 304
44 84
381 322
15 86
349 246
4 127
293 399
296 468
280 115
290 465
396 95
235 193
178 368
318 264
147 488
97 287
117 197
422 310
134 225
93 4
282 94
358 271
14 77
68 103
141 360
314 324
6 447
10 218
2 367
167 389
3 393
358 292
355 82
175 431
252 14
382 180
168 187
304 355
438 85
53 81
398 362
154 289
23 420
104 336
203 474
147 176
286 346
104 206
415 460
245 260
344 103
163 184
378 424
74 415
482 7
167 289
145 461
362 457
398 480
95 28
410 346
331 81
460 93
10 261
311 475
382 199
489 277
390 30
293 178
118 250
330 233
112 379
423 277
409 472
47 83
64 484
88 162
151 415
297 380
261 237
454 108
14 235
440 184
49 465
312 289
33 16
437 294
467 232
387 6
153 140
450 85
308 154
418 60
45 310
468 245
260 40
389 112
211 425
303 15
184 112
129 22
19 236
196 288
281 497
261 10
71 416
133 315
210 272
129 386
113 474
215 323
448 103
275 127
254 267
214 79
111 394
472 369
247 495
458 314
37 274
104 183
425 156
451 444
264 323
247 419
319 116
497 57
336 491
60 426
227 185
458 307
67 471
424 249
4 299
473 68
59 452
166 42
413 39
293 244
140 273
5 71
449 156
142 25
291 248
383 244
84 473
196 184
401 247
420 290
97 495
163 162
491 436
401 340
148 369
129 296
196 317
470 362
410 140
482 123
473 480
90 252
347 408
258 75
369 356
436 42
350 191
97 287
286 189
179 76
71 471
209 81
298 268
148 418
472 186
26 445
189 66
488 78
170 73
469 262
129 465
476 489
353 229
298 472
440 217
429 195
463 218
191 32
498 44
116 401
188 13
35 32
79 16
258 347
432 446
106 205
368 491
100 313
275 305
92 232
352 470
159 336
277 406
231 224
346 61
35 52
409 226
93 482
17 433
81 254
352 254
304 33
74 340
248 474
146 206
281 99
230 145
269 447
184 274
456 1
200 313
336 464
50 288
148 93
132 278
264 283
257 88
311 464
269 344
257 409
52 83
330 225
409 175
291 347
469 387
239 10
74 390
203 69
46 128
217 498
60 62
186 431
316 399
19 381
9 454
140 391
250 166
188 327
324 206
274 444
21 221
113 71
20 104
332 369
205 157
410 149
322 353
114 187
248 194
179 54
220 84
443 97
348 421
397 103
251 16
56 271
366 255
372 313
43 32
4 425
367 315
6 490
93 209
381 261
245 110
45 244
205 221
397 450
179 62
405 33
196 163
78 201
265 432
166 155
271 320
225 120
437 403
402 407
114 373
427 70
286 31
495 323
84 134
404 279
138 87
492 414
210 31
31 316
368 93
241 241
475 463
389 225
307 363
58 287
307 342
30 122
65 423
98 344
415 363
2 44
419 492
457 388
34 289
316 448
321 105
400 436
20 135
433 0
307 290
72 87
203 466
399 385
233 259
200 8
387 177
421 309
343 351
402 344
425 292
356 27
345 243
470 23
372 215
4 34
70 410
296 37
433 44
245 445
406 500
165 40
124 69
466 73
45 424
327 124
382 70
282 338
61 263
465 12
417 363
73 146
33 107
322 451
163 267
249 469
391 485
210 34
421 381
376 278
446 231
197 30
122 145
159 213
331 133
475 104
252 413
269 41
381 387
176 375
387 18
283 441
194 381
486 370
181 111
113 444
213 414
386 88
293 31
436 137
372 397
52 436
410 153
213 369
185 359
110 335
164 462
304 409
233 441
485 65
424 248
251 194
310 412
375 347
448 104
13 496
396 483
482 24
360 335
95 59
221 328
4 415
383 242
485 61
93 214
133 255
248 183
301 43
27 396
143 319
274 442
98 470
150 247
230 288
439 161
20 447
428 114
433 500
94 301
151 439
204 199
368 323
181 181
116 85
426 373
155 407
53 384
430 492
218 65
345 312
377 311
498 299
250 311
489 379
282 470
396 221
169 327
144 73
78 138
198 228
290 10
383 260
455 273
447 1
224 234
437 190
445 498
287 148
361 215
166 360
156 113
280 52
295 372
408 183
470 198
98 271
150 283
325 268
166 153
252 15
414 226
223 193
396 56
286 336
41 241
492 78
101 421
483 334
38 257
428 371
289 383
189 9
350 435
119 233
67 71
435 216
126 123
267 197
67 181
435 42
150 242
434 35
144 100
116 17
417 81
246 69
436 319
237 332
423 424
40 237
113 29
294 171
68 322
298 146
349 267
53 136
146 8
48 497
131 59
469 397
465 146
413 125
60 413
346 323
227 61
318 71
182 113
202 268
496 122
374 362
293 487
82 68
62 443
387 75
1 483
466 273
398 122
420 32
438 130
108 16
2 34
144 401
129 149
476 220
393 146
300 294
217 456
313 346
470 251
268 409
102 212
167 413
157 353
479 70
150 418
186 408
352 205
451 92
281 327
94 109
377 187
107 12
223 267
161 246
485 173
240 305
469 10
22 253
42 330
337 402
469 58
93 311
454 2
438 420
30 326
180 168
452 220
55 400
306 430
424 476
175 429
6 422
89 360
455 215
15 310
58 242
4 77
273 166
352 62
465 368
114 343
238 304
472 455
83 109
9 436
79 439
398 235
500 44
316 306
448 33
407 11
67 326
256 44
269 406
74 129
417 429
248 227
140 297
374 91
422 336
444 430
384 124
282 365
347 169
51 156
93 373
407 475
331 215
380 287
415 154
495 46
98 312
104 16
220 468
255 493
152 200
9 99
301 423
244 438
167 204
34 187
196 420
234 244
22 70
191 219
492 190
99 89
281 1
311 373
117 250
267 251
171 79
202 172
443 51
205 338
324 317
356 30
494 134
453 99
277 402
118 487
135 75
336 13
345 104
317 261
33 114
36 361
83 328
109 250
74 434
33 129
202 312
332 229
409 74
66 379
69 355
80 446
392 360
129 404
368 202
188 50
33 449
21 25
492 359
216 0
395 153
382 422
491 385
486 237
152 225
309 18
371 396
222 19
37 455
258 162
113 257
287 96
105 466
372 129
185 123
91 265
205 474
189 200
58 157
385 450
96 374
200 218
325 342
440 213
50 8
315 439
292 463
452 137
281 222
3 479
461 224
341 160
492 91
137 35
489 0
68 480
58 16
179 213
3 15
467 59
119 497
451 246
18 381
72 41
254 12
97 112
5 324
413 314
449 361
391 17
354 226
415 207
3 354
207 106
121 274
161 318
82 363
20 9
261 337
361 193
39 124
187 447
251 290
71 5
221 262
462 259
11 327
225 426
406 127
209 405
184 86
93 414
463 487
401 454
431 227
20 52
33 326
409 228
198 9
435 337
79 58
268 434
64 9
210 163
129 436
359 143
153 427
299 190
365 188
326 177
146 164
117 116
131 387
361 452
96 29
153 350
139 134
404 277
282 73
183 311
131 480
268 207
125 331
462 244
184 448
263 302
452 40
475 370
214 281
194 395
436 30
356 40
349 64
249 193
151 205
411 470
21 176
93 115
400 376
488 96
432 488
24 67
336 71
274 494
224 197
420 371
410 207
402 160
297 388
138 349
426 378
290 498
224 345
219 266
458 420
457 165
145 42
6 288
315 243
239 253
59 150
494 218
67 209
487 227
413 238
271 31
249 212
325 45
23 139
407 454
159 283
95 193
181 303
115 97
295 245
111 80
442 118
415 345
136 428
206 131
143 336
29 13
395 82
304 309
385 1
188 60
219 245
33 213
217 274
234 255
440 179
178 51
403 330
136 91
360 234
180 87
48 53
277 78
160 348
399 43
475 156
101 275
184 27
199 398
208 2
443 83
36 432
490 192
369 365
381 97
184 430
51 106
81 4
273 314
214 393
25 304
477 240
7 285
166 463
464 403
316 192
439 109
399 295
394 14
306 257
351 486
254 21
319 481
374 475
211 82
51 350
261 310
305 94
109 483
14 414
108 49
412 35
221 141
159 67
0 275
129 375
129 82
396 75
33 183
296 376
260 477
42 196
281 479
84 474
212 228
342 56
43 298
363 234
354 215
314 223
334 397
433 85
500 157
483 262
385 203
398 22
52 393
140 382
464 15
470 233
194 50
352 218
266 441
336 467
344 356
251 117
175 247
266 177
479 207
439 143
232 233
229 498
247 52
251 105
179 343
7 192
432 343
408 344
263 213
426 275
78 144
450 82
436 25
178 202
408 158
222 134
91 440
26 263
327 365
466 34
214 387
146 331
133 306
245 89
337 412
29 215
70 150
291 418
112 218
179 475
225 360
97 488
19 416
452 210
174 275
3 323
56 274
158 386
113 495
163 226
133 232
493 91
75 247
423 101
425 201
27 172
208 453
234 169
277 51
358 138
12 365
410 179
235 33
247 465
260 77
410 158
426 111
360 17
98 382
84 86
231 122
360 157
374 344
356 373
184 269
130 178
93 417
19 20
320 379
114 180
168 267
111 387
25 171
494 28
111 486
140 248
276 47
6 307
180 435
9 431
359 204
256 138
261 426
470 216
477 499
490 345
73 326
