105 353
427 355
349 146
265 329
481 491
403 395
245 334
386 491
4 185
87 498
59 172
176 70
385 223
48 215
354 185
26 399
479 325
461 160
95 69
34 415
227 145
229 168
23 80
339 73
141 118
183 313
203 399
254 327
198 277
225 329
112 281
248 88
120 284
273 145
166 112
193 270
444 379
346 253
486 469
195 92
353 341
292 77
494 192
441 151
93 472
284 329
365 414
258 439
136 160
460 147
399 330
79 457
178 57
345 365
378 461
434 64
353 15
262 342
177 206
368 255
57 308
334 362
158 454
386 195
136 166
371 345
84 430
113 63
413 483
388 86
426 50
50 479
275 361
143 142
434 469
82 26
420 6
456 491
386 160
18 392
307 0
481 291
40 283
315 24
500 268
52 294
491 275
351 392
238 132
378 314
292 497
98 43
194 185
224 483
412 185
126 239
286 159
184 485
484 475
323 428
155 443
57 150
454 479
386 365
33 196
368 406
413 359
326 158
387 377
317 255
157 373
486 433
444 352
204 255
426 171
227 45
232 356
374 288
18 36
476 225
372 460
376 58
442 434
165 349
34 92
30 90
462 342
289 199
119 428
268 308
224 408
236 313
481 56
451 170
344 128
369 376
74 39
381 84
424 58
448 350
108 164
498 444
373 106
260 292
187 184
9 376
457 80
179 452
325 323
406 47
461 260
260 333
378 254
444 273
17 330
381 328
170 459
465 488
203 87
175 46
304 232
336 249
200 228
129 366
238 80
203 472
496 69
411 270
26 48
500 457
316 389
163 449
161 173
275 128
382 440
142 408
323 455
353 57
145 480
0 496
110 395
17 281
463 343
95 286
178 137
491 448
175 173
35 204
209 382
413 126
297 232
141 333
220 58
25 66
53 309
354 395
416 421
474 204
57 418
96 459
38 376
298 313
442 92
91 417
358 253
186 82
185 169
65 423
35 43
290 383
262 422
357 185
225 73
380 393
10 467
112 328
475 36
346 229
169 271
316 328
452 123
384 223
124 236
24 57
68 286
441 191
173 357
72 306
500 45
323 33
109 391
168 292
313 401
464 418
441 233
379 272
478 490
311 56
345 385
319 311
474 436
403 156
404 264
443 469
480 401
18 411
133 185
262 464
331 305
105 308
96 120
204 425
139 486
487 147
275 86
17 379
360 134
135 176
109 383
88 241
480 140
383 349
26 112
270 187
349 119
190 151
88 466
232 41
115 84
401 327
229 375
410 23
158 301
336 117
369 423
435 119
401 327
346 102
74 340
259 223
22 219
452 490
349 183
161 213
207 65
182 427
476 408
237 346
13 403
131 130
209 8
96 333
251 241
340 121
321 389
402 119
432 451
460 189
48 141
51 482
109 441
71 370
52 12
218 66
433 83
413 446
37 56
437 407
71 227
38 338
234 325
42 218
225 362
45 397
109 250
360 95
423 452
286 335
289 406
138 126
187 220
57 69
151 440
192 497
222 385
438 279
165 165
302 406
154 482
352 218
122 141
389 474
49 479
33 300
430 85
446 125
167 31
81 288
363 410
58 180
175 435
452 129
476 356
62 244
401 454
150 482
294 367
454 222
22 257
355 291
317 20
491 313
352 249
482 228
473 273
275 127
267 34
283 434
332 103
267 313
487 179
294 116
70 382
286 36
53 356
10 76
7 1
308 212
59 490
159 44
153 393
20 295
480 390
302 400
57 427
480 209
146 196
434 7
105 393
138 156
121 20
263 461
160 462
395 340
124 28
1 24
169 294
167 386
108 49
472 347
387 374
110 232
364 433
40 428
289 40
129 78
444 310
471 200
247 497
145 405
339 272
127 468
151 271
464 103
118 443
498 250
291 167
392 344
218 323
70 108
439 138
410 135
274 179
387 380
253 30
345 230
121 308
365 136
289 363
192 239
6 223
170 289
298 451
97 260
30 246
333 388
250 46
147 45
334 364
279 212
479 95
117 493
285 270
449 307
269 240
82 350
447 468
402 43
309 404
283 91
405 392
223 365
366 4
130 62
84 172
333 329
415 331
211 342
42 389
321 288
52 330
42 232
447 399
189 89
351 94
151 266
246 212
242 294
358 177
195 269
494 325
44 61
163 353
305 461
296 209
163 448
450 112
398 481
442 299
186 57
62 231
27 497
268 136
315 358
115 434
483 352
226 293
143 139
332 406
72 344
305 86
383 469
50 495
71 225
30 187
409 203
64 335
354 325
338 37
34 80
315 100
466 216
265 124
462 93
219 93
17 349
5 457
32 476
349 415
347 411
404 80
412 314
233 318
233 252
192 13
57 478
189 431
62 468
426 336
99 359
239 321
470 248
257 174
229 219
288 83
261 445
261 133
424 317
324 134
257 201
77 260
206 475
147 145
111 389
361 313
87 134
458 492
14 125
410 350
497 68
111 107
480 43
300 26
83 223
67 219
249 289
58 496
402 486
444 496
232 490
123 451
34 110
260 455
365 32
317 374
120 290
474 326
441 322
199 250
33 196
342 89
415 387
226 404
470 161
234 195
200 231
64 145
72 416
290 478
42 80
36 107
282 395
50 303
130 231
120 195
21 433
182 95
250 386
228 112
87 66
87 113
17 469
316 68
72 462
356 207
363 159
218 154
64 430
429 158
37 114
101 134
106 113
0 351
135 35
474 343
184 398
331 192
315 76
67 275
303 257
466 240
172 420
328 285
500 480
39 40
60 86
196 260
223 379
354 417
491 30
438 6
284 393
97 192
120 290
21 90
93 218
166 248
61 498
479 441
268 4
24 457
186 338
430 22
271 134
252 350
173 178
71 450
346 242
104 45
4 220
167 366
282 193
178 143
237 315
447 15
3 138
190 490
326 224
230 258
89 494
485 212
175 456
108 26
292 219
40 190
230 365
443 207
456 419
261 151
368 13
218 263
158 194
208 387
303 44
296 488
272 221
251 268
244 240
347 94
344 463
436 296
310 394
29 242
155 101
37 177
450 63
195 367
152 228
34 214
78 234
179 304
42 474
392 130
323 72
404 405
314 494
457 437
248 217
478 261
471 357
214 413
164 292
218 199
10 354
247 17
447 111
237 426
81 486
305 123
53 306
317 471
478 375
147 480
20 322
467 340
63 389
180 401
304 114
60 302
239 255
47 466
401 51
36 428
208 215
5 142
18 204
261 342
393 112
83 82
164 125
264 17
104 288
431 106
53 69
121 172
413 33
46 444
500 445
372 373
0 279
152 396
67 276
73 295
1 105
220 262
53 449
183 121
194 219
55 326
162 134
183 32
52 19
51 153
34 193
222 263
317 495
69 82
252 177
27 354
455 481
17 19
499 291
169 471
171 117
313 125
389 173
416 404
189 475
381 89
149 230
248 384
47 298
385 132
383 132
243 110
429 253
225 271
291 367
452 304
0 235
326 117
122 29
19 199
331 112
398 118
463 115
237 437
55 305
88 421
151 237
127 169
140 405
174 46
287 196
326 421
260 420
461 4
322 285
477 243
246 373
360 246
191 38
25 335
168 331
170 121
110 0
185 99
141 113
167 7
247 137
191 120
193 493
416 59
400 321
207 395
203 284
286 484
83 126
123 428
120 158
84 440
183 459
53 252
396 228
371 131
500 182
375 70
476 203
238 448
75 139
22 302
282 487
285 104
122 249
164 69
18 262
14 79
424 360
457 434
262 433
144 174
318 277
47 474
228 415
51 74
483 110
464 456
256 275
53 279
469 117
176 450
173 25
447 391
97 251
439 146
362 254
32 303
125 468
196 396
440 90
384 363
430 91
248 294
113 203
250 447
354 5
345 376
51 30
451 196
424 70
39 283
51 334
321 332
46 361
405 103
193 379
242 211
56 443
249 12
328 17
488 200
63 101
63 125
420 53
273 199
219 34
484 154
376 499
80 447
154 100
409 270
127 217
432 454
492 392
273 55
277 421
219 253
409 404
399 427
138 414
380 478
493 413
320 23
154 499
41 59
489 48
174 240
387 150
221 492
0 367
26 464
478 372
480 78
442 250
146 180
379 49
132 127
311 288
56 489
8 468
178 345
341 136
415 96
261 126
103 282
264 161
322 7
283 71
470 240
377 115
115 454
325 314
88 21
299 250
405 455
461 131
231 213
219 274
296 156
255 364
98 409
411 258
397 326
299 358
454 450
122 407
4 483
229 30
250 84
239 194
355 394
343 145
262 395
475 178
53 437
21 191
158 395
114 49
120 131
282 166
462 311
86 94
129 467
315 46
9 100
77 251
80 49
39 449
167 69
50 161
308 104
63 167
389 493
326 166
85 272
441 399
75 234
244 190
100 433
497 112
345 412
138 54
276 379
243 40
362 178
12 245
151 30
135 415
434 238
363 74
274 22
424 94
193 145
92 260
120 77
169 187
3 170
63 243
155 239
32 205
451 5
56 378
277 447
396 15
277 43
220 473
230 191
499 144
14 15
472 68
300 118
445 98
442 350
98 112
332 445
303 46
128 201
163 29
499 263
86 437
441 364
79 106
319 24
208 309
112 145
368 241
337 243
133 366
6 300
11 412
250 156
318 346
158 264
96 375
491 411
196 424
312 220
343 310
302 290
240 57
239 406
378 160
98 419
356 380
134 250
153 264
301 144
452 101
487 188
47 47
419 235
217 499
467 1
143 26
123 224
386 434
353 157
325 422
111 60
231 458
325 116
19 286
252 209
318 486
266 469
118 82
32 6
263 144
72 6
42 148
358 281
301 457
26 258
444 357
398 313
269 428
213 295
255 489
498 416
345 30
379 239
200 97
358 108
197 410
297 344
443 391
494 412
497 86
454 451
16 379
257 53
164 255
302 116
50 409
311 291
500 238
63 424
399 16
353 101
149 296
116 491
290 155
214 6
9 356
4 31
95 247
23 389
288 140
341 232
189 61
226 284
230 386
38 292
400 326
186 24
11 423
231 198
312 108
255 150
284 363
54 182
324 239
409 111
270 31
343 363
469 218
347 436
295 474
345 192
39 135
303 115
149 148
179 367
217 229
320 104
458 467
476 200
16 256
209 330
288 41
56 41
136 352
346 407
340 240
229 148
106 227
374 4
369 446
422 145
389 46
455 92
39 93
15 339
475 422
295 467
61 5
473 470
368 14
97 337
344 424
25 170
182 203
360 59
432 70
399 247
422 400
373 139
249 328
485 281
366 16
133 150
324 283
160 155
102 470
92 499
243 346
110 360
136 234
271 432
17 42
112 438
144 56
486 82
188 17
480 247
306 253
109 429
297 298
241 193
407 312
109 378
154 345
494 117
392 81
495 435
10 265
249 324
253 360
345 275
45 486
499 197
129 350
120 117
261 445
264 99
437 105
91 476
127 477
292 277
135 453
372 359
230 2
273 31
37 355
139 418
300 308
50 93
13 461
307 38
457 481
261 82
439 474
369 78
171 27
115 283
148 25
115 161
285 160
269 408
5 239
436 378
41 17
415 39
297 46
273 137
7 443
494 258
103 206
294 150
195 65
189 402
216 25
357 297
28 334
349 329
479 381
104 45
11 193
384 292
18 124
133 324
5 414
485 81
196 236
263 242
10 98
372 239
2 195
210 469
323 14
429 36
463 268
138 73
190 246
116 285
234 173
295 310
312 352
431 483
473 16
73 263
289 320
457 61
18 118
220 233
89 248
191 467
499 284
485 161
112 138
28 443
461 260
4 74
405 310
481 361
32 306
221 236
267 303
317 0
230 208
32 194
477 403
439 129
89 123
238 43
129 142
472 246
28 413
248 277
208 336
431 279
89 89
492 70
189 194
194 14
9 178
296 13
197 156
195 98
110 95
472 433
289 232
373 245
357 92
105 377
129 404
225 253
59 372
287 413
38 208
104 342
370 483
83 475
121 100
267 135
241 39
173 285
266 207
363 146
482 475
185 98
182 321
451 217
449 115
181 85
25 186
310 264
442 170
26 48
4 480
130 383
390 157
212 368
423 344
406 271
359 71
295 111
420 318
277 429
377 14
295 485
210 201
257 218
415 41
387 172
129 364
469 247
260 47
204 122
193 24
34 290
398 261
421 1
325 76
184 48
263 105
220 141
106 66
224 395
459 64
403 485
313 399
58 133
171 40
381 234
123 260
362 329
196 66
150 490
368 72
304 88
379 294
390 481
352 338
362 351
318 321
440 182
194 74
250 176
353 20
149 306
392 247
170 62
11 439
222 493
358 208
158 40
84 402
118 58
344 73
59 6
409 286
279 480
352 404
358 272
37 345
182 371
181 467
335 460
273 475
292 52
431 241
253 394
232 492
490 179
29 321
304 28
433 152
364 187
253 431
97 210
257 27
142 123
64 362
416 35
252 307
407 481
275 466
138 388
466 115
26 293
456 44
366 496
207 118
253 455
450 121
154 279
350 195
290 149
106 204
156 480
33 492
263 28
94 143
88 318
175 227
7 279
353 433
5 46
293 64
13 472
437 360
436 424
322 275
221 5
91 13
87 6
436 100
240 212
145 46
470 196
299 482
194 407
413 393
85 73
284 484
165 135
151 69
228 267
199 87
332 488
212 435
310 140
69 411
9 113
400 162
287 424
88 88
277 245
256 356
317 267
263 189
326 48
403 172
391 411
303 290
290 46
312 117
362 420
335 481
78 171
273 413
174 437
265 214
255 142
45 439
332 224
294 5
114 304
362 389
84 221
139 34
143 196
473 169
328 410
170 100
309 277
422 465
476 113
78 60
93 274
112 60
143 112
129 497
8 42
101 92
155 116
199 488
185 17
212 187
210 15
469 57
258 200
290 219
86 62
369 328
31 112
391 365
87 228
77 442
416 210
276 418
373 329
456 159
226 470
79 304
152 74
155 99
482 28
350 181
340 72
425 391
367 232
183 236
278 231
487 134
157 279
401 131
308 128
70 473
421 224
178 104
483 303
112 394
145 55
253 358
382 122
391 105
249 22
207 182
397 302
130 478
151 372
169 390
66 379
252 334
104 369
349 162
40 291
490 61
461 463
284 349
127 257
393 210
290 280
296 490
422 300
477 492
181 144
113 300
343 402
466 176
109 183
300 426
244 346
50 474
245 46
248 198
116 197
439 405
385 25
212 17
442 120
24 336
94 385
387 221
398 361
460 308
98 317
222 167
407 120
199 129
171 245
159 47
149 426
435 270
128 244
50 337
215 89
249 279
480 361
499 302
362 94
123 61
87 291
205 242
309 246
180 158
361 440
43 125
185 328
491 404
337 411
68 492
49 315
81 487
100 52
366 465
463 499
76 155
129 438
302 473
214 328
449 446
48 315
66 66
400 468
198 117
428 382
375 394
212 355
301 353
192 413
437 341
378 393
386 15
394 348
405 260
415 39
344 263
42 74
65 154
268 35
372 239
224 41
191 267
153 100
11 380
325 426
268 148
158 477
114 180
60 253
289 240
240 32
446 160
163 491
273 120
468 311
26 234
162 293
331 6
144 208
209 337
474 500
274 407
112 57
492 400
431 323
69 241
368 193
213 7
226 488
199 84
56 463
128 339
203 193
282 229
132 421
119 4
80 465
89 442
174 342
6 208
312 181
104 169
307 239
284 106
75 184
495 479
256 339
414 448
241 147
337 35
374 35
238 176
210 103
269 77
28 352
385 340
386 252
500 124
368 309
179 113
207 363
222 311
418 335
172 395
388 123
279 356
108 425
85 455
240 186
461 153
137 271
264 465
277 284
163 412
305 304
50 364
93 185
198 362
373 392
130 358
104 45
147 433
155 399
37 115
175 499
127 269
51 217
0 49
161 71
89 316
158 229
155 181
46 472
479 223
482 333
341 393
267 338
70 302
299 50
12 323
39 212
215 494
356 314
408 154
198 279
59 493
105 130
467 100
274 411
359 294
320 75
404 408
440 339
47 219
490 84
298 461
328 245
12 279
287 206
10 184
52 434
197 158
343 84
320 310
394 18
63 66
81 473
201 339
166 130
368 386
377 12
1 54
1 14
304 273
456 271
145 329
468 499
368 129
182 353
123 477
94 468
292 281
395 57
195 149
319 430
61 36
495 379
342 144
88 356
439 64
239 488
44 226
428 202
395 484
426 33
324 490
348 90
314 43
363 129
479 493
234 432
160 475
33 131
426 383
153 463
188 476
64 142
163 134
460 297
98 179
80 47
374 150
192 303
211 400
219 325
493 20
323 397
416 3
485 421
137 490
347 383
262 106
27 353
473 393
72 240
170 481
483 214
97 500
26 76
206 43
486 120
54 24
222 250
421 167
371 67
131 69
168 311
248 403
49 207
461 294
485 421
185 90
301 37
300 246
21 357
417 84
472 249
245 160
373 359
202 424
366 308
75 399
285 371
425 246
157 371
487 49
4 246
309 438
25 245
368 50
56 193
334 400
419 280
476 262
356 85
179 24
263 398
230 411
44 289
476 93
204 489
251 184
30 483
407 42
116 484
405 469
256 191
382 487
119 279
366 273
69 85
21 193
119 181
435 211
167 95
354 180
199 77
272 108
390 414
155 457
361 51
484 432
261 261
351 15
177 95
139 340
134 117
491 342
279 309
386 225
262 137
424 361
225 490
326 128
254 54
425 100
438 328
30 447
331 478
46 30
492 324
18 343
132 0
186 302
446 39
222 425
52 283
442 172
111 329
493 120
264 58
151 351
75 278
25 151
401 216
49 244
90 151
143 31
1 62
208 490
105 439
422 371
478 470
136 491
304 131
454 390
180 210
2 318
260 467
73 230
140 334
187 253
253 213
280 436
102 219
329 258
47 367
205 470
434 412
187 280
317 402
101 23
424 20
154 493
390 205
115 246
281 322
230 328
219 112
410 298
51 202
216 144
292 379
199 112
7 234
460 6
368 280
103 297
341 69
425 279
457 342
80 439
198 476
266 138
52 65
424 253
7 143
471 186
464 163
383 464
174 292
228 305
0 28
76 257
318 178
35 332
244 125
115 396
233 481
68 222
377 131
311 206
111 376
419 27
232 279
181 428
183 421
417 479
342 174
138 376
96 52
89 69
238 268
383 60
471 2
85 290
401 125
464 58
22 108
406 194
223 0
226 393
381 162
208 481
280 146
144 208
460 437
56 244
110 418
91 475
353 53
391 88
304 389
467 121
131 42
48 140
417 270
362 290
64 339
389 380
77 114
255 56
193 172
282 253
285 299
116 235
9 258
9 448
446 96
151 327
338 204
4 284
3 156
322 468
182 108
361 270
173 209
145 303
175 86
250 84
387 68
153 85
410 130
382 130
20 97
119 472
95 309
39 90
41 181
119 72
214 219
430 396
92 271
338 201
283 215
75 405
200 219
227 127
237 252
167 55
244 159
493 57
450 110
181 140
397 330
227 366
42 446
123 54
189 227
184 407
181 87
270 313
370 335
96 75
130 273
251 131
44 270
92 113
214 248
79 63
281 18
171 252
29 151
277 473
273 477
121 145
126 287
430 180
4 486
500 450
9 317
410 302
298 12
369 340
233 313
493 159
248 472
477 496
464 445
71 465
307 474
192 174
491 415
222 402
243 401
79 385
78 215
397 216
418 144
448 212
421 473
42 459
345 34
300 231
368 20
310 468
219 96
178 272
312 104
241 485
22 129
311 343
496 152
168 64
215 312
421 12
80 247
377 423
304 56
385 387
33 89
28 257
11 340
226 76
132 372
38 212
417 194
179 253
368 426
377 289
431 156
128 4
437 162
496 141
197 245
111 268
118 172
233 18
307 126
438 1
436 87
232 108
74 75
436 250
269 483
427 398
192 308
392 231
382 398
146 155
70 147
278 458
75 229
442 133
100 277
198 193
272 233
315 314
320 461
148 288
155 211
229 166
447 157
498 128
277 267
490 313
376 107
422 491
303 145
309 290
219 342
83 308
230 420
212 51
85 190
223 184
408 53
109 460
274 287
16 435
377 416
216 470
181 127
446 458
324 413
53 451
136 352
174 234
144 108
416 329
122 464
15 68
433 66
181 333
406 23
149 13
389 345
398 422
174 255
352 250
424 490
32 440
272 356
476 163
286 172
308 433
437 325
211 247
413 188
414 327
460 302
276 289
85 456
93 1
244 94
414 162
340 245
30 208
183 71
296 136
437 37
433 42
57 280
111 3
196 98
86 188
280 283
366 294
483 1
90 380
463 267
124 245
220 313
154 168
205 476
105 206
333 276
387 164
262 236
487 279
385 229
318 391
348 495
182 233
228 72
348 49
457 147
10 367
368 133
324 253
70 33
258 73
305 73
366 190
486 136
291 7
170 164
461 290
289 222
477 16
22 385
275 71
105 54
170 70
60 224
253 479
480 248
368 14
214 453
302 213
339 155
114 412
416 41
459 289
242 328
272 418
0 476
163 423
430 419
416 54
4 228
128 295
316 390
43 255
4 338
168 476
29 488
253 14
286 461
59 76
296 148
430 469
296 29
445 66
38 254
422 422
271 234
449 160
126 456
392 304
407 360
218 234
12 323
325 219
425 298
388 449
142 394
258 12
10 434
35 132
164 296
495 199
361 212
363 433
389 33
496 239
31 302
371 308
83 177
394 203
136 204
358 305
410 254
133 471
195 381
427 69
2 488
362 141
495 320
6 309
18 169
269 338
338 278
142 119
434 45
80 7
391 358
113 168
411 105
478 297
39 239
5 12
58 67
455 343
18 490
254 468
168 363
162 129
2 132
399 477
494 14
322 111
398 177
486 287
157 460
467 46
338 381
408 227
495 358
192 357
194 366
138 132
387 440
380 210
154 269
342 446
250 40
114 98
439 72
14 454
257 354
179 304
238 377
320 103
339 351
56 12
436 458
132 468
130 155
393 248
4 224
88 121
38 96
335 144
469 313
55 92
394 372
391 159
423 18
429 366
160 82
150 285
339 209
64 364
261 23
273 289
289 280
233 43
312 215
232 435
303 138
355 268
452 481
416 18
205 455
122 465
166 169
427 421
213 15
405 253
273 218
0 44
457 416
462 146
478 114
466 225
346 29
491 194
15 98
222 242
270 261
306 172
182 235
72 88
90 60
377 328
494 409
465 51
92 73
131 178
10 293
173 479
455 222
48 176
322 331
208 395
386 282
356 477
436 235
280 498
110 474
197 13
159 334
194 362
349 379
304 284
64 414
287 109
407 29
300 63
281 109
489 17
333 396
407 70
79 430
227 211
7 209
288 222
489 28
458 429
348 395
494 413
319 316
407 228
178 461
448 305
85 393
456 29
177 331
438 165
234 405
86 198
226 301
175 448
479 110
164 70
309 201
480 52
35 51
38 451
300 153
457 15
263 467
354 66
245 82
203 7
424 55
200 130
467 190
252 351
52 435
203 455
102 120
234 413
11 64
50 71
317 395
363 175
95 157
318 50
475 49
128 65
171 283
336 498
212 36
337 215
274 319
237 15
105 451
373 204
449 259
391 135
124 62
499 226
174 67
240 484
495 431
51 144
404 73
313 419
430 346
29 189
372 330
171 294
145 228
488 48
487 500
447 413
178 222
251 164
3 220
75 143
187 186
128 214
154 43
150 200
148 416
214 334
417 377
142 34
433 497
423 251
0 357
161 257
233 29
309 314
55 246
321 171
97 306
474 331
199 488
285 139
216 256
446 363
142 71
221 202
329 49
37 46
51 16
428 32
222 259
495 211
129 325
334 25
35 268
234 15
148 466
447 28
388 70
399 85
87 409
458 93
260 59
16 67
151 370
362 475
461 318
143 492
112 30
321 488
2 88
85 325
187 213
252 166
440 349
408 166
378 136
107 399
370 232
40 341
250 70
487 203
80 106
78 381
497 368
373 195
456 432
406 340
366 233
446 363
142 81
423 343
85 496
51 177
278 123
415 229
107 135
171 383
244 26
47 294
166 4
300 327
374 480
303 140
131 215
208 473
252 466
433 363
434 30
20 103
453 450
124 426
307 337
249 364
256 237
89 188
296 21
445 125
207 94
120 147
380 88
28 257
192 157
232 332
490 452
71 67
36 87
154 319
99 438
407 258
475 88
360 154
140 253
29 476
356 223
246 406
383 0
402 423
180 147
211 415
42 484
320 123
324 380
57 495
115 269
464 315
256 35
269 67
31 122
127 45
399 103
88 58
107 448
221 330
401 235
149 384
351 325
192 41
297 327
308 302
146 232
414 376
182 285
352 225
290 459
497 77
77 395
94 488
488 35
313 147
41 0
236 338
485 218
289 157
327 18
116 385
477 441
177 499
223 465
476 21
256 470
272 260
129 142
445 496
110 311
416 186
445 277
496 339
174 151
125 67
193 444
104 492
146 422
377 411
54 417
40 143
322 300
268 244
129 100
496 287
206 438
116 386
156 460
177 105
36 194
101 138
143 10
2 83
359 32
467 381
98 365
402 470
164 454
132 463
279 124
265 371
90 286
198 187
349 383
396 36
373 448
228 82
321 399
4 272
37 57
379 284
61 103
26 99
166 308
143 462
494 491
2 337
91 280
119 413
281 371
454 54
285 48
302 373
326 108
256 3
328 159
487 351
32 436
84 450
172 369
243 487
426 344
281 407
71 7
480 259
409 122
385 413
346 177
126 348
431 262
47 399
94 130
490 94
103 45
336 313
170 315
382 100
299 461
478 248
136 28
379 329
195 14
107 359
225 315
73 105
153 318
106 182
269 159
375 321
444 140
90 113
187 157
222 340
103 208
56 465
79 182
256 180
448 437
220 411
309 57
498 485
260 481
417 411
70 466
500 143
200 351
35 264
228 282
113 142
224 453
280 441
114 486
277 298
410 70
279 116
290 259
129 137
391 178
350 6
92 372
105 481
474 228
438 41
91 244
137 393
419 257
484 237
165 313
312 35
64 291
455 189
250 480
4 173
382 443
114 255
447 447
338 36
325 320
153 140
281 444
125 226
71 53
1 234
173 330
122 71
127 186
477 238
257 457
365 124
477 203
320 148
335 136
137 111
324 233
389 52
264 333
247 361
385 387
113 124
106 238
163 173
344 129
296 168
397 140
104 192
121 237
467 300
447 181
319 36
350 178
167 52
297 116
348 465
39 315
471 357
450 137
315 346
314 108
251 443
29 469
375 30
246 101
286 261
276 360
167 301
254 371
85 314
492 213
54 192
50 229
414 91
174 328
24 353
194 445
486 61
445 92
169 356
70 481
10 339
57 73
134 158
235 85
280 143
139 148
89 153
58 2
215 45
441 54
125 287
199 470
264 414
192 31
96 179
425 170
226 273
488 55
87 443
349 103
70 227
126 449
445 99
53 0
1 186
413 421
14 411
20 364
496 260
406 464
44 212
198 407
435 129
341 308
299 465
284 413
380 464
223 92
143 488
277 45
359 463
132 435
378 147
159 381
425 330
279 354
421 100
210 215
27 106
412 43
84 99
485 304
63 192
205 199
426 425
416 417
37 267
222 291
335 71
176 252
248 421
411 341
158 52
180 262
346 92
489 277
151 468
189 170
403 114
491 87
9 232
472 446
5 425
259 251
344 150
4 243
45 259
193 257
243 277
222 287
177 462
127 320
469 103
67 279
463 375
239 469
464 267
126 322
192 428
131 418
338 59
449 249
281 194
97 119
313 141
499 42
225 500
267 379
89 351
186 204
174 170
147 245
428 178
107 71
70 54
480 217
343 0
256 298
155 299
287 249
394 156
277 476
386 147
103 365
360 468
124 420
9 155
407 253
61 85
388 271
468 220
439 351
207 332
64 487
92 120
382 130
35 424
344 267
206 488
90 336
456 133
252 94
413 179
360 42
99 283
308 19
318 148
13 76
257 262
455 398
272 57
156 216
44 2
199 274
413 141
94 380
488 400
77 489
113 484
492 145
81 454
435 149
20 98
143 403
285 368
316 440
370 128
135 220
336 444
122 183
436 32
279 178
267 306
73 460
313 76
444 473
325 227
249 401
325 153
191 94
336 415
349 377
190 455
16 470
92 278
410 479
23 484
37 243
490 198
478 58
278 195
189 341
254 17
42 10
223 213
5 289
11 76
182 88
153 314
183 15
78 427
38 360
111 253
216 291
53 366
128 251
448 326
317 53
448 340
203 465
486 186
101 299
285 486
55 204
439 45
286 195
358 392
382 437
153 481
241 119
486 283
218 368
451 285
257 234
345 416
214 4
77 113
495 457
73 156
469 297
340 313
129 288
267 156
200 168
418 359
200 387
256 356
330 462
392 226
295 262
214 147
129 422
148 223
5 390
170 231
381 23
317 40
5 46
425 437
203 167
48 494
157 101
356 400
461 355
201 259
403 254
391 94
355 346
284 438
301 183
260 368
223 145
272 43
498 373
319 249
221 420
354 288
142 308
269 183
273 71
436 386
221 165
263 38
486 48
248 128
390 105
37 56
345 227
31 419
178 6
12 169
71 342
81 499
101 60
20 0
267 234
401 296
348 85
419 150
109 342
451 319
251 448
302 301
462 217
438 120
385 435
109 29
261 2
17 246
487 193
347 43
420 121
445 143
407 237
82 42
188 444
285 70
82 92
394 487
28 175
163 168
365 232
92 374
74 13
488 440
62 205
435 188
495 384
35 344
449 344
402 398
194 108
237 236
143 245
500 112
46 350
416 220
276 119
485 293
218 6
170 421
436 174
11 254
159 361
150 262
269 350
168 100
132 444
214 468
123 168
399 135
429 49
395 407
187 404
157 307
477 163
343 35
312 479
56 252
483 146
320 162
51 336
151 162
485 479
406 347
208 385
158 279
218 221
214 34
129 467
291 244
109 365
331 120
492 447
154 99
266 134
20 25
422 180
39 130
310 3
316 370
33 477
76 458
335 394
466 404
160 451
432 172
201 465
153 218
187 202
74 95
363 174
62 455
44 323
386 414
255 469
399 371
219 426
331 36
362 445
469 110
197 134
499 100
121 398
243 451
127 320
442 30
451 353
321 259
266 257
339 315
302 299
344 28
184 224
232 415
228 418
459 468
147 407
357 304
78 194
188 220
22 389
285 336
227 114
200 391
269 290
203 317
119 132
308 209
290 456
289 3
16 7
238 29
252 321
45 136
337 325
479 472
472 257
266 34
344 468
33 52
151 459
331 88
126 17
491 234
382 281
151 152
444 24
51 108
312 20
105 7
432 436
269 193
295 57
321 379
204 374
165 423
13 400
88 161
38 209
217 337
73 252
467 162
180 431
181 128
208 292
349 102
155 193
306 87
452 441
396 446
302 479
449 254
70 153
281 402
35 452
26 375
120 72
320 78
384 159
431 265
288 14
6 487
28 379
331 47
35 18
467 130
396 436
325 437
247 431
318 378
168 198
436 72
29 161
27 201
99 31
267 59
29 87
15 39
345 263
436 112
422 326
385 150
226 85
165 135
425 106
433 200
158 254
95 200
71 58
164 107
209 492
144 444
305 266
409 459
81 114
246 14
357 209
277 123
365 196
438 389
50 382
471 139
127 494
230 273
149 206
326 293
215 296
335 436
333 161
262 428
284 106
101 176
210 278
475 365
291 498
425 206
383 272
164 465
304 133
88 342
484 206
404 400
294 265
318 4
193 311
187 140
427 290
379 365
171 121
345 351
196 42
136 42
437 38
51 48
259 108
308 440
435 409
338 218
276 265
164 417
131 54
470 36
20 55
138 194
398 201
377 351
175 482
99 312
94 48
427 59
352 408
191 454
90 144
174 254
101 193
21 364
481 216
213 55
341 0
327 44
263 257
344 273
271 234
318 309
292 355
154 402
218 253
350 356
396 103
256 172
434 339
273 382
44 171
96 77
442 487
67 99
225 255
58 431
15 263
370 234
358 90
96 374
231 362
156 281
86 66
22 373
6 433
27 456
411 294
311 49
12 317
158 307
284 266
214 126
103 245
328 251
438 384
75 296
15 56
121 73
258 89
350 369
469 368
43 302
166 459
380 304
311 146
312 439
212 150
81 265
446 179
105 14
313 265
36 48
335 279
494 329
334 189
42 162
216 211
419 459
51 150
212 412
472 290
43 186
93 225
294 8
263 261
339 402
243 191
379 460
403 219
214 129
495 231
83 353
114 198
206 12
172 350
288 305
359 302
232 251
282 108
485 126
477 140
383 103
110 221
60 475
82 352
290 280
116 482
33 244
119 96
376 500
95 139
468 308
95 85
172 306
243 396
224 299
396 16
231 90
463 140
467 80
350 174
104 38
79 127
216 265
283 111
430 144
394 405
411 385
69 241
237 177
494 463
162 340
290 226
176 80
330 93
264 345
389 453
378 358
439 230
52 156
348 461
267 340
487 481
251 14
31 271
110 466
402 127
341 366
408 270
35 157
22 199
77 344
300 283
412 333
312 296
301 309
165 37
134 326
430 352
49 479
191 33
413 71
132 300
247 416
254 264
342 276
285 410
72 52
175 196
374 161
275 456
62 1
404 11
438 461
391 265
194 366
315 179
252 238
467 7
305 493
383 324
398 61
46 402
396 93
82 387
164 239
395 38
24 396
189 19
133 106
46 148
222 402
410 303
53 321
367 182
499 329
353 20
272 159
128 210
314 77
431 262
432 172
362 342
215 352
424 384
449 46
385 201
398 370
241 129
228 192
449 152
355 321
21 383
43 56
403 171
458 53
306 46
212 169
296 416
455 340
97 327
7 296
163 165
488 282
490 19
317 308
201 317
428 380
475 249
10 31
178 406
461 158
381 250
362 494
458 346
487 279
316 30
449 216
217 296
27 31
326 12
303 428
65 32
274 192
257 339
242 356
371 343
44 248
380 111
311 73
178 365
237 272
36 146
393 242
468 445
146 484
217 417
122 294
17 398
253 208
6 22
275 389
69 487
212 145
342 235
98 284
217 446
342 168
332 203
476 474
327 186
184 216
384 9
307 291
484 130
363 85
171 214
265 394
238 428
339 311
462 223
391 467
116 382
417 308
132 260
21 11
211 242
459 324
340 124
16 387
306 294
231 385
452 240
162 21
230 494
213 449
429 385
88 458
138 336
477 60
213 261
30 367
5 244
145 236
44 158
176 71
44 323
460 132
468 292
439 127
427 25
219 369
283 106
460 99
6 500
202 69
436 220
196 461
191 400
473 106
77 470
322 30
483 89
150 247
325 436
408 321
273 88
465 298
26 458
326 32
255 144
246 250
260 99
431 53
494 52
128 7
136 262
2 96
363 314
32 207
477 342
33 233
89 11
157 233
14 132
110 365
408 106
101 401
64 131
10 191
453 476
138 21
181 226
381 90
236 134
125 288
68 109
36 356
316 463
345 495
440 39
120 344
253 308
273 246
437 33
16 243
384 272
82 422
383 77
122 314
83 347
329 421
244 98
439 127
1 489
219 261
44 307
116 199
14 211
294 459
88 221
442 47
206 190
234 32
167 16
198 185
128 331
429 101
8 166
228 289
297 191
1 419
352 314
409 481
75 443
145 231
135 473
58 58
7 201
335 127
307 112
376 249
497 293
340 375
275 130
200 147
36 231
458 205
442 251
422 319
153 367
359 420
5 421
247 310
298 124
397 230
336 248
442 209
312 252
313 441
92 231
343 166
485 282
157 241
395 198
340 411
0 78
441 329
298 366
489 387
167 190
447 198
87 268
362 134
72 333
307 332
205 52
229 281
143 122
461 40
19 23
77 224
254 446
400 5
453 58
392 106
158 355
157 442
20 403
157 490
6 459
12 118
64 375
22 461
13 252
181 106
437 286
478 7
477 47
462 29
62 328
22 61
147 474
464 175
379 295
223 385
218 404
157 469
220 285
288 165
151 463
144 146
275 143
415 309
170 435
347 25
305 354
386 197
77 0
32 402
312 288
214 260
332 273
323 456
375 425
140 292
467 53
164 82
141 175
367 269
489 363
265 443
226 277
11 464
327 129
176 182
87 202
29 450
347 497
425 478
329 323
32 395
103 159
298 145
35 280
94 180
428 159
57 141
265 400
306 225
247 439
334 222
209 122
115 453
166 463
324 475
128 359
174 75
152 158
468 487
495 123
315 59
138 265
412 453
423 14
476 389
158 25
276 373
378 457
33 415
224 164
289 316
338 337
215 338
439 329
323 365
276 128
172 331
259 15
239 287
272 476
323 202
492 68
392 298
243 296
353 466
115 29
290 244
463 417
252 238
0 80
382 405
148 115
105 243
7 8
341 271
115 173
342 96
361 399
64 458
360 164
1 470
250 440
69 227
401 67
13 351
460 320
35 293
249 186
202 117
236 290
276 153
280 110
432 57
96 328
181 93
252 320
21 134
85 471
276 478
60 162
70 43
139 48
186 360
279 309
65 398
104 11
284 96
128 7
241 156
307 181
155 59
182 216
58 234
349 366
427 224
211 42
470 74
309 184
376 127
240 436
104 439
376 324
72 338
283 379
245 150
422 385
457 152
139 327
448 243
279 246
148 109
143 23
355 275
343 229
240 118
413 12
259 362
266 41
153 68
189 128
437 151
48 20
72 346
296 483
280 289
12 352
284 89
58 210
16 302
89 343
295 46
64 36
217 470
300 233
110 248
253 167
326 37
472 136
486 397
13 153
407 407
95 258
457 477
156 150
175 283
270 192
474 189
132 105
381 240
0 142
145 203
143 344
81 183
2 121
401 203
42 260
4 110
283 452
130 88
7 131
285 11
231 108
74 348
231 148
120 125
142 115
209 19
108 166
132 123
81 33
104 370
4 65
154 347
106 319
415 61
263 56
43 43
51 405
57 11
494 100
440 463
259 202
439 45
289 366
47 104
0 361
340 36
370 215
15 303
310 223
226 425
79 494
6 396
56 208
365 355
130 202
494 34
63 329
485 42
120 178
424 243
178 246
5 64
494 214
32 73
406 21
85 376
110 310
52 91
126 149
30 155
444 92
135 12
464 261
242 247
481 260
112 370
322 406
401 179
253 149
177 250
360 243
420 27
367 48
432 145
310 169
206 470
93 176
100 165
147 318
261 422
244 304
168 496
335 309
135 259
488 402
465 273
390 131
168 325
348 199
128 377
225 74
494 429
437 407
82 311
459 258
179 265
491 394
78 241
493 286
184 341
161 229
112 305
380 35
24 440
423 309
169 464
412 107
30 152
138 288
261 11
425 408
202 169
441 421
324 286
389 382
267 111
391 2
63 317
284 129
492 11
197 204
128 38
130 243
324 75
208 328
158 263
38 253
212 464
443 428
302 248
243 175
47 383
484 382
409 10
439 271
155 363
475 398
171 157
378 95
417 236
125 112
418 156
349 310
75 123
476 337
496 439
271 88
387 23
126 420
95 178
117 260
301 463
248 136
178 142
330 40
486 287
414 5
8 35
270 140
97 42
374 82
445 63
306 314
198 490
290 278
414 332
165 401
20 323
213 84
402 407
182 141
257 117
285 389
316 449
337 82
382 476
278 77
384 403
425 308
380 135
10 310
440 276
62 6
31 93
56 212
157 48
38 191
47 319
411 471
458 204
101 128
498 105
279 51
249 310
375 454
64 360
321 274
38 251
348 74
483 66
338 55
76 383
80 172
370 305
237 374
257 42
53 76
296 492
179 182
277 57
199 86
208 408
63 175
157 417
298 308
260 124
74 473
307 166
123 348
130 234
152 98
292 325
418 389
307 307
456 368
189 393
492 350
443 101
192 221
397 466
469 251
204 456
4 130
396 451
403 433
116 78
495 109
362 273
272 112
74 420
455 464
240 281
365 13
46 313
154 405
157 45
241 397
273 395
195 268
294 373
407 274
10 407
189 88
233 423
144 429
500 131
157 267
314 76
137 175
42 216
331 413
166 250
82 497
118 283
132 130
478 485
62 356
267 418
196 427
403 448
84 46
141 272
228 277
384 104
184 166
261 322
22 77
291 179
445 140
486 388
242 466
443 115
45 456
346 77
301 308
234 313
106 17
233 487
259 469
403 5
481 36
72 397
349 391
383 258
111 443
245 104
265 292
479 255
232 499
247 198
274 82
134 227
417 137
403 328
182 177
124 474
39 16
311 497
18 101
380 491
137 402
198 60
474 207
452 431
344 151
279 280
238 257
91 261
47 173
358 83
487 36
404 7
81 275
291 119
214 262
347 366
158 456
48 257
335 351
150 267
346 80
184 210
220 115
9 49
246 196
485 7
42 276
36 303
449 151
302 84
264 152
34 495
89 232
354 251
178 36
209 267
349 155
150 252
158 67
331 211
360 242
76 364
305 412
437 357
186 354
270 470
111 328
175 394
93 18
151 455
12 300
474 407
246 93
8 439
294 348
246 145
267 462
28 409
479 494
48 249
91 281
430 390
30 390
157 119
281 375
11 311
164 124
385 463
393 170
439 159
71 384
221 494
70 173
91 64
240 39
13 226
132 202
18 418
389 62
232 47
493 88
292 162
151 370
338 410
447 389
376 128
166 460
45 259
398 419
492 452
468 276
77 246
492 241
100 293
376 9
32 270
306 66
172 140
372 141
394 339
196 471
307 103
138 474
384 197
30 207
500 31
445 469
239 373
289 205
183 239
109 218
51 409
20 66
479 383
85 164
356 367
4 73
14 88
367 218
152 236
166 14
285 173
451 95
213 263
126 206
332 214
312 445
114 299
123 170
334 137
180 18
308 329
233 51
25 121
110 385
9 33
407 313
238 29
332 459
161 322
79 8
11 278
21 125
425 466
406 141
79 396
400 288
322 107
293 314
202 435
415 324
419 59
104 380
482 102
115 181
349 199
379 357
147 291
487 157
451 489
308 394
155 335
208 231
311 484
149 328
185 429
224 403
65 79
22 130
205 168
60 198
356 59
81 296
456 231
60 220
393 435
168 210
245 459
348 56
111 263
473 167
213 30
418 74
425 341
281 102
257 406
153 38
86 489
127 236
134 6
358 435
415 154
387 5
339 253
145 284
494 373
303 406
481 335
379 236
220 466
251 394
408 155
490 414
335 92
430 264
313 167
354 106
345 312
233 132
443 158
373 331
481 486
234 492
153 356
244 79
357 346
290 486
315 474
456 114
52 323
213 319
92 411
399 19
405 336
50 454
465 445
374 213
315 131
113 263
154 237
229 62
114 108
102 346
13 202
190 3
126 22
273 202
276 333
125 214
410 46
386 10
45 161
154 18
310 39
434 405
277 53
15 90
424 419
433 447
130 209
92 105
105 238
495 359
32 272
341 45
339 256
103 195
73 258
474 286
5 448
494 415
246 127
52 213
338 282
382 155
406 122
56 279
251 343
156 29
321 318
483 287
394 45
324 345
461 342
476 363
311 263
61 216
6 234
387 356
353 430
119 66
459 132
284 282
453 327
498 334
166 9
168 330
370 162
218 387
434 131
38 454
429 25
240 479
79 206
411 286
184 451
140 82
127 262
433 405
216 480
250 35
441 298
322 417
65 234
9 92
280 77
216 499
271 219
262 260
67 143
111 456
152 168
362 78
65 482
375 112
273 409
23 17
136 238
350 21
170 362
247 471
40 53
488 394
271 148
301 261
165 238
489 243
350 188
241 375
139 64
135 419
343 279
293 452
398 430
58 234
178 68
63 304
341 499
335 289
73 429
232 359
231 246
149 492
126 436
386 58
317 303
451 64
336 132
306 359
470 376
147 11
240 370
332 81
377 382
322 304
232 429
159 17
219 66
399 49
366 69
184 319
305 339
136 4
110 187
260 366
126 109
478 437
204 244
287 39
465 234
262 86
457 193
143 163
408 200
90 271
208 477
36 19
295 251
292 428
428 327
38 481
367 7
395 481
487 51
428 314
140 451
69 53
310 345
438 12
371 99
261 343
453 144
305 284
403 155
359 405
405 272
105 97
52 90
219 488
20 301
329 429
468 290
427 486
373 54
453 418
126 383
122 70
444 496
39 76
232 240
442 195
255 56
20 497
431 225
275 376
366 499
358 375
268 371
221 339
477 290
451 372
245 467
210 356
82 312
306 232
242 263
162 5
237 138
212 89
248 19
74 66
82 271
130 182
257 118
311 281
108 86
61 491
292 165
479 41
141 442
360 380
205 262
51 361
176 123
200 247
277 228
10 197
89 479
425 207
151 140
463 186
147 421
76 126
480 9
207 376
9 205
404 304
500 380
222 343
154 350
173 221
201 128
482 389
211 370
247 133
438 479
297 476
129 188
461 128
336 119
284 308
352 285
139 214
429 486
231 495
90 264
124 372
78 480
457 9
216 496
24 229
256 62
126 170
102 144
336 233
127 348
225 326
84 345
371 257
448 317
230 375
480 416
90 2
222 279
361 440
138 410
229 282
352 479
110 405
214 442
318 202
203 12
49 423
116 375
392 138
103 420
149 64
323 220
139 197
38 81
286 162
401 316
268 431
317 7
239 188
232 37
55 356
203 371
297 159
247 491
345 288
449 427
347 17
207 313
17 387
330 403
18 184
470 306
498 205
104 445
466 182
321 50
7 269
263 113
480 288
152 418
8 466
384 476
38 134
313 410
82 94
370 201
203 276
466 169
42 211
239 95
448 483
119 498
142 270
160 185
148 153
273 193
264 471
468 326
253 359
160 490
301 219
417 101
404 340
268 468
17 229
192 373
198 348
474 331
144 179
70 367
366 368
448 38
470 243
239 243
55 455
470 248
410 387
437 452
327 411
334 51
178 297
476 424
337 376
70 22
343 276
213 151
156 397
472 283
299 486
207 206
378 429
16 407
451 143
10 206
247 147
493 172
94 351
333 20
5 84
243 48
389 147
315 433
228 372
227 12
379 363
96 306
449 383
213 329
163 446
79 229
298 61
226 235
117 7
2 187
217 243
352 133
422 228
60 218
262 15
375 436
443 70
470 315
40 373
123 244
327 296
474 34
61 182
231 459
178 77
74 144
383 449
63 362
160 143
463 417
380 147
118 357
265 325
334 25
188 17
439 187
492 259
210 372
319 321
48 244
478 389
163 298
397 390
483 275
476 405
464 92
241 425
302 424
124 41
51 361
300 280
288 106
348 222
128 190
341 199
101 225
443 156
349 473
254 238
236 468
230 379
369 339
341 256
155 317
331 286
330 345
118 354
16 66
389 485
272 479
500 247
70 351
117 51
360 250
456 104
462 275
286 344
172 136
51 299
290 444
357 479
179 75
163 303
445 176
164 267
39 42
384 489
438 424
275 198
278 143
143 47
317 493
495 11
375 134
384 198
346 339
369 339
461 339
366 17
69 92
294 402
107 206
275 141
284 20
221 404
431 479
226 245
233 353
133 97
500 295
74 166
106 391
275 309
32 148
351 244
117 441
162 387
59 402
79 417
401 109
81 269
342 310
113 152
415 458
75 449
137 18
427 72
496 403
298 442
368 460
95 445
188 350
387 415
463 492
305 424
160 300
327 185
431 490
271 182
155 287
423 242
333 326
51 51
117 163
2 205
483 16
444 8
383 101
299 390
287 4
439 314
383 454
349 241
241 256
149 365
215 192
361 231
234 245
409 92
166 76
146 203
179 336
2 467
392 101
428 154
87 345
103 442
89 76
110 131
156 316
381 130
154 4
472 226
161 78
494 330
336 111
401 58
410 474
205 170
373 29
69 393
362 220
25 174
469 407
179 251
75 464
56 495
22 225
51 429
212 366
156 186
43 412
90 39
34 163
173 287
121 311
332 24
201 252
203 209
235 308
204 358
8 263
189 288
184 398
2 478
292 429
353 456
233 281
261 390
465 11
19 328
167 353
26 368
320 302
289 79
77 399
477 316
101 439
370 18
294 423
170 197
186 365
207 57
325 117
346 71
194 364
224 325
196 120
57 137
1 78
381 5
160 94
423 188
422 187
143 125
272 319
450 162
298 481
199 300
405 381
417 29
222 390
306 169
264 380
342 364
355 300
76 447
387 171
423 268
109 211
2 111
432 367
492 200
160 299
406 435
381 46
207 453
251 126
35 2
399 400
193 118
333 169
288 202
481 32
107 117
351 445
207 499
266 14
261 274
395 197
161 205
248 372
67 371
373 311
236 296
314 292
411 112
11 476
64 166
372 324
130 104
210 48
266 221
355 90
151 281
330 156
124 349
269 229
318 449
215 261
263 435
328 14
42 147
175 398
328 367
89 320
362 415
358 152
328 441
398 123
494 127
47 415
174 266
132 363
270 347
125 415
397 161
157 54
226 354
146 491
430 178
365 81
178 145
239 100
346 458
393 194
281 202
256 105
172 259
42 130
270 64
359 136
318 175
158 472
295 429
429 260
163 17
156 455
88 234
479 110
170 190
112 113
320 88
457 41
452 369
358 147
6 208
204 255
462 365
87 142
333 455
171 495
174 243
498 2
172 91
337 178
245 336
398 423
282 24
405 258
305 338
192 37
384 438
243 90
246 94
94 172
77 485
449 227
224 361
293 101
414 166
69 92
162 336
273 62
19 57
93 295
103 412
233 460
77 169
200 404
342 41
280 160
285 157
135 157
223 477
69 17
62 350
492 158
461 265
196 165
259 97
438 268
424 121
438 281
242 117
216 210
490 139
201 59
246 60
57 301
60 447
310 193
376 219
90 334
408 493
335 498
113 197
95 67
122 477
429 396
224 29
48 375
172 41
426 225
279 463
449 489
347 448
372 116
108 90
195 308
341 30
444 138
27 348
248 437
325 144
249 307
93 14
343 391
170 210
469 1
181 269
385 122
272 232
18 2
484 297
68 104
71 386
303 369
158 227
279 396
128 74
4 289
104 136
295 308
234 156
110 1
413 446
111 468
500 295
475 35
297 290
16 211
0 173
379 89
238 433
490 319
447 122
426 239
160 291
85 216
405 53
405 465
394 258
417 89
260 271
298 17
324 315
241 417
48 116
270 433
358 310
177 484
467 62
78 65
91 195
396 483
389 462
265 372
283 413
238 160
258 264
461 177
28 454
3 310
434 8
285 235
145 428
156 400
111 129
3 139
361 94
389 456
295 392
235 455
322 373
326 324
45 318
347 226
165 469
168 127
299 442
7 392
33 228
96 447
88 162
265 435
320 65
138 329
164 498
365 266
299 494
88 310
455 16
469 158
409 231
72 467
105 73
418 460
416 54
447 394
311 112
57 455
48 8
238 12
264 105
259 344
452 70
491 363
489 426
66 446
452 205
372 23
416 161
147 55
14 342
304 419
449 463
491 187
240 137
214 207
234 171
41 3
181 459
67 38
47 352
296 77
388 258
369 19
85 324
91 217
302 170
497 180
146 368
16 41
247 434
483 119
219 196
263 6
310 226
30 195
478 320
432 322
274 414
81 272
155 71
98 90
429 161
115 487
100 294
174 180
363 421
461 100
420 171
148 84
183 430
295 134
103 11
154 380
187 153
371 480
435 326
236 443
15 165
249 389
125 74
1 319
200 285
188 287
172 249
277 111
492 349
91 232
251 417
177 102
146 467
244 454
473 166
319 472
443 124
439 286
8 161
266 256
445 271
386 475
68 435
456 187
68 447
410 306
250 466
242 301
308 33
127 50
267 166
42 163
487 185
370 272
104 472
340 48
260 142
13 396
449 48
489 137
160 214
469 485
256 68
251 225
463 162
298 289
273 231
87 193
370 376
44 426
302 71
467 481
12 279
379 107
278 241
361 109
470 242
84 58
107 435
323 411
44 137
27 269
106 103
470 333
428 310
351 462
249 158
241 419
317 333
348 89
91 335
375 144
418 306
90 460
101 473
460 212
70 122
395 325
406 237
247 383
386 330
380 167
241 354
370 40
348 311
270 499
312 264
9 62
204 15
49 43
422 473
59 309
134 466
60 155
335 460
354 274
34 96
86 183
325 431
477 4
227 147
292 489
353 28
184 414
137 17
388 417
120 114
237 394
127 430
180 97
485 331
421 184
263 134
445 224
245 78
389 257
240 172
137 142
81 243
312 184
281 107
276 262
312 180
438 192
199 84
418 227
491 455
310 56
252 367
132 479
199 76
212 63
446 357
98 85
274 412
360 372
244 243
196 218
26 117
338 206
210 225
77 5
156 422
359 169
211 46
18 415
333 175
90 34
444 127
354 489
117 60
310 385
229 495
456 223
385 490
371 226
317 323
469 462
284 58
431 6
415 245
69 380
105 142
372 462
179 410
359 165
206 373
124 44
19 375
318 472
96 402
399 69
478 293
181 122
194 498
454 497
380 477
483 18
28 445
280 167
14 500
200 83
217 490
247 216
35 330
382 309
394 313
191 439
64 194
411 226
182 438
113 421
11 205
237 68
234 1
311 318
484 234
474 46
2 199
408 442
338 21
36 202
12 283
88 135
377 152
116 466
19 468
349 122
450 318
248 63
101 493
33 97
346 403
492 394
488 141
104 313
121 44
68 139
420 55
261 47
11 341
403 453
438 283
41 223
218 410
43 401
313 397
243 272
498 456
411 65
382 479
426 360
245 418
92 276
114 92
395 299
170 246
276 163
80 374
79 148
195 169
220 227
422 269
68 338
374 200
168 93
344 453
231 397
412 317
29 147
430 181
308 64
297 283
373 249
147 259
75 14
3 156
337 5
62 54
381 394
84 452
96 294
3 227
492 179
476 56
290 437
173 263
202 345
434 332
240 124
127 153
55 108
269 59
135 198
211 23
157 135
472 367
444 150
174 496
360 295
264 318
348 460
43 423
414 334
39 62
319 162
229 48
335 165
207 212
404 413
86 208
110 377
335 341
445 386
0 247
394 135
344 70
206 68
0 322
258 298
427 213
16 232
69 462
382 96
256 340
222 420
459 487
418 433
490 246
472 462
67 201
443 325
40 132
280 290
388 13
255 165
445 73
333 144
345 412
398 125
408 78
324 418
373 383
357 83
484 295
198 397
294 218
47 486
270 229
356 163
455 383
491 98
256 490
341 94
286 38
495 127
53 243
418 381
196 139
114 386
333 134
294 234
303 2
389 97
334 171
489 384
364 262
356 41
223 35
268 26
292 324
352 81
152 133
228 421
24 452
210 333
33 240
374 381
84 101
30 169
342 409
1 406
96 288
274 158
388 279
342 144
315 428
472 317
354 477
438 477
166 326
37 192
120 111
43 194
36 148
480 70
455 286
256 43
333 467
89 396
432 116
344 102
437 386
195 283
480 318
155 421
310 196
417 374
201 473
443 470
11 423
37 241
425 10
93 400
356 155
24 75
0 231
241 427
110 260
61 137
227 310
227 344
279 177
91 389
330 180
249 396
377 83
213 35
343 458
332 33
290 498
135 282
33 406
81 74
457 307
338 206
241 74
315 115
325 367
317 244
196 162
280 162
291 183
11 301
350 101
375 93
201 257
454 342
367 381
102 336
323 449
138 95
222 373
475 348
261 280
344 470
221 230
86 284
205 30
494 308
456 487
280 133
368 95
201 328
225 6
192 483
65 478
445 425
387 350
130 317
244 397
105 404
138 342
360 116
462 142
104 115
371 98
128 32
377 201
33 158
130 366
162 454
182 374
31 219
165 436
382 497
198 170
469 215
305 316
316 180
416 96
288 351
10 386
414 318
241 454
392 462
83 369
210 320
180 58
35 171
289 191
365 89
273 416
374 299
159 406
37 178
282 112
234 361
498 39
489 132
237 435
368 24
462 91
61 392
175 283
252 123
492 104
194 202
161 263
451 125
317 217
100 49
246 267
322 33
158 58
493 279
316 479
157 66
464 55
204 186
287 65
390 22
378 202
52 444
426 110
185 82
58 295
281 241
39 90
60 246
174 279
292 483
384 240
383 286
90 284
134 60
88 269
104 477
367 439
88 450
205 354
182 495
165 482
482 70
319 37
283 106
412 372
338 371
275 68
367 299
280 306
463 316
37 222
319 309
3 94
102 40
67 167
186 448
182 199
160 86
279 253
250 478
458 310
288 335
378 225
244 257
376 343
244 325
237 430
57 147
474 464
51 30
18 223
100 56
144 419
101 105
497 195
187 458
387 162
67 471
286 108
68 68
111 108
109 397
20 0
209 405
352 498
280 75
84 489
425 306
177 339
408 38
47 45
150 125
248 436
1 435
135 358
41 319
16 435
391 205
453 113
58 36
233 51
385 86
377 137
442 47
229 30
72 103
429 326
82 381
50 16
498 18
234 126
282 258
429 284
299 42
31 456
474 386
294 469
50 43
293 402
458 472
192 366
401 496
357 361
131 398
63 64
25 272
51 157
235 481
335 400
414 437
299 65
484 319
31 361
74 88
228 56
140 489
478 157
286 279
304 304
430 440
113 30
89 172
78 201
47 370
324 317
159 7
292 464
29 268
185 447
301 388
484 117
494 119
273 4
415 447
385 262
112 154
42 88
211 483
252 42
88 345
292 89
473 69
102 388
256 84
406 386
148 4
60 95
279 85
496 404
388 158
83 92
499 81
405 431
52 183
224 26
129 404
499 399
339 79
2 109
69 147
493 474
82 296
472 329
289 321
406 442
128 159
357 467
455 449
216 207
353 147
271 401
136 332
116 116
209 76
423 187
3 87
104 477
420 447
111 7
447 321
359 303
251 431
470 78
398 239
31 329
429 122
132 217
142 139
496 65
245 346
381 415
219 17
144 191
455 320
498 496
123 432
270 234
278 202
321 177
23 14
209 63
114 321
185 318
118 265
449 450
454 306
466 187
284 163
14 348
58 297
369 298
257 255
371 148
220 35
489 53
201 180
205 170
47 25
25 162
153 167
381 363
289 493
278 375
136 253
142 391
316 74
339 15
15 257
56 477
359 425
290 85
81 286
380 397
422 387
79 476
382 51
435 289
443 24
251 194
444 230
23 155
133 239
1 117
35 60
372 204
489 325
307 233
133 409
165 93
242 156
142 100
473 190
147 96
238 197
89 422
262 148
289 458
37 464
73 171
318 182
425 238
72 31
3 309
472 272
53 212
92 375
319 159
426 452
476 156
215 236
499 351
334 388
166 245
390 40
438 451
306 414
100 366
371 46
309 48
145 204
457 426
112 54
434 232
240 9
478 313
63 361
18 336
213 246
272 453
484 21
208 476
71 244
481 88
391 203
466 173
416 74
422 251
91 253
296 315
215 49
135 137
476 135
359 328
136 108
218 53
15 20
166 185
221 135
129 2
469 350
448 198
279 32
78 258
215 328
433 239
425 372
480 239
306 456
155 212
249 304
243 17
382 278
314 476
107 352
322 424
19 360
88 336
1 255
299 174
375 73
404 130
373 432
189 260
416 275
287 310
36 110
455 306
145 201
288 286
94 248
146 467
132 100
92 456
427 86
117 327
398 256
500 400
285 406
302 261
66 153
36 457
14 422
88 29
459 126
257 147
447 331
32 133
203 18
75 23
173 34
332 174
79 101
148 162
34 1
69 329
369 207
332 451
303 36
68 208
443 294
68 246
499 53
490 383
30 474
0 136
283 244
339 340
395 121
29 456
463 496
312 152
436 444
393 92
114 89
93 204
57 222
298 489
279 28
443 306
346 288
31 129
301 200
25 467
392 417
264 155
290 327
102 55
234 101
88 57
188 250
110 357
377 455
395 319
479 52
39 3
35 417
385 322
479 368
90 370
172 214
465 313
9 179
8 389
471 461
411 309
261 7
28 140
4 72
443 244
118 337
312 71
402 144
182 279
384 379
272 47
259 269
409 351
169 8
66 487
318 453
475 34
94 88
443 499
331 21
429 432
229 365
390 83
45 11
487 78
62 278
372 163
122 325
281 313
193 469
10 180
337 180
128 161
323 340
67 423
187 71
359 39
444 171
168 319
401 140
215 394
348 78
14 214
399 167
198 291
171 36
208 186
199 43
382 376
379 233
266 309
145 378
462 6
211 92
21 495
212 494
126 152
274 195
168 275
405 10
369 84
134 255
436 441
67 167
268 90
330 384
130 396
382 278
414 484
314 274
350 213
182 148
164 389
427 336
123 291
487 426
289 353
174 341
96 422
173 478
142 446
39 27
260 267
414 407
460 229
435 360
370 15
414 261
237 437
228 483
298 48
417 421
330 324
379 224
75 468
316 177
6 115
242 276
205 415
152 136
364 497
228 372
123 136
175 105
386 434
458 215
155 49
121 369
35 290
29 377
378 467
270 194
396 115
409 396
300 365
120 440
275 231
393 307
246 24
52 100
221 422
32 250
183 456
350 418
374 381
119 370
366 189
225 311
230 331
252 266
348 27
56 165
281 277
83 9
231 477
367 158
489 40
83 71
354 104
281 78
481 325
350 416
348 370
388 78
493 84
261 109
348 431
262 441
83 500
1 90
404 68
239 380
430 28
426 224
456 214
86 311
52 96
245 428
35 143
200 272
283 144
244 226
121 165
423 350
221 4
278 239
258 31
482 197
52 175
426 45
483 299
424 164
109 36
241 285
116 176
235 123
408 108
94 455
478 30
28 172
112 377
490 6
277 371
299 429
34 179
278 381
30 203
476 349
118 64
25 158
108 248
433 29
93 420
328 381
67 319
128 30
428 257
205 411
153 397
264 424
212 435
181 305
496 253
151 9
474 414
322 69
162 146
394 340
94 258
415 34
136 209
473 500
6 5
412 472
49 243
221 293
216 76
450 172
183 437
192 213
12 262
124 380
8 121
444 296
134 435
447 23
356 10
185 317
66 243
256 50
375 270
349 152
376 438
302 307
319 108
349 226
337 6
234 117
441 280
188 353
90 369
95 219
412 399
283 412
107 432
258 219
214 435
226 39
347 455
11 201
302 429
487 129
62 410
434 369
329 53
406 8
325 341
266 258
121 152
436 356
244 153
449 295
196 229
23 192
302 462
364 402
455 201
48 157
152 169
46 385
447 255
259 414
451 183
346 349
344 464
20 181
437 64
211 100
437 147
351 459
264 150
399 2
241 28
459 327
48 101
372 196
184 322
335 425
413 260
454 494
376 164
471 418
162 162
106 442
209 461
386 8
85 217
203 400
86 269
176 178
209 425
260 73
237 348
66 479
458 247
128 214
500 355
72 99
275 398
362 419
26 488
181 293
444 264
299 67
481 132
260 354
352 67
374 177
405 393
416 53
93 246
97 54
88 172
471 216
212 441
250 192
426 321
29 336
500 260
312 493
127 438
482 196
473 288
396 170
157 287
198 321
114 267
89 15
41 440
18 35
64 131
198 369
397 406
493 179
56 226
479 136
366 134
480 90
53 410
247 352
202 427
28 386
151 161
8 28
442 467
196 356
85 276
369 234
322 488
277 71
471 154
408 301
449 98
410 242
21 117
491 54
498 372
138 407
353 5
492 125
328 275
273 147
222 414
38 322
215 460
265 479
442 315
434 178
279 150
179 79
236 219
198 77
443 160
130 99
353 119
113 381
243 416
249 258
204 9
181 176
165 457
14 210
411 396
240 229
350 276
135 139
453 85
288 273
29 440
464 45
390 387
173 120
10 326
406 286
354 470
405 426
167 446
370 355
344 304
256 193
388 271
365 5
419 65
295 204
119 95
459 218
498 63
247 176
426 473
183 142
492 266
423 99
219 250
32 409
390 139
19 433
160 119
311 220
323 245
401 138
153 112
365 213
426 182
177 226
380 169
69 412
293 490
406 68
26 469
43 481
33 323
112 424
103 436
73 456
406 139
374 131
65 284
408 248
3 441
417 60
91 96
424 454
485 26
496 97
125 492
46 273
29 218
392 500
90 180
416 183
5 247
183 400
274 384
492 92
20 284
259 196
19 348
326 187
175 368
333 358
108 6
32 238
13 267
179 221
124 20
444 492
261 354
360 6
262 55
135 355
117 307
171 202
345 183
55 115
434 75
187 292
197 292
406 299
387 146
88 57
190 37
100 410
69 457
199 77
447 251
31 367
341 213
361 283
96 314
115 265
100 445
198 365
238 428
70 404
103 235
78 345
248 83
195 51
405 111
327 383
229 380
449 416
172 78
371 196
24 442
127 286
413 91
387 296
152 190
397 336
115 270
74 104
367 136
113 110
365 461
201 398
233 460
214 227
319 112
19 391
289 407
311 247
0 51
118 408
155 458
205 13
349 316
436 459
55 395
278 478
328 142
327 397
12 310
226 409
34 207
176 405
444 334
210 98
8 75
116 409
271 330
141 241
404 482
144 299
165 312
69 159
190 428
446 140
109 325
156 199
156 444
75 212
333 146
148 295
326 167
171 347
480 451
220 178
157 152
223 74
367 389
171 303
256 186
63 485
4 465
223 45
130 414
393 316
130 405
400 390
443 83
28 126
406 153
229 403
74 427
334 98
371 372
439 177
166 116
148 379
86 121
410 202
128 445
90 128
120 266
368 169
488 289
50 392
231 494
59 491
421 460
88 469
467 228
405 306
383 169
363 149
145 74
157 471
342 171
287 24
168 322
106 20
150 224
227 316
161 35
1 476
23 172
157 250
109 187
129 134
50 101
24 98
136 69
311 461
259 268
168 268
375 207
431 268
180 456
334 63
304 310
81 180
316 126
121 71
153 147
432 284
147 234
90 82
470 13
153 109
404 34
125 186
378 21
362 144
470 140
344 388
384 237
352 184
133 248
67 8
169 381
315 477
126 468
461 170
455 88
272 196
32 158
480 422
87 41
148 290
176 43
146 228
31 67
8 389
326 394
186 465
314 31
459 130
114 29
228 98
230 497
107 413
304 123
60 23
256 216
325 160
224 333
235 356
321 371
288 411
422 312
417 342
403 39
227 105
147 467
394 122
417 314
318 185
27 465
155 398
269 438
84 121
81 152
124 226
303 408
483 375
296 440
155 23
78 463
127 217
375 197
196 243
415 74
462 227
247 258
96 32
192 162
119 462
361 190
296 16
150 18
369 428
16 227
152 360
424 167
240 339
338 460
286 329
106 62
414 66
219 330
40 488
235 467
214 216
212 125
427 440
116 154
165 329
49 437
11 404
227 18
264 125
90 192
8 9
383 222
233 64
235 366
174 312
82 42
258 263
349 500
174 152
103 235
311 237
267 500
166 352
106 311
384 162
382 58
389 280
272 201
24 375
374 288
191 162
194 156
154 259
292 139
93 473
85 61
38 99
484 192
411 453
159 116
118 342
145 85
144 296
210 366
13 378
461 157
165 245
373 306
75 224
442 0
149 428
285 321
376 173
244 448
302 362
220 273
332 345
235 29
217 178
250 383
320 47
327 339
41 445
150 129
166 160
257 41
442 436
101 132
474 69
498 475
417 468
114 174
37 262
183 413
211 1
407 210
160 14
271 200
284 418
383 469
192 376
104 8
479 26
239 174
423 38
126 196
96 279
460 88
314 445
464 308
19 153
10 149
39 134
413 281
269 94
333 192
49 155
250 419
331 174
9 123
214 467
230 378
330 132
198 31
486 60
224 495
469 112
367 57
456 164
324 291
148 447
250 376
42 347
445 434
157 201
180 143
280 58
42 218
26 17
214 168
183 403
352 289
436 470
9 479
3 358
234 331
467 253
128 283
197 46
431 34
444 169
366 161
284 389
20 223
142 48
27 165
418 191
250 494
209 249
305 328
367 448
332 267
202 373
242 176
481 72
133 411
365 245
339 468
180 329
218 422
431 488
139 66
173 70
84 384
376 189
419 438
195 490
149 345
478 237
136 184
53 481
428 257
89 53
137 363
113 54
461 339
308 272
329 177
403 105
356 64
93 52
42 492
44 97
396 349
160 66
88 16
435 398
88 179
266 204
142 473
452 259
111 224
248 170
242 403
238 235
255 303
339 261
141 415
277 314
229 64
281 425
473 225
471 251
422 163
179 361
88 86
175 367
483 373
178 185
219 399
34 137
67 356
281 218
391 25
446 182
183 102
481 136
305 43
351 121
123 436
347 26
245 47
144 174
390 14
278 466
104 463
164 274
386 132
461 153
128 61
98 392
452 464
323 342
110 149
231 143
91 441
157 94
212 88
196 308
480 87
410 280
309 239
400 206
320 114
474 351
490 233
336 145
472 365
258 205
72 397
174 383
99 239
75 346
225 341
462 24
0 8
44 160
440 12
76 72
194 234
42 344
382 461
227 11
315 250
372 451
489 384
412 336
375 364
486 446
439 39
337 31
151 472
150 470
415 71
438 383
37 418
203 97
60 315
52 125
100 338
294 381
341 461
317 256
70 79
305 300
420 63
144 485
59 295
274 496
291 202
97 493
481 328
92 312
164 141
413 149
418 175
492 265
212 17
167 427
210 285
116 384
160 325
25 57
418 353
22 235
35 483
21 276
141 139
148 192
12 246
282 183
264 406
447 232
251 163
434 263
108 148
191 279
39 278
353 195
430 296
422 336
410 285
387 47
434 77
442 108
447 135
83 405
231 10
270 318
197 320
19 291
495 315
331 55
344 293
246 331
168 489
452 365
100 314
302 155
351 192
63 30
335 82
376 424
180 326
343 57
466 260
500 393
455 213
295 76
98 132
407 211
418 61
500 72
319 230
335 120
160 346
238 354
404 20
89 407
102 343
113 245
199 349
349 360
70 257
349 285
496 388
94 257
47 368
138 270
262 60
271 65
2 281
449 52
3 247
378 406
188 157
312 324
479 303
289 178
2 84
421 311
187 311
102 261
87 52
473 8
80 481
94 137
10 420
115 358
0 360
32 27
0 417
19 117
3 482
9 174
103 278
58 42
84 9
238 71
439 105
170 307
19 457
444 392
212 93
482 167
21 426
251 135
121 257
385 280
214 468
487 480
367 439
16 198
420 499
146 54
80 191
348 167
400 356
407 366
301 192
200 353
460 371
295 411
184 421
445 72
418 64
279 175
94 328
93 371
281 52
244 359
424 478
372 460
314 212
216 427
296 358
289 53
248 360
136 440
349 241
7 102
176 434
180 82
452 385
151 23
257 106
114 321
129 300
397 313
124 101
319 256
99 283
180 344
381 290
439 449
327 118
315 7
264 8
76 70
228 29
370 380
56 84
116 268
461 71
186 2
452 335
165 451
317 103
420 158
349 270
6 209
487 137
30 89
365 297
491 162
150 37
149 153
498 379
55 90
358 166
447 55
197 305
95 470
170 429
313 498
395 150
308 340
286 493
67 249
360 448
186 433
316 322
159 163
85 180
157 354
369 443
127 83
14 332
116 96
383 88
474 86
238 383
451 136
154 180
411 345
125 55
459 39
378 481
31 4
454 362
238 64
313 294
339 488
331 131
423 308
53 323
273 67
218 278
284 346
431 100
176 274
200 165
401 208
437 124
54 56
494 312
283 418
352 24
117 191
447 73
405 68
433 4
304 424
381 393
436 456
356 108
74 248
312 61
489 127
219 49
27 227
295 367
317 388
446 424
299 95
188 271
431 199
216 4
92 62
276 483
238 445
275 482
392 445
265 387
404 299
315 118
461 21
240 137
278 8
468 494
389 19
437 78
450 184
472 366
120 392
132 114
36 484
154 114
248 456
446 363
362 174
370 233
357 22
312 91
189 227
57 73
288 384
97 301
49 62
394 338
2 319
272 275
427 440
450 463
351 79
215 95
430 458
78 225
328 475
91 24
122 331
441 164
342 39
189 310
348 140
29 78
222 176
266 41
416 63
67 305
382 168
205 106
477 281
406 457
105 194
115 349
319 365
266 376
288 180
216 236
233 278
243 475
333 62
267 316
195 271
35 486
335 64
48 282
234 147
250 86
20 455
244 294
115 400
419 159
207 483
346 308
38 398
206 59
313 301
388 127
403 113
129 422
80 49
177 179
215 251
306 166
498 45
319 147
33 226
217 241
336 328
230 10
386 46
80 25
131 457
443 93
388 165
126 351
95 170
116 230
498 380
481 330
417 434
280 371
100 35
236 168
148 257
155 52
256 300
471 8
373 301
206 206
407 133
62 342
263 371
26 129
28 253
395 492
117 77
28 231
31 187
1 320
230 22
260 191
181 371
497 123
42 0
34 310
396 500
177 6
239 457
492 17
433 68
57 306
111 280
248 499
42 222
39 412
319 331
15 259
462 104
434 189
334 226
478 373
36 111
59 107
59 428
223 253
381 27
106 196
286 466
359 52
361 126
53 156
100 50
46 335
470 214
75 456
407 177
376 254
214 281
357 255
157 409
30 451
300 47
500 277
40 489
231 79
135 135
0 429
182 381
11 149
496 277
24 53
421 497
84 334
373 79
205 228
282 446
452 468
194 310
196 44
371 165
403 367
343 397
299 476
165 143
497 424
126 317
320 119
444 407
102 175
126 295
364 430
332 433
101 93
59 463
424 14
362 488
494 421
230 319
134 217
480 101
333 249
120 243
286 480
356 114
9 276
192 41
404 292
234 120
247 308
177 35
153 233
383 267
166 6
481 250
390 359
410 390
228 497
137 440
195 258
407 100
170 446
48 415
92 334
381 172
401 57
17 214
127 356
349 423
51 374
399 85
317 420
314 78
114 419
262 391
27 235
348 123
32 323
135 55
195 110
176 404
177 324
498 273
16 90
435 347
165 225
487 167
147 135
311 265
443 302
350 234
352 321
207 113
345 229
464 463
37 190
91 336
113 167
442 177
194 265
291 327
192 108
45 135
58 477
129 370
356 306
343 443
24 251
399 199
196 57
306 384
30 68
485 198
296 431
301 15
101 383
104 265
286 191
400 241
7 27
109 438
43 409
158 248
288 469
292 378
66 26
189 241
414 472
85 470
188 81
82 164
323 252
151 154
475 123
96 190
384 37
0 141
106 125
363 301
488 480
107 253
56 307
346 476
111 344
66 262
301 149
240 378
1 269
147 455
59 272
476 372
315 491
455 247
409 10
395 26
313 137
227 2
30 55
213 179
120 361
287 12
197 179
99 402
242 228
334 442
39 465
300 128
30 304
168 169
302 128
370 202
38 81
218 356
192 142
426 407
96 300
349 183
50 143
246 285
256 180
493 337
200 321
440 178
50 125
236 193
156 34
351 32
100 220
436 38
94 317
36 13
83 186
198 295
221 222
414 459
386 301
422 261
361 36
368 218
358 353
447 112
485 278
276 88
408 423
485 17
132 260
206 272
218 148
314 160
415 365
289 48
58 103
359 172
153 498
360 430
41 198
446 133
440 245
294 286
277 24
355 387
168 256
253 482
488 238
306 370
0 24
237 265
424 209
499 307
210 329
429 162
271 475
232 385
131 42
218 82
373 321
46 19
470 211
165 226
360 343
363 261
432 390
386 227
329 237
171 477
139 288
145 341
21 110
304 298
492 317
295 167
170 374
196 91
283 464
240 281
357 80
314 58
245 248
0 22
187 390
250 264
468 452
94 32
328 11
352 104
45 43
443 440
133 206
329 56
13 382
131 434
395 407
305 439
300 64
160 186
48 243
144 114
460 464
465 107
462 472
228 162
349 194
272 172
279 465
110 331
164 201
166 366
102 267
179 499
183 143
328 90
352 277
411 57
139 176
56 452
161 266
86 67
121 131
496 202
497 295
125 339
9 426
422 340
203 25
470 356
231 103
35 406
273 448
7 406
193 99
164 327
497 481
373 371
361 236
428 311
411 35
175 274
21 99
285 32
190 423
405 191
58 157
240 298
333 254
244 150
344 393
137 362
131 117
157 323
154 209
284 496
132 93
332 272
153 412
34 118
93 167
83 8
185 285
338 302
420 101
116 6
94 6
68 214
23 382
210 416
467 36
338 327
370 206
240 4
69 489
402 395
388 167
405 427
219 382
76 173
199 141
222 493
283 323
232 5
201 365
272 232
417 206
299 70
386 227
129 182
264 496
103 9
481 307
351 277
369 434
352 91
125 124
169 67
265 356
86 181
143 463
4 99
219 265
395 156
365 464
119 158
152 131
4 128
131 175
321 29
15 332
391 249
288 220
337 164
94 56
390 490
341 234
189 412
352 7
337 301
469 8
165 122
248 459
458 14
139 8
121 449
42 397
270 423
246 142
0 166
216 216
361 84
303 429
435 40
430 214
129 71
303 456
312 400
69 448
83 342
439 481
493 226
183 28
208 113
60 132
249 468
52 359
50 191
99 54
189 127
315 260
459 202
423 267
272 162
477 251
20 132
156 382
426 270
165 140
134 424
282 438
471 145
448 344
219 92
102 367
131 15
172 325
91 446
376 348
292 469
174 204
476 331
458 320
491 385
408 459
34 41
20 165
352 445
211 83
191 211
455 75
495 283
319 398
162 334
253 143
29 371
436 171
273 435
19 216
157 63
321 132
6 433
254 432
155 194
331 96
241 275
391 343
278 305
474 82
391 326
63 90
178 312
211 439
269 66
182 146
11 0
398 342
245 326
267 466
190 475
245 177
285 255
164 34
62 139
87 257
372 105
171 447
430 276
204 202
367 123
221 167
117 1
272 126
296 67
461 267
182 137
95 253
28 286
458 312
42 484
386 244
38 388
201 81
343 60
196 329
414 257
60 449
10 333
187 423
92 127
43 110
31 333
250 477
120 133
217 155
14 16
229 179
201 317
320 310
448 466
157 466
314 434
356 424
229 349
337 320
181 292
307 26
204 374
492 415
412 283
221 94
434 156
253 16
149 56
491 281
280 333
24 217
441 500
451 281
120 98
182 252
495 436
228 344
270 195
60 76
247 317
52 242
401 315
422 242
145 308
55 140
321 497
402 457
81 479
83 213
185 329
50 306
170 428
274 166
243 378
473 150
156 24
36 206
268 434
21 287
178 203
210 327
71 71
439 415
463 180
100 72
59 455
276 344
358 428
442 141
406 457
334 301
465 138
284 65
199 85
5 326
322 375
159 240
403 386
1 21
47 147
236 72
160 232
316 402
423 496
230 309
188 167
202 198
318 275
246 76
124 245
366 1
100 451
54 61
62 318
352 178
490 255
400 392
151 51
248 281
497 65
352 417
210 301
448 438
51 255
494 30
340 54
236 354
260 195
384 231
422 342
222 212
286 49
46 24
382 306
471 180
448 461
352 169
402 320
486 78
267 25
128 465
58 342
323 230
159 117
445 81
398 118
427 459
24 243
453 198
298 304
471 470
124 60
454 232
494 294
263 489
311 68
59 225
73 80
227 208
243 479
204 172
146 473
146 219
132 386
159 388
119 436
445 36
279 26
147 161
419 465
303 161
454 455
248 214
199 296
444 352
105 447
123 288
199 171
270 199
205 428
304 212
45 128
452 246
285 390
474 308
161 32
394 395
11 327
271 334
486 56
49 151
270 352
435 177
317 93
42 205
332 245
130 152
149 186
434 435
466 451
37 289
140 128
193 173
11 102
64 245
450 109
314 13
283 174
430 30
390 263
394 270
308 393
497 414
476 295
175 171
206 327
145 240
137 284
403 307
392 341
235 212
306 244
463 292
167 261
334 274
306 152
411 278
58 263
198 300
478 13
333 122
389 345
321 200
372 281
41 105
10 193
122 467
491 338
50 465
282 419
398 183
149 67
68 16
363 258
71 297
137 86
338 496
327 66
184 214
182 360
174 173
422 391
357 254
494 388
211 434
45 495
367 148
162 336
217 218
66 469
273 500
272 427
85 382
46 433
155 265
255 338
359 450
79 316
165 496
17 108
264 408
309 262
55 388
194 261
196 249
393 434
432 234
105 17
268 350
463 1
443 379
384 388
397 486
92 127
395 167
24 199
190 225
300 272
482 340
38 318
263 414
458 295
161 116
374 401
499 130
470 218
497 244
262 254
274 164
441 309
240 80
458 408
387 491
24 141
296 119
486 368
80 93
61 338
295 240
187 392
22 193
409 22
160 224
54 27
422 213
126 225
423 365
216 335
102 433
77 220
43 233
250 217
486 359
16 441
51 405
290 212
352 143
184 79
131 1
191 126
470 288
266 299
233 404
331 321
103 159
420 271
32 27
329 89
500 314
175 428
316 487
445 191
251 5
420 427
51 235
108 465
284 35
12 61
386 341
314 398
57 232
80 216
343 465
166 295
440 325
278 419
78 233
423 443
60 142
380 230
257 443
108 385
228 212
208 171
471 99
109 237
367 361
256 211
375 108
224 59
150 493
313 438
291 84
139 333
108 56
427 210
4 228
21 142
195 221
369 302
365 495
5 77
222 467
16 362
147 361
269 241
101 394
496 99
130 480
264 455
243 386
423 184
293 452
258 460
52 23
475 250
38 436
101 74
113 115
238 414
222 321
12 435
449 306
201 309
73 140
321 487
445 21
247 303
229 88
271 177
51 100
366 102
301 215
498 106
432 495
112 490
171 214
453 108
465 293
274 156
274 412
356 125
217 390
222 172
41 3
349 182
358 285
39 500
238 199
194 15
342 292
379 166
321 8
263 192
18 164
315 414
5 77
482 238
354 330
170 40
84 162
63 101
410 120
224 454
205 128
135 369
158 498
248 133
130 212
163 321
326 218
185 191
257 480
313 31
347 118
445 332
203 41
411 315
165 302
109 422
386 361
57 467
340 310
390 3
462 412
61 112
145 498
33 98
232 65
25 110
116 483
112 66
226 33
312 156
246 19
313 474
347 16
361 96
103 74
160 344
488 41
147 298
227 374
178 105
218 12
469 361
166 366
115 407
469 294
447 159
21 315
44 7
106 444
270 39
247 124
33 434
432 279
479 61
23 388
103 411
315 274
318 450
260 251
327 94
370 174
281 213
127 131
324 434
101 376
409 239
391 91
434 402
199 189
480 415
378 183
184 161
212 368
79 176
7 51
292 5
450 305
326 121
259 373
446 228
55 136
114 5
462 264
238 419
2 239
65 335
442 57
374 17
279 64
127 436
3 46
96 75
463 0
427 498
246 105
84 98
395 386
437 257
345 494
112 266
472 407
76 211
318 37
244 107
120 82
334 471
245 479
223 492
326 97
430 208
292 438
190 76
483 342
303 454
159 198
465 105
10 483
179 127
479 351
204 385
338 23
140 498
424 400
356 453
154 249
482 65
155 332
384 35
156 395
319 408
31 428
398 351
271 204
336 292
430 367
302 452
262 341
173 422
103 35
46 1
