431 491
360 254
264 63
83 388
167 215
346 287
154 447
195 106
459 134
162 213
129 73
92 173
110 210
414 67
126 122
20 107
421 290
273 256
167 51
288 175
413 14
290 469
130 380
481 481
393 163
208 137
415 387
465 176
491 410
482 361
153 125
306 2
436 123
21 350
391 170
353 244
403 123
145 102
141 140
249 83
221 369
181 203
472 308
307 394
0 145
333 256
211 365
428 205
49 359
325 157
223 352
205 278
280 193
57 5
412 377
28 186
200 190
97 182
68 160
444 112
267 170
379 172
467 380
83 28
49 8
220 483
61 393
253 140
480 90
254 370
414 458
224 269
320 275
223 331
286 384
336 463
277 415
356 196
55 436
101 490
12 102
30 498
240 70
179 424
301 245
377 293
456 79
88 340
103 199
404 434
476 66
249 171
57 81
386 275
252 308
440 250
270 240
257 345
11 221
225 371
101 322
377 247
209 374
127 473
467 229
68 466
172 228
305 242
98 270
227 438
50 458
427 312
87 418
120 161
78 252
230 237
446 157
247 477
116 189
129 396
269 405
42 273
406 393
392 50
476 108
209 57
471 53
424 182
250 457
252 72
294 279
233 381
487 325
452 262
297 402
256 230
283 22
247 117
19 209
468 158
213 91
190 216
355 449
451 141
343 198
343 286
290 218
78 324
447 432
398 169
18 92
219 314
258 20
183 421
27 321
225 10
345 388
200 143
383 187
396 147
372 246
70 326
424 422
108 195
341 9
139 201
393 471
193 275
357 450
404 325
72 206
415 20
223 298
474 218
125 82
102 86
284 485
133 444
476 486
365 271
415 3
211 255
211 339
343 255
410 486
338 69
159 110
424 108
344 231
123 204
456 250
16 77
188 342
316 147
62 283
179 406
19 75
413 277
123 218
55 439
63 469
237 71
175 91
404 51
123 26
443 247
492 361
316 212
163 63
151 138
44 74
36 71
327 18
52 333
100 425
294 332
329 284
75 173
127 75
131 482
81 108
423 152
369 359
150 22
69 351
349 456
123 352
440 159
418 168
429 264
228 314
242 350
92 70
193 195
77 6
254 299
428 423
76 240
212 383
132 481
366 164
435 62
468 219
440 451
433 120
268 413
43 117
241 353
445 65
51 460
136 354
144 332
362 448
175 214
233 73
313 182
310 67
66 31
464 368
23 44
139 317
297 27
411 103
343 94
98 411
326 33
274 86
462 2
100 246
422 333
120 431
270 496
450 259
151 364
344 186
230 331
470 482
478 133
6 6
99 243
229 152
48 95
43 284
490 488
490 278
292 8
361 181
106 57
118 98
131 162
170 161
11 337
438 392
144 354
70 353
166 172
287 70
35 378
70 221
451 452
267 239
11 373
98 128
139 248
322 438
308 302
224 45
224 98
107 299
388 489
349 412
320 332
159 297
263 295
154 345
396 358
471 220
69 277
497 362
383 407
368 226
104 434
111 117
230 390
461 341
194 457
439 275
68 309
90 52
130 39
373 79
480 461
139 479
184 4
273 166
473 158
385 113
374 32
94 441
75 375
168 440
5 1
138 149
137 449
212 325
359 32
378 339
184 494
193 334
117 365
222 327
19 250
150 0
130 283
120 306
256 186
322 230
85 304
236 196
442 145
11 318
410 405
11 361
330 499
8 436
297 313
467 246
105 228
175 424
57 414
428 67
6 65
438 234
81 298
380 154
283 136
121 77
431 0
288 137
408 392
126 323
373 228
260 455
100 160
45 40
304 404
272 259
374 137
378 377
256 78
11 114
439 292
251 67
148 239
4 61
371 339
141 144
192 456
138 429
167 433
222 65
481 175
124 37
405 494
37 17
23 320
160 225
13 357
117 426
422 246
232 400
486 221
249 336
335 240
80 58
173 25
168 259
388 249
383 295
413 350
169 131
78 326
349 450
476 106
172 242
84 150
246 481
368 135
489 138
174 412
137 61
326 166
396 205
256 470
234 321
364 238
255 471
273 166
260 447
18 244
463 443
334 322
34 170
334 321
36 421
442 301
481 197
405 341
103 186
65 300
284 393
192 113
492 135
379 366
300 140
407 122
101 131
161 251
1 361
256 98
376 214
183 416
393 327
394 246
318 25
41 393
474 270
15 17
236 159
293 284
484 487
325 232
107 354
264 77
96 463
138 478
331 268
497 480
102 265
447 449
24 106
364 254
287 204
25 280
262 312
208 6
79 352
497 58
328 113
225 285
35 173
481 303
122 50
377 256
177 240
292 479
424 100
317 425
31 64
93 92
101 435
423 47
103 176
477 180
95 397
472 248
384 115
395 301
255 482
361 178
112 117
23 433
183 134
350 466
100 367
112 13
410 428
216 173
286 145
56 340
320 454
171 237
127 83
231 228
287 254
106 267
391 254
39 403
254 474
83 145
476 18
411 236
393 356
88 288
162 280
92 48
31 324
332 283
336 42
346 415
274 479
47 295
14 279
133 216
352 497
389 128
177 449
459 109
312 219
279 25
141 348
305 201
486 304
222 14
390 131
20 5
135 182
182 369
415 434
449 186
140 199
138 445
161 153
303 17
48 57
103 191
230 263
281 123
318 498
33 286
256 19
49 126
87 372
185 286
329 352
74 432
265 342
445 328
106 143
46 82
134 397
31 161
430 74
489 12
332 12
463 150
267 373
64 314
171 320
418 105
432 134
265 59
183 177
74 334
203 120
199 30
214 224
387 86
291 59
225 261
189 308
430 51
484 271
465 457
494 492
212 136
191 15
127 44
171 96
69 75
166 354
478 4
446 177
215 497
440 370
32 453
291 293
405 289
56 92
417 415
195 452
266 245
207 193
436 229
363 346
122 121
369 5
153 361
25 295
114 144
147 163
39 148
41 26
72 217
444 494
28 465
386 367
179 235
188 394
164 350
490 290
357 430
224 470
321 432
373 329
322 113
133 342
31 346
54 282
457 228
455 107
482 23
21 377
14 233
363 382
61 338
404 336
210 472
438 192
118 326
356 379
282 405
17 152
385 89
3 450
289 426
440 446
425 112
490 360
174 444
345 406
346 476
170 57
149 372
292 203
284 252
245 105
60 14
392 134
349 154
450 121
112 217
84 405
442 197
166 353
439 127
397 109
427 2
477 283
436 302
131 283
166 458
8 55
114 360
44 245
60 308
212 242
329 391
18 323
142 336
87 135
246 25
67 32
417 399
129 7
269 321
167 486
459 162
371 134
155 344
162 13
134 442
13 47
297 214
373 206
314 493
292 230
434 243
178 482
361 352
38 307
43 55
78 266
92 148
152 298
410 436
269 391
105 201
305 257
474 40
73 106
290 152
90 1
233 454
331 37
330 122
318 121
105 60
215 64
451 392
418 107
38 194
70 488
111 276
178 398
90 2
43 433
67 369
74 265
43 37
223 259
355 57
34 80
179 42
362 342
38 104
337 89
376 129
312 447
218 295
492 28
16 258
107 427
188 385
17 58
350 268
19 100
124 143
234 492
356 106
380 147
104 235
245 162
244 404
330 363
176 236
107 389
29 309
224 231
221 64
20 85
165 264
479 144
31 242
37 280
41 490
400 386
355 372
348 452
184 440
30 270
177 62
367 208
171 488
134 52
263 397
227 19
412 277
205 293
443 9
383 192
35 198
250 59
443 491
57 440
389 393
352 477
249 35
411 402
249 370
420 203
323 436
200 332
144 140
442 185
442 203
55 262
140 16
396 109
170 339
399 263
425 251
485 39
309 169
150 263
468 75
56 98
290 14
374 204
417 314
248 486
375 362
463 208
478 446
379 229
112 114
233 45
374 35
441 363
109 334
436 348
70 194
412 38
345 307
472 106
125 289
308 42
316 132
238 0
195 194
277 315
258 475
132 243
330 366
158 414
374 473
10 328
362 67
461 195
464 7
188 156
161 146
23 29
192 349
17 119
179 430
464 391
255 309
250 90
357 77
50 153
144 276
282 189
399 152
414 169
254 455
395 470
185 130
100 242
446 237
347 45
35 189
25 142
292 443
105 285
181 154
50 124
231 295
123 154
339 200
142 258
46 67
400 405
276 442
220 287
169 432
387 149
488 390
480 8
485 413
439 169
65 363
500 211
393 125
311 225
440 151
217 186
213 360
294 262
45 247
305 134
467 449
136 84
56 223
136 216
114 236
200 80
109 228
210 453
119 113
327 499
129 170
69 116
167 289
267 14
452 491
498 323
349 455
75 456
62 68
100 246
41 322
329 91
12 84
399 364
313 99
238 453
382 202
437 191
75 324
291 228
200 96
77 500
103 22
335 356
50 387
428 250
243 13
129 441
325 165
137 282
319 419
104 416
408 131
16 62
480 259
429 17
26 85
75 490
290 349
68 99
180 180
287 320
321 375
260 122
251 72
276 160
118 435
242 162
292 160
260 173
403 463
145 26
457 431
364 56
448 132
340 47
80 411
156 99
321 46
385 241
320 271
422 109
178 365
440 311
65 196
470 341
260 304
211 332
190 15
414 431
302 238
464 458
364 309
426 389
112 498
265 360
316 96
176 271
164 317
215 27
307 16
174 369
71 416
370 290
145 88
130 279
445 311
97 239
477 353
293 303
126 370
279 2
356 492
369 491
403 163
245 177
260 185
185 419
185 362
416 214
128 58
236 397
220 98
143 195
397 175
486 375
95 299
267 235
4 292
196 180
101 168
7 109
111 470
332 378
328 158
44 3
115 40
264 258
245 274
495 99
297 322
294 122
102 122
420 484
176 15
480 288
411 255
389 499
292 498
56 66
61 35
248 482
176 81
173 158
358 401
79 451
248 415
328 491
392 486
456 38
263 424
295 98
398 357
360 49
312 186
338 267
129 456
4 278
478 239
441 275
498 33
362 234
313 373
36 99
16 96
309 352
243 80
450 481
414 78
277 23
160 419
210 22
353 496
344 255
40 476
354 470
31 283
338 498
204 218
474 120
267 497
382 248
149 423
378 308
350 91
396 143
398 14
210 120
354 277
482 452
61 475
470 272
303 205
201 372
258 151
154 184
15 181
146 342
492 368
443 72
338 216
418 127
490 339
4 126
406 420
174 7
292 310
396 3
227 68
283 427
126 382
237 431
72 401
409 16
56 246
25 476
365 321
172 108
282 397
111 110
458 460
480 493
295 338
86 253
369 480
1 351
374 291
281 83
77 19
111 487
326 162
417 262
426 25
118 121
65 424
9 478
443 73
161 101
488 58
306 28
114 23
360 388
334 333
46 35
308 407
309 133
140 107
326 81
43 229
139 332
469 485
153 1
401 363
415 422
17 498
264 497
392 497
212 139
242 8
54 123
499 364
15 352
213 73
402 151
204 401
46 412
350 54
78 11
98 185
106 159
218 93
68 490
481 465
348 16
159 50
78 281
406 267
36 62
53 244
488 140
276 28
493 331
260 63
324 83
493 202
482 137
308 332
326 1
85 362
278 381
303 390
143 274
143 222
103 257
178 209
334 85
493 2
186 293
491 152
320 29
38 36
363 497
101 144
202 61
307 399
75 285
491 333
325 149
195 205
495 155
159 310
182 487
442 299
173 6
190 333
392 145
123 354
327 352
56 483
16 306
414 93
222 452
374 331
414 60
197 197
350 166
429 287
440 211
260 322
291 244
317 472
0 174
103 321
204 209
327 334
460 8
84 375
78 345
433 390
341 241
448 27
156 229
453 187
182 324
437 58
339 415
259 121
326 331
175 254
376 21
161 478
345 355
480 128
31 202
460 176
499 218
216 303
470 469
26 380
16 459
392 82
297 446
152 150
351 288
215 204
463 360
194 137
233 385
300 303
272 12
366 90
457 484
485 407
281 290
218 52
150 73
279 1
67 443
307 277
417 274
375 178
193 312
386 60
94 54
235 367
99 459
295 452
317 417
45 16
104 69
305 372
487 250
343 20
86 172
298 104
391 426
27 334
499 292
488 206
192 206
423 448
395 37
218 379
208 407
410 225
276 123
408 347
400 169
77 372
150 77
109 73
209 192
145 265
34 217
434 462
37 255
226 386
384 14
267 229
37 190
321 212
120 66
80 48
58 280
448 163
310 253
102 183
429 395
153 142
343 412
109 342
157 364
497 467
2 490
354 133
150 312
429 274
182 18
45 203
178 298
401 94
337 262
372 338
228 403
475 106
81 196
493 80
143 297
381 463
288 275
422 231
201 484
261 112
340 318
94 268
201 326
251 168
386 173
474 221
310 263
250 195
442 498
232 282
147 201
119 313
494 43
345 10
401 287
284 386
342 304
92 420
53 399
406 57
409 117
175 110
45 425
50 447
11 278
283 127
326 60
165 454
308 178
324 323
249 208
182 497
217 53
397 249
159 459
193 53
443 306
116 404
338 295
472 75
210 371
273 452
378 179
232 115
224 85
57 11
108 437
57 158
468 237
206 75
192 334
81 1
263 388
213 192
438 27
2 10
264 471
333 170
401 267
88 409
102 95
270 89
259 72
322 497
55 1
80 186
402 258
15 423
176 419
238 250
76 294
148 31
57 172
203 343
303 52
141 253
207 90
152 220
59 129
89 79
90 128
449 249
462 416
113 370
467 253
54 349
72 19
348 165
31 417
81 112
104 389
433 69
338 32
433 499
470 46
345 76
429 130
319 491
143 103
224 308
421 328
130 195
266 429
325 500
138 234
92 452
305 260
245 303
208 224
407 239
185 9
213 269
291 177
348 337
443 308
160 423
403 69
193 357
362 337
50 458
211 64
344 256
250 456
36 424
392 195
329 96
62 165
8 198
27 60
175 351
263 260
277 465
303 426
80 449
38 372
100 267
484 486
350 50
436 270
444 439
488 369
4 379
122 386
381 267
178 56
300 377
349 378
389 416
70 74
120 395
392 231
474 432
10 62
86 81
445 229
146 324
171 41
55 164
358 407
415 403
146 458
62 27
272 220
421 458
475 209
114 322
32 197
19 101
205 323
32 140
339 30
469 59
197 452
297 476
397 307
31 425
106 51
246 224
462 289
267 266
357 458
443 77
110 391
388 22
43 289
376 490
357 232
338 475
164 462
424 152
192 213
18 188
346 141
230 267
55 196
117 248
274 87
477 491
159 365
9 271
5 92
394 269
400 39
407 493
394 51
450 413
74 261
381 184
437 36
146 453
467 273
414 172
12 393
131 300
273 464
332 188
143 193
93 135
402 61
220 262
434 44
205 463
322 2
360 397
268 144
287 434
9 137
179 269
391 201
236 433
473 418
189 100
78 449
17 188
460 1
148 60
235 431
326 127
461 381
495 64
422 473
213 53
176 469
322 436
337 8
347 452
3 278
52 47
99 383
407 116
190 396
198 48
423 174
174 463
180 411
192 65
54 402
486 218
133 130
306 135
500 112
471 285
185 249
286 51
371 437
35 147
191 449
156 432
338 393
457 198
302 391
329 254
356 400
273 242
475 164
321 425
107 422
308 149
263 478
31 15
188 406
313 330
187 483
322 27
89 85
171 251
434 52
260 497
165 396
72 410
254 226
457 90
61 45
62 169
300 94
51 100
291 53
198 351
391 60
107 336
334 75
4 42
360 309
309 84
254 471
267 329
499 482
231 227
362 77
53 360
303 7
204 382
498 363
273 85
35 42
347 338
186 145
283 472
397 88
381 29
328 388
310 326
374 11
39 435
216 36
84 360
329 274
203 200
210 233
166 474
110 414
107 353
439 58
480 291
10 227
287 382
475 119
173 474
384 360
233 119
479 171
484 486
0 286
450 464
202 215
208 340
426 428
353 55
7 335
136 406
457 447
257 356
469 267
190 336
485 196
404 251
343 433
89 60
331 186
133 214
369 463
22 361
416 375
243 60
368 488
222 421
345 419
375 437
333 220
465 282
448 17
258 96
229 361
176 484
89 142
206 176
143 350
52 234
201 84
349 67
410 468
432 207
311 218
232 103
128 261
149 353
223 145
146 48
438 29
472 20
399 436
56 156
439 232
68 359
306 1
408 108
214 255
31 113
27 340
422 347
442 93
338 65
360 129
313 186
351 309
246 278
449 325
122 340
129 475
347 370
317 464
41 53
230 403
463 81
494 77
324 45
303 189
406 206
358 37
223 388
64 85
393 47
121 297
1 201
175 81
151 9
409 133
259 132
306 459
403 336
54 205
256 85
23 48
290 461
201 206
382 326
434 192
113 246
457 420
399 493
476 122
470 461
310 354
408 312
298 386
391 128
458 363
493 419
75 473
429 438
448 427
83 180
188 199
453 482
330 231
432 201
407 233
211 10
121 195
451 199
374 486
214 495
54 103
470 452
407 304
211 15
85 54
326 86
340 327
235 237
212 458
57 30
42 178
52 47
165 297
219 3
325 396
242 344
467 350
202 2
283 148
201 385
403 394
284 361
26 49
483 9
197 438
292 194
195 163
102 2
132 448
272 436
232 79
147 120
225 325
28 184
248 131
195 264
230 388
489 278
162 40
13 161
399 467
190 7
408 400
437 419
61 98
483 476
495 125
302 33
489 149
75 493
459 353
22 280
214 184
429 85
442 421
467 147
65 456
250 121
79 180
101 303
31 490
462 317
134 437
146 445
48 423
225 421
444 226
307 251
101 24
12 126
159 245
257 76
244 126
33 34
106 255
231 427
361 116
121 265
293 87
166 183
282 266
410 227
162 383
433 12
206 205
423 85
99 109
188 59
293 300
334 112
207 106
457 68
348 92
153 18
292 487
413 294
203 331
428 85
374 312
80 416
371 301
38 235
154 365
188 219
54 23
23 428
92 427
420 350
99 94
470 241
400 308
470 26
427 260
102 387
167 56
175 340
308 405
5 43
95 475
95 237
37 356
374 456
286 496
325 152
411 369
269 250
325 245
269 57
114 365
118 155
411 101
429 73
310 415
12 333
106 188
283 259
417 291
266 370
33 103
433 382
459 475
209 433
117 406
211 460
25 143
3 328
327 180
412 195
301 187
489 239
343 228
241 56
76 321
379 484
268 180
365 204
336 187
148 333
114 334
102 182
452 323
382 71
347 234
409 147
115 30
133 168
4 93
361 486
380 340
475 28
143 166
97 150
423 357
59 132
366 411
322 161
410 393
80 424
136 52
434 459
280 142
449 141
48 14
52 373
332 327
127 482
238 18
272 319
415 114
314 58
317 401
265 294
425 304
63 441
478 173
190 123
473 491
53 468
230 226
92 114
274 105
129 308
381 23
223 440
108 251
160 281
83 217
31 59
495 301
79 159
346 384
281 495
476 456
452 89
193 421
384 193
120 322
479 494
287 215
275 311
233 319
389 344
151 319
202 158
376 469
295 433
112 441
24 465
329 36
193 280
464 318
369 386
284 435
499 67
294 174
421 184
439 449
32 267
307 472
345 230
149 269
180 253
15 454
473 89
454 4
445 173
386 205
237 445
287 39
44 263
325 45
405 115
262 256
473 124
102 188
296 345
153 44
61 179
17 189
81 470
176 297
397 90
83 214
46 216
458 80
405 80
101 381
158 486
487 428
247 178
293 213
33 110
462 87
70 453
467 304
181 451
404 422
10 491
345 92
119 67
59 134
105 105
430 142
28 398
150 119
69 485
474 455
223 274
78 251
376 343
228 88
59 477
50 369
170 490
277 347
268 349
45 496
110 7
4 292
435 178
32 336
330 386
443 148
385 166
360 475
468 348
424 101
475 452
483 480
386 263
273 129
153 405
363 52
92 391
495 209
423 159
112 292
35 356
256 450
77 97
203 81
149 204
462 166
296 341
307 339
5 465
409 430
236 50
64 22
231 164
446 89
41 222
45 258
335 471
296 163
302 453
23 380
164 161
136 246
168 34
384 330
155 57
194 31
26 253
53 117
185 295
2 475
323 108
185 62
284 142
421 264
447 107
184 451
81 443
384 419
63 242
427 420
308 284
464 134
346 0
499 355
279 296
74 49
106 261
485 332
134 480
45 290
263 457
399 184
497 106
350 478
474 166
461 188
153 388
438 270
319 58
361 109
15 105
33 135
195 331
2 210
443 48
374 181
112 116
160 205
14 403
180 409
454 255
34 250
450 471
300 289
426 447
268 91
309 278
365 149
107 311
67 392
233 28
423 409
273 281
179 293
73 177
25 421
209 210
13 206
385 363
251 29
93 433
245 15
69 54
224 138
228 233
66 455
342 45
118 224
152 122
87 160
263 1
137 100
435 287
449 259
429 493
210 104
117 266
88 194
496 201
345 77
201 428
468 176
137 6
61 250
427 39
159 110
257 195
340 202
106 283
206 304
85 181
280 286
51 29
249 149
291 202
160 467
295 344
55 476
467 191
434 254
171 367
99 45
313 355
254 217
267 109
108 184
82 113
160 192
255 427
358 84
226 44
85 159
373 41
374 202
26 480
224 234
145 425
26 94
453 70
449 435
261 106
102 471
205 29
307 319
424 75
350 474
237 486
228 72
355 324
271 220
254 356
333 61
153 364
485 169
149 302
315 449
15 98
309 183
32 209
112 125
86 343
22 236
79 409
41 499
358 252
32 478
41 81
347 106
112 78
318 30
65 198
473 389
135 93
45 26
51 197
335 241
394 84
311 255
478 91
308 306
363 271
497 178
465 494
38 48
55 213
97 39
267 314
456 61
52 20
451 373
265 376
0 437
397 500
213 462
482 168
327 472
124 51
246 349
378 241
497 305
452 31
137 302
254 400
43 59
13 178
405 364
469 352
401 163
153 443
219 352
163 52
425 402
144 417
217 396
498 205
194 453
67 459
433 146
364 324
83 229
408 189
109 301
329 404
344 243
458 39
390 17
54 328
315 496
142 307
430 265
390 418
106 496
427 497
53 417
360 340
256 471
30 350
15 141
217 184
13 122
344 293
185 50
40 297
342 152
57 170
199 398
347 266
220 12
341 370
467 469
397 331
297 262
438 442
482 479
218 455
349 380
273 295
186 201
412 32
214 344
12 224
10 165
287 493
223 343
236 447
388 399
195 171
378 14
440 272
1 158
37 327
494 433
25 134
8 123
269 216
439 223
160 91
305 189
16 33
128 88
414 310
456 149
462 363
321 220
251 310
139 323
61 91
342 440
247 42
175 268
316 257
487 492
313 9
482 41
10 322
499 287
288 114
485 92
370 133
436 173
38 341
117 267
139 397
66 4
208 61
27 261
253 296
467 152
84 356
339 239
361 248
100 426
292 219
104 292
63 7
328 457
204 481
325 379
151 378
264 378
473 89
274 323
214 267
365 52
466 131
287 178
274 462
213 98
55 99
409 229
22 183
420 391
486 209
425 347
325 312
61 133
337 237
254 109
118 120
314 141
134 420
192 83
449 436
417 362
98 100
91 256
129 190
246 229
427 445
169 368
221 26
428 4
186 448
342 373
422 488
17 472
294 303
120 126
137 375
256 435
48 285
9 441
436 182
117 278
323 474
68 54
254 429
183 219
25 157
227 86
135 28
317 449
409 425
338 370
296 64
55 497
50 479
171 406
242 62
296 157
470 343
420 368
203 218
356 248
242 446
7 237
52 268
491 46
455 426
391 169
462 479
496 422
234 264
308 93
495 227
417 136
370 455
253 114
135 407
223 256
397 54
102 24
348 322
301 422
117 196
194 106
177 37
319 474
355 380
316 468
392 259
268 336
243 338
424 118
37 471
444 131
375 404
437 443
382 248
195 278
372 434
172 415
0 55
123 121
292 62
341 246
113 112
469 106
58 42
111 112
484 338
373 210
355 143
186 153
229 382
430 115
469 488
95 93
305 189
493 91
17 79
354 343
260 400
337 238
346 470
426 416
235 241
251 170
165 282
424 376
308 14
379 225
56 264
129 112
499 72
452 57
319 445
126 309
419 64
58 132
415 38
214 271
446 352
295 377
471 435
239 201
173 448
455 12
253 388
29 63
147 316
341 175
119 252
30 407
339 120
48 173
406 19
266 64
21 273
351 331
417 360
157 126
137 401
487 301
133 149
378 446
178 217
111 362
318 122
8 430
261 169
98 335
108 184
387 406
434 26
77 498
487 221
109 444
333 250
11 168
187 280
315 53
342 100
342 158
121 98
274 169
294 102
261 151
341 25
26 193
141 118
218 328
224 333
84 370
305 165
120 360
109 111
493 453
215 200
251 121
416 322
269 276
209 220
240 383
192 492
169 45
143 369
292 147
116 306
75 147
23 200
485 409
147 488
66 480
134 107
487 9
423 109
35 100
253 453
88 432
112 159
319 351
306 390
436 121
55 33
415 72
248 236
267 222
117 316
132 332
254 249
94 488
14 388
214 336
132 479
101 19
291 274
118 452
286 413
75 497
85 357
196 230
353 488
327 337
231 175
22 48
394 495
148 101
107 205
39 496
163 312
355 423
191 387
157 120
245 64
467 357
328 147
259 354
460 469
129 252
67 436
460 161
20 476
109 68
33 49
60 167
240 124
360 331
36 472
423 383
395 347
16 446
110 206
94 498
144 283
428 97
166 198
301 413
70 244
269 61
37 433
376 493
384 254
396 500
337 249
343 311
153 462
472 38
75 59
434 221
76 41
29 296
441 211
324 266
343 248
431 164
394 205
123 116
261 405
254 133
492 332
432 412
330 341
110 203
224 319
356 197
36 71
445 72
35 273
467 413
413 412
87 497
149 375
86 173
386 5
448 447
254 17
191 106
126 440
121 219
160 171
413 403
110 191
173 451
197 185
37 288
355 467
143 399
342 9
283 233
499 299
40 246
293 339
327 375
235 426
295 334
132 313
470 372
323 334
150 311
245 432
250 232
491 234
348 171
265 81
421 340
321 39
40 253
483 23
377 316
442 110
481 271
196 165
454 160
366 161
238 223
252 284
36 385
53 355
14 345
344 495
398 348
335 423
355 89
291 429
129 179
147 116
35 324
175 78
110 234
246 298
166 483
77 330
95 388
254 161
467 301
192 465
111 202
430 206
467 16
229 296
219 366
423 313
423 8
185 125
88 113
61 480
68 363
438 98
162 8
286 19
6 22
141 135
368 279
49 2
447 272
468 492
374 34
359 240
390 461
431 358
292 262
309 44
82 259
254 279
194 216
259 144
408 269
373 232
18 304
110 406
391 117
259 51
14 177
148 419
141 19
30 63
424 399
85 114
283 453
70 66
467 337
57 150
56 269
353 194
417 247
184 259
215 411
476 11
75 340
131 128
357 230
473 500
423 374
29 404
195 474
165 382
406 5
34 441
136 159
312 349
478 260
209 174
67 449
487 382
352 60
319 4
271 287
102 356
33 273
76 170
304 450
28 301
158 58
287 170
399 279
331 124
311 124
458 323
104 490
42 332
411 281
98 256
314 167
118 94
442 227
185 367
224 223
196 70
495 204
451 208
405 377
435 312
356 32
0 209
376 125
263 179
281 63
140 218
169 363
203 200
408 156
431 405
343 97
372 130
423 239
45 350
62 410
234 452
96 397
397 296
433 334
287 338
290 219
204 408
122 496
349 81
103 304
188 488
35 231
37 474
11 242
285 142
210 384
418 344
469 448
178 286
57 438
189 242
405 243
329 328
398 441
168 217
138 437
263 164
16 493
164 227
71 105
80 109
190 191
174 34
200 138
274 301
259 158
394 439
342 445
68 283
66 480
347 73
325 314
287 67
281 220
167 471
191 317
304 157
177 85
124 372
93 339
408 157
352 394
478 204
342 370
479 334
436 86
354 148
125 368
442 214
389 365
84 83
199 9
42 116
56 426
453 330
263 192
147 194
288 58
133 287
149 435
255 425
223 322
207 466
88 119
81 428
111 44
184 363
440 144
450 125
366 154
422 360
78 31
156 457
131 169
498 235
341 102
1 435
107 202
39 4
140 167
78 382
277 37
260 415
261 94
252 177
10 135
493 6
97 289
412 413
202 346
491 216
78 287
66 277
257 400
474 230
18 458
276 380
499 343
123 248
238 148
479 4
154 192
49 26
64 486
172 468
228 461
246 164
218 425
231 18
70 484
309 46
423 65
238 188
240 465
218 136
213 283
499 470
214 200
17 228
160 168
260 246
251 373
177 428
101 185
314 345
412 420
251 497
262 41
81 272
23 342
195 80
33 103
415 276
160 365
175 373
117 41
285 356
213 112
499 272
477 474
423 293
262 15
376 467
325 76
172 246
436 72
155 217
437 393
192 90
341 365
61 174
34 396
91 164
109 102
59 33
223 383
190 339
440 278
371 110
100 306
423 13
412 280
374 296
192 385
12 3
453 287
492 251
188 322
279 49
56 252
301 430
314 289
266 272
411 31
33 126
388 276
228 230
352 92
262 9
491 299
25 329
268 468
328 461
212 125
410 176
288 228
186 423
427 240
150 344
397 42
15 268
494 256
470 60
14 313
51 328
385 68
271 21
247 181
474 208
366 379
459 194
176 287
135 286
454 427
15 252
438 183
50 395
134 101
444 437
78 296
231 348
441 1
329 373
58 359
388 371
46 379
254 307
446 165
276 99
441 366
235 320
405 313
310 117
286 165
39 212
101 278
493 407
187 483
0 241
367 336
10 223
72 389
186 297
287 483
455 342
99 206
93 56
290 221
443 74
20 166
36 500
204 320
14 290
441 217
417 41
377 227
222 153
69 215
345 429
90 451
270 265
206 210
92 63
23 89
313 386
321 247
138 448
454 218
479 156
79 77
127 212
291 177
173 108
20 153
451 156
459 490
98 282
135 190
337 121
248 176
183 135
61 375
345 225
233 471
276 2
443 142
185 219
248 260
352 177
177 24
78 339
151 336
418 284
306 50
107 363
360 440
430 186
228 83
250 266
430 44
211 164
383 0
390 260
250 48
437 227
463 166
259 493
192 375
80 408
50 166
227 476
192 470
189 86
415 174
470 323
500 33
231 126
23 377
260 169
384 16
444 65
189 237
416 58
26 254
101 81
203 338
258 185
141 393
71 139
82 325
44 174
131 459
441 186
313 425
231 193
69 266
479 189
323 297
376 363
297 10
338 187
343 112
444 447
71 425
82 358
193 246
294 81
364 259
48 46
413 46
246 207
450 360
459 144
367 131
375 171
378 457
470 434
298 321
237 260
166 473
128 38
346 388
97 165
370 421
148 275
430 411
86 108
210 132
172 223
149 249
467 103
385 263
118 67
289 438
9 91
24 68
365 279
231 11
286 139
371 162
325 189
350 394
28 80
236 237
346 350
468 101
202 393
449 285
382 67
493 223
8 197
458 402
155 66
442 67
141 328
332 131
165 500
316 53
30 434
426 58
109 127
139 303
428 467
398 224
148 371
236 378
311 50
483 131
251 455
146 422
86 477
349 30
242 295
241 82
468 126
393 95
305 338
186 262
347 89
125 225
312 60
394 311
113 399
437 240
446 332
118 32
295 165
38 468
265 359
182 99
431 101
81 81
366 85
91 415
425 93
12 189
138 466
185 69
383 226
425 52
345 301
332 400
214 297
137 401
346 19
454 217
454 37
430 152
366 238
192 21
324 474
431 424
1 337
49 355
86 208
247 249
189 68
119 404
497 156
453 467
406 424
282 436
250 482
31 141
137 414
69 94
406 413
154 345
232 29
280 415
183 36
44 263
470 242
233 289
409 168
185 17
441 73
451 244
269 486
432 228
167 271
469 183
134 194
442 438
148 111
64 406
146 17
102 6
406 237
203 445
11 493
460 129
437 273
276 199
141 7
63 112
369 197
57 196
114 88
431 131
44 378
399 496
2 419
422 209
77 162
306 75
434 224
432 138
378 466
10 26
99 163
213 315
172 403
47 438
185 116
158 25
116 158
303 143
157 9
115 439
330 224
364 52
130 307
343 221
157 316
82 317
404 100
467 456
55 180
45 234
499 423
407 47
101 306
319 5
183 6
121 289
319 42
64 214
25 344
369 224
381 23
263 488
408 214
14 30
401 285
101 11
432 89
136 475
222 319
44 170
258 232
430 48
2 169
333 328
342 9
298 266
378 500
338 234
435 277
164 350
236 364
87 392
8 231
390 432
47 257
382 38
118 464
258 56
229 228
493 327
389 465
262 425
60 200
27 428
62 417
192 203
296 291
61 252
407 371
141 39
486 80
394 412
327 500
444 84
188 146
21 336
58 53
75 149
467 468
24 376
344 472
43 438
491 270
185 142
373 453
342 287
319 87
214 390
143 186
382 461
170 348
129 362
180 442
350 230
295 327
87 336
188 171
180 342
30 417
479 247
24 463
53 499
353 499
91 82
49 441
238 493
84 492
44 498
415 480
65 282
275 28
347 316
452 12
90 369
427 46
420 300
169 163
393 487
97 60
37 360
298 118
150 74
62 44
401 115
327 221
118 489
291 54
238 408
253 37
427 270
306 1
101 252
432 223
451 490
24 441
62 261
431 45
372 73
351 176
208 53
59 367
493 199
441 25
462 170
164 91
116 446
154 439
57 497
227 115
474 161
117 14
336 326
329 487
370 454
125 261
28 278
496 338
143 95
192 296
301 415
127 37
477 312
191 363
146 455
329 292
313 5
238 78
384 314
361 489
142 233
281 316
39 238
396 82
187 461
214 484
62 484
192 399
411 493
149 488
423 29
24 332
367 308
494 167
264 20
130 234
120 136
432 51
363 251
177 363
420 197
353 485
419 472
440 323
262 115
99 207
472 339
4 244
484 175
280 180
131 205
418 303
367 176
112 452
9 458
388 375
447 60
32 387
131 85
207 234
4 338
271 340
229 252
286 364
55 438
116 415
323 425
181 35
246 338
345 181
493 230
242 180
48 92
45 125
421 399
314 178
335 313
100 382
9 59
396 435
443 173
68 365
159 409
145 4
247 44
410 379
208 130
153 499
323 239
299 258
323 72
196 65
188 166
204 190
429 419
295 74
45 379
39 373
241 367
335 498
316 123
388 287
324 401
146 497
56 92
303 270
144 187
405 82
26 459
469 237
85 340
381 478
15 16
288 158
384 183
401 486
376 270
248 479
493 121
236 175
98 297
486 171
324 88
124 387
221 482
5 498
286 160
473 189
200 239
451 187
190 494
199 233
217 321
433 324
6 274
168 178
351 256
313 339
258 9
21 343
319 374
27 123
104 6
367 233
227 32
12 408
392 224
26 169
22 22
186 332
421 496
98 58
364 16
19 343
27 328
441 98
104 129
254 272
438 172
290 362
457 82
59 439
387 259
364 19
216 198
17 324
165 16
174 141
219 410
458 163
24 79
97 283
479 446
35 218
193 242
463 323
285 247
294 356
72 145
22 452
388 153
391 308
256 307
175 312
165 22
425 497
469 253
433 237
314 316
397 202
159 443
391 48
98 210
276 75
81 402
477 479
11 420
175 11
286 218
361 206
145 474
476 102
353 223
339 69
364 270
125 70
91 57
259 449
116 490
451 214
65 431
250 313
312 46
188 389
490 203
42 471
392 500
350 363
364 78
464 259
408 393
313 457
143 203
321 338
455 248
170 172
195 184
447 392
243 170
249 389
135 33
421 194
466 408
157 137
362 170
260 125
326 96
385 192
227 261
330 316
168 435
341 399
15 127
454 286
75 493
22 484
472 458
442 456
94 376
437 353
165 177
243 470
242 237
247 176
205 41
497 199
351 473
424 302
145 212
280 302
336 443
118 199
102 496
76 245
314 301
87 308
53 360
399 310
365 330
463 45
299 388
142 31
166 41
83 347
247 34
331 494
239 289
2 141
44 296
104 264
11 50
438 69
113 45
225 334
487 132
351 363
491 367
267 490
392 472
53 492
255 264
138 55
326 367
218 490
57 263
151 459
135 141
436 468
107 45
263 89
306 317
470 379
462 208
226 162
397 144
257 127
480 267
377 385
481 401
91 346
462 481
193 329
12 83
331 21
166 34
264 341
444 145
447 417
245 220
303 231
149 125
113 314
492 499
26 236
91 356
91 248
330 400
396 28
390 78
490 255
160 145
153 398
353 435
198 171
476 132
282 288
273 16
35 217
377 107
70 117
426 167
380 216
391 366
445 443
320 291
328 475
347 152
66 112
206 53
155 8
0 282
153 242
392 276
340 44
119 123
328 394
478 225
204 482
241 30
447 243
113 317
26 254
30 297
380 184
135 319
210 474
167 80
102 396
403 258
409 121
305 263
180 172
433 164
334 7
90 347
149 124
365 476
452 369
271 298
334 314
129 331
232 26
61 131
382 263
450 317
421 276
339 85
216 68
282 457
371 430
359 465
177 6
401 38
379 475
298 301
225 451
353 213
51 123
150 41
110 156
300 232
177 331
369 465
167 244
27 218
293 81
71 303
335 103
493 27
110 2
493 6
241 116
75 332
15 210
240 74
212 158
18 403
170 91
153 192
432 403
43 467
363 271
302 171
421 147
222 15
240 384
55 460
175 210
114 1
432 358
236 225
284 234
414 38
435 467
88 0
5 296
134 264
151 287
1 83
83 237
435 110
386 79
399 38
392 74
371 494
297 349
363 18
27 91
198 261
382 191
454 96
390 408
42 358
457 430
300 69
95 405
364 286
259 356
135 458
76 165
117 465
10 194
456 53
325 159
116 29
393 129
467 422
32 162
465 372
258 26
197 21
177 236
83 297
296 206
239 84
438 73
263 480
161 116
74 269
265 7
77 115
73 140
281 438
333 210
305 107
384 354
361 79
136 305
486 31
323 304
5 115
441 102
43 371
83 444
442 310
358 329
494 125
458 256
434 283
78 334
381 319
349 216
398 149
284 496
155 138
232 285
235 200
448 496
471 49
226 218
119 363
439 454
462 25
291 75
401 493
481 254
290 392
410 252
402 38
367 267
403 202
471 241
186 290
108 397
283 258
63 180
35 228
216 85
143 125
454 190
61 196
478 376
27 21
434 275
294 216
209 203
459 266
281 450
303 298
114 5
299 201
271 30
339 489
297 275
454 169
157 98
247 14
445 42
247 436
328 298
232 75
91 440
461 476
137 168
495 88
288 199
182 456
38 170
442 362
48 318
6 224
486 140
7 145
411 110
11 89
356 469
183 333
387 185
94 410
278 12
242 59
392 192
447 12
352 426
187 2
130 378
454 224
108 295
160 412
98 227
76 274
14 166
372 48
323 436
185 28
189 184
178 94
329 315
182 467
208 230
48 355
3 57
116 201
260 113
259 193
232 173
384 180
28 215
22 260
154 163
149 445
451 83
230 455
142 29
495 28
26 197
135 373
406 300
62 74
250 183
32 301
38 402
480 267
95 155
173 89
334 74
435 423
482 284
283 418
499 416
58 456
498 116
70 343
26 136
465 181
487 59
110 260
9 489
335 223
229 461
161 476
248 53
431 179
329 105
385 274
335 451
477 21
85 50
461 392
114 205
218 365
163 491
339 15
426 189
4 50
1 307
334 152
118 97
149 355
396 494
115 120
491 192
429 120
417 261
423 459
252 194
347 109
23 453
429 346
136 79
345 165
24 231
361 363
179 0
7 248
263 339
352 97
229 78
409 162
5 75
37 477
208 306
45 21
460 283
448 474
35 288
71 243
485 341
479 79
138 38
90 373
25 152
1 226
440 73
37 400
70 463
448 123
251 289
434 88
481 74
465 417
237 200
255 408
130 241
76 328
179 206
44 162
493 381
103 441
208 319
180 344
304 114
65 296
410 483
438 343
13 413
417 418
242 474
457 250
51 493
139 23
57 57
103 263
8 166
7 23
340 203
225 364
196 299
161 101
287 193
22 153
303 327
399 388
131 352
17 297
382 211
223 219
363 196
43 350
406 414
67 371
193 389
429 424
24 33
353 182
82 131
102 342
37 2
219 267
338 372
41 497
297 226
241 66
330 445
151 361
160 385
233 153
279 468
228 117
400 203
346 56
198 396
437 153
217 457
195 103
375 277
335 442
90 201
259 97
179 442
144 207
38 31
461 229
366 448
170 267
192 127
108 104
393 62
30 73
405 94
361 290
354 288
63 484
101 246
268 1
249 321
102 153
200 291
471 401
327 7
498 184
245 243
128 482
477 263
39 135
312 178
76 440
254 20
133 485
148 11
463 77
315 453
203 418
451 184
430 242
23 145
395 390
233 315
26 373
335 363
217 403
386 295
349 95
354 424
474 29
54 150
63 435
378 14
20 272
108 255
430 162
407 140
201 51
7 362
399 114
28 117
57 453
282 192
310 4
125 407
337 486
138 12
214 166
473 419
96 332
42 388
71 48
300 2
136 399
470 312
72 317
87 220
265 42
176 109
240 169
130 42
72 245
1 66
431 219
481 3
497 197
449 29
292 266
286 305
493 398
175 488
203 452
390 499
426 472
42 392
177 364
0 220
303 409
99 218
487 439
358 232
304 259
254 263
203 235
104 233
422 461
448 254
362 146
465 261
336 143
442 285
178 88
274 225
233 368
386 259
249 134
201 319
105 374
244 474
133 483
428 11
450 479
337 324
233 276
135 190
65 305
437 98
205 377
379 218
418 319
340 126
304 299
141 368
88 263
266 480
441 135
164 382
7 474
359 474
152 450
297 353
272 70
292 303
231 424
178 197
192 114
232 174
318 455
367 293
230 111
404 130
289 463
365 156
445 468
82 277
18 87
193 313
168 152
298 398
360 87
209 297
48 6
201 13
146 148
458 75
184 261
57 49
268 40
73 196
191 468
28 121
474 30
407 354
169 58
94 335
33 289
224 202
71 458
427 357
348 245
241 89
408 249
352 122
26 359
46 83
480 186
424 483
433 214
498 163
178 489
125 199
335 282
144 208
200 320
473 465
402 169
24 88
25 276
173 298
349 312
419 361
347 416
347 415
136 217
321 275
128 471
195 196
78 246
91 452
358 116
453 133
247 212
310 385
348 285
451 388
78 4
223 459
28 439
181 8
432 309
334 16
357 164
0 300
320 470
114 171
216 1
90 263
498 286
352 156
303 173
296 371
69 397
46 412
456 15
98 397
89 264
86 343
119 467
28 5
423 403
325 340
275 352
237 173
84 220
157 54
365 148
275 101
96 316
478 292
135 490
354 445
125 220
69 322
412 198
56 97
187 118
435 232
15 202
418 107
1 136
328 32
126 350
217 315
371 279
285 117
461 100
53 245
487 250
195 28
46 304
197 60
381 197
436 123
37 166
77 276
186 209
404 446
77 310
278 497
184 454
48 41
358 441
489 23
212 487
242 9
276 119
313 434
195 417
13 208
27 278
472 112
327 186
203 148
335 303
6 223
183 220
209 433
422 119
94 198
125 494
100 405
446 251
24 203
275 169
163 158
284 258
478 119
151 211
366 79
225 497
257 116
91 439
268 248
49 395
83 56
376 182
477 138
375 61
27 382
171 364
203 349
461 52
295 136
436 305
423 121
344 18
448 272
228 0
428 328
22 108
278 381
66 67
361 62
385 433
442 156
276 341
436 32
174 67
466 436
69 126
428 320
190 391
165 143
16 312
473 332
459 291
244 59
218 11
80 291
334 335
441 434
6 402
179 200
391 112
356 95
310 382
65 122
348 297
43 272
227 482
358 12
211 429
356 228
322 353
417 29
266 392
459 102
477 300
137 225
226 116
78 287
224 91
308 441
336 373
138 491
47 489
169 494
230 154
118 344
242 5
32 314
108 406
450 57
426 235
435 352
364 180
227 26
348 284
389 71
24 140
90 496
283 100
213 65
425 326
282 132
65 450
26 240
372 378
166 255
480 15
55 60
390 325
246 45
37 476
217 93
63 445
388 134
116 325
210 128
238 122
96 215
288 23
472 66
214 279
285 498
109 6
400 194
406 321
482 172
145 38
464 385
345 464
7 199
433 451
469 205
449 487
151 101
86 405
434 403
395 150
269 284
366 210
82 437
360 120
317 472
236 250
212 492
166 191
140 191
393 225
4 412
494 177
46 203
181 421
121 202
459 173
12 47
93 356
399 229
348 307
191 249
441 306
272 341
11 458
494 21
195 71
11 254
237 175
131 452
379 315
489 92
266 469
477 124
118 204
13 280
356 240
211 382
489 189
271 195
414 61
34 209
393 430
110 434
153 446
318 409
389 435
499 175
330 405
160 367
363 167
373 118
389 332
119 270
37 127
343 65
415 274
462 308
54 374
348 248
77 145
152 370
320 472
173 410
362 493
73 245
211 326
193 380
457 110
220 47
273 224
387 378
334 119
34 485
105 434
96 277
5 458
53 204
178 464
29 448
249 4
399 234
333 310
193 44
461 120
9 299
487 265
236 93
39 232
173 248
426 391
113 107
301 491
117 58
480 286
184 121
345 465
296 175
12 193
475 79
199 278
397 59
245 303
207 327
354 478
214 289
33 87
462 340
208 307
456 264
453 299
337 407
64 390
256 181
38 219
246 54
179 344
37 51
41 130
84 269
375 46
474 280
190 266
390 273
226 309
457 83
150 90
190 173
12 323
56 15
386 256
285 464
168 321
390 119
61 90
405 97
351 236
338 166
226 488
406 373
77 126
372 271
276 476
246 448
92 175
218 298
192 146
39 2
94 371
463 296
194 318
51 334
381 473
173 402
240 31
228 272
238 136
104 114
95 254
331 112
178 103
342 182
290 280
406 481
84 499
420 266
361 306
431 373
53 160
7 127
383 237
279 9
160 495
348 191
8 51
81 242
362 50
378 479
489 62
128 151
67 462
196 135
306 411
73 368
74 52
144 383
314 482
366 428
377 188
140 421
440 457
449 157
304 383
9 372
451 216
222 128
230 329
15 479
180 215
155 205
137 278
201 331
455 367
348 414
107 289
32 493
320 35
197 480
341 370
432 94
497 109
364 289
257 424
500 30
104 432
280 174
211 190
137 242
69 240
216 70
228 421
35 450
21 223
254 219
140 173
402 152
265 304
105 84
351 469
103 328
109 150
69 139
414 282
432 102
181 15
479 174
457 252
381 362
338 489
164 355
367 256
297 488
294 443
494 53
485 116
169 280
479 469
488 8
331 292
36 229
275 340
207 248
401 356
146 386
489 40
104 80
147 39
289 57
229 159
339 406
250 101
71 299
285 266
65 160
187 113
128 428
309 445
400 12
259 27
125 188
115 126
25 478
20 148
35 13
3 390
8 331
433 322
71 391
438 370
8 478
107 274
78 332
287 401
250 489
370 137
19 254
293 10
38 132
219 59
228 494
416 59
257 204
279 348
86 143
166 237
82 424
437 24
374 3
484 169
353 71
378 389
120 433
139 490
99 167
124 23
172 125
148 473
443 49
65 197
292 5
61 341
306 103
399 21
488 483
365 111
380 477
278 164
352 60
149 15
328 180
62 499
485 177
461 457
347 234
142 440
106 228
356 143
346 212
310 380
75 118
390 183
499 189
413 52
74 300
191 175
236 117
355 29
89 160
345 137
362 14
307 431
157 351
243 445
183 480
128 28
119 455
122 88
67 122
391 137
34 487
22 362
279 184
497 348
43 193
297 229
133 156
455 46
52 113
40 445
34 105
2 445
6 31
364 155
132 3
173 218
8 461
243 142
334 394
479 11
324 419
303 81
472 300
35 106
128 341
27 395
384 458
255 473
258 110
64 38
137 229
352 308
478 58
152 271
465 146
362 464
194 476
499 91
251 466
301 13
117 98
453 131
474 136
33 2
79 390
484 486
151 354
139 385
257 280
416 153
263 230
231 443
221 64
304 466
371 86
73 376
365 67
228 177
84 24
422 386
134 490
43 154
142 452
4 4
456 327
494 304
46 53
133 333
41 223
480 14
402 134
67 46
367 61
86 47
426 100
359 321
197 383
169 242
376 278
232 62
254 157
1 62
387 260
443 208
212 393
433 100
169 148
498 461
68 405
426 220
448 149
286 111
284 264
31 229
10 481
261 20
34 171
136 222
365 494
467 488
150 239
126 223
255 91
269 54
462 309
453 194
307 359
292 270
493 365
34 421
202 166
242 277
396 421
285 276
341 325
402 431
259 45
291 257
232 109
123 310
34 85
50 40
155 368
370 149
60 463
369 162
215 77
416 242
424 263
490 437
366 127
237 404
418 231
388 417
246 346
356 401
47 251
333 444
308 27
150 469
189 366
489 230
199 52
273 289
55 256
113 114
413 30
76 464
233 290
273 313
405 445
315 456
420 174
290 165
133 31
179 241
110 83
387 74
413 416
361 258
52 35
339 355
47 93
344 216
202 377
268 343
268 219
153 417
256 488
324 442
415 146
61 181
457 153
307 350
130 243
435 374
481 35
412 337
100 351
199 104
132 234
179 422
168 38
407 416
28 146
337 408
455 433
133 333
345 429
389 367
8 490
293 199
44 68
493 453
109 469
300 6
359 403
131 219
299 320
389 360
411 206
61 411
136 180
332 366
467 199
385 62
370 42
29 59
334 71
384 41
116 112
355 465
286 273
2 351
464 412
324 111
417 404
205 344
156 231
25 360
368 380
16 164
253 368
493 446
225 89
495 197
56 443
275 368
41 203
148 176
225 425
405 130
66 321
394 233
343 274
464 294
320 483
290 45
264 123
459 134
298 298
241 484
209 206
24 327
364 49
410 117
79 390
388 337
449 120
490 270
338 189
228 426
160 68
110 484
291 431
7 459
311 410
266 107
427 35
424 149
366 30
263 240
38 39
244 366
430 212
449 72
261 185
72 295
291 225
168 215
364 272
231 468
265 175
200 446
64 79
431 439
152 394
428 372
250 484
162 462
24 385
79 47
446 438
378 61
498 180
141 278
2 224
55 227
130 308
412 47
336 417
6 477
43 360
218 156
354 161
361 197
307 365
98 478
45 451
235 104
270 20
22 64
261 21
142 95
460 61
136 129
309 291
88 338
259 358
111 311
471 51
188 285
403 387
368 122
283 171
254 382
111 147
343 31
63 258
92 196
168 188
400 437
163 90
488 21
358 35
128 50
45 251
411 47
6 171
326 468
153 224
353 423
118 263
466 109
376 72
321 361
135 69
206 301
140 474
295 271
318 358
162 432
432 371
289 84
315 129
30 339
237 198
132 467
170 233
238 378
353 88
174 39
209 10
434 177
385 146
0 240
353 491
103 45
91 29
249 94
246 119
309 282
223 78
451 141
189 51
297 220
385 288
256 496
30 467
161 72
279 177
463 55
285 296
193 382
262 413
161 354
130 361
434 66
203 71
374 307
255 442
486 310
116 356
411 60
495 181
96 274
260 102
384 426
19 2
441 328
151 152
176 81
154 247
206 69
184 492
371 118
111 105
198 421
350 203
307 490
84 24
414 138
273 14
359 177
130 344
260 136
199 349
93 281
185 146
270 116
47 449
264 65
127 49
40 229
357 117
227 186
450 333
84 86
416 44
367 88
206 366
258 3
368 370
221 488
71 209
93 285
432 320
130 330
85 20
87 81
434 253
324 113
5 335
99 334
366 242
444 293
491 407
85 359
383 315
327 25
41 15
411 496
8 171
211 326
211 60
125 368
39 399
423 388
309 326
345 39
222 435
300 446
267 88
238 27
70 118
392 41
171 13
453 155
408 317
491 258
115 271
495 464
120 118
342 179
231 450
283 484
19 284
316 282
227 23
160 127
481 453
295 385
222 200
240 18
259 248
38 119
479 498
439 263
113 198
255 41
37 28
316 99
465 296
44 272
113 401
131 162
192 0
272 57
202 93
167 248
493 34
178 382
446 367
459 491
177 285
341 57
208 297
382 233
304 0
243 488
141 225
225 383
341 483
441 223
198 5
43 492
336 129
179 192
29 35
424 486
358 411
39 325
460 495
248 63
157 178
205 47
99 262
265 80
260 435
448 357
283 73
31 482
113 197
262 247
413 477
53 313
354 140
442 216
393 289
256 280
164 1
135 304
436 185
76 33
181 411
365 431
74 101
472 267
103 69
146 370
29 441
268 155
78 245
47 460
49 96
1 280
108 421
98 404
2 100
36 32
126 256
233 184
351 272
227 400
408 52
263 189
130 164
365 63
434 222
42 497
172 19
352 100
53 85
39 357
232 124
256 463
236 189
104 142
80 404
41 495
387 23
417 144
421 382
432 429
150 200
303 353
363 290
486 216
384 143
489 230
288 82
38 321
18 158
412 499
492 148
152 40
72 151
281 491
315 133
27 4
498 292
250 223
63 185
14 128
500 449
402 308
282 333
149 445
230 469
397 472
210 126
47 147
55 174
262 497
283 160
447 244
200 311
128 338
253 218
334 105
18 488
334 278
265 285
15 291
154 414
292 171
117 46
149 72
236 101
10 28
471 156
265 465
176 403
162 211
297 284
42 488
57 224
486 308
366 99
129 250
145 146
374 155
402 106
187 455
342 182
296 204
462 86
215 372
55 43
157 53
298 487
25 480
344 109
185 348
124 489
227 498
2 78
428 155
158 343
496 171
250 388
281 218
151 172
224 360
237 217
45 423
274 365
335 268
8 339
369 43
419 298
59 478
455 356
59 47
191 321
310 6
250 340
187 409
340 306
114 77
335 316
70 249
390 302
408 435
169 208
82 465
375 255
105 162
474 456
221 330
424 70
495 471
288 66
376 72
446 37
139 257
286 17
263 171
98 405
170 85
441 329
260 122
191 143
187 144
176 111
381 101
249 9
487 118
480 277
124 115
112 101
260 378
342 291
13 217
175 436
87 118
454 196
439 194
83 273
103 188
106 404
441 179
299 360
381 328
378 460
412 436
82 226
409 98
316 222
318 180
378 209
169 318
287 102
272 210
125 462
137 115
205 419
242 74
269 230
420 179
226 402
283 448
294 12
150 26
441 420
1 361
293 117
158 355
465 200
481 218
141 373
260 82
465 294
44 484
405 304
13 370
172 74
231 407
207 137
179 177
145 487
51 225
348 25
63 201
226 41
33 272
286 318
321 259
265 410
227 112
1 408
414 457
78 107
130 162
340 14
141 365
73 339
446 420
417 178
109 123
216 7
294 434
163 430
387 267
188 43
485 406
286 414
32 442
403 236
481 257
69 46
129 86
223 364
328 200
494 465
389 177
90 307
345 9
343 462
245 259
14 438
223 237
103 482
332 328
114 229
341 210
388 103
481 175
157 43
106 414
288 274
374 101
467 298
119 493
445 197
6 428
67 104
446 17
13 18
111 441
174 401
431 492
492 184
332 316
143 41
291 104
387 342
406 437
324 142
72 107
16 186
491 302
285 71
462 450
81 155
331 18
367 210
164 322
52 137
296 331
304 495
292 430
422 462
82 138
243 121
33 120
254 136
282 401
2 164
420 194
68 270
463 495
494 21
361 233
410 35
25 241
489 95
115 187
389 453
200 198
482 202
369 411
421 223
45 5
212 38
258 257
27 409
327 69
42 140
97 343
490 486
243 280
348 332
22 155
253 137
484 284
396 334
427 345
344 222
192 286
310 440
204 247
88 155
411 220
294 248
70 349
110 122
185 239
372 55
174 213
438 121
129 17
311 486
72 390
492 403
427 281
91 464
97 394
166 88
119 70
318 243
51 327
402 51
420 228
109 461
286 135
498 436
386 123
249 418
483 486
188 239
356 407
89 94
115 100
159 55
133 177
49 333
458 144
377 333
113 391
265 273
140 53
54 4
60 71
208 3
6 250
229 380
151 491
293 332
358 411
56 318
302 46
66 23
91 405
84 489
86 444
116 129
99 68
403 494
457 444
404 269
202 459
474 359
190 408
96 177
242 389
164 146
265 361
485 189
435 266
409 305
79 477
28 408
394 460
382 298
373 292
233 364
292 39
493 48
272 164
71 297
394 346
49 392
271 154
139 411
415 473
118 83
314 326
193 336
324 104
228 405
381 268
182 257
288 99
13 200
295 56
258 56
236 135
88 314
304 391
200 305
29 162
30 259
320 140
479 482
432 319
197 167
282 408
305 301
86 65
302 6
10 101
21 299
453 397
222 136
300 427
426 228
295 364
150 383
475 300
358 128
59 20
102 356
90 96
376 239
399 330
160 147
254 172
466 488
278 444
184 236
203 97
192 338
101 411
321 186
209 438
52 325
260 260
371 415
133 221
10 292
71 168
98 335
402 70
157 236
234 90
229 166
111 330
157 309
249 154
110 41
242 50
479 441
17 392
429 430
306 156
368 454
398 229
106 236
157 256
83 461
385 182
43 253
351 363
420 98
196 296
302 62
444 463
344 485
218 434
458 191
4 153
189 21
293 467
452 236
138 256
303 38
166 197
431 168
497 452
187 76
492 27
262 440
324 208
52 178
97 45
305 308
77 8
162 415
259 364
454 59
468 341
371 414
428 217
493 125
465 401
134 211
46 167
157 442
86 453
474 207
73 112
471 356
125 203
17 271
91 447
423 331
99 350
421 321
335 357
395 332
24 109
498 200
105 293
230 19
377 448
28 246
411 87
496 51
217 464
258 81
268 87
236 200
440 345
278 420
100 386
233 63
161 222
335 236
436 49
291 467
87 48
234 148
304 410
348 406
337 449
155 184
25 24
346 28
13 169
134 357
371 403
87 120
228 175
167 125
142 217
400 314
446 3
386 123
205 108
377 23
475 24
128 367
243 445
255 242
59 89
417 101
260 405
57 494
181 488
330 274
372 253
461 156
294 409
217 427
207 461
112 301
325 169
443 310
35 268
100 486
333 384
352 236
392 499
490 113
345 406
88 344
276 80
180 445
117 4
60 25
130 426
427 253
85 319
302 117
450 153
316 330
131 215
457 452
290 383
71 448
485 203
128 103
236 63
346 378
369 267
219 489
289 409
499 208
191 143
360 462
86 64
142 140
203 264
288 272
424 212
433 497
345 130
318 240
351 74
442 439
339 365
175 395
313 398
466 244
443 490
251 154
151 433
484 81
387 80
321 58
268 469
351 308
85 467
344 258
265 4
262 395
114 337
149 153
342 485
81 136
41 381
110 63
344 71
296 429
282 330
383 319
129 372
32 320
228 485
259 274
202 379
21 444
304 134
125 69
11 300
446 329
203 61
114 122
493 87
175 436
487 214
478 259
199 499
491 454
223 169
0 187
490 214
60 24
66 374
316 301
129 329
142 44
30 226
24 16
384 438
86 344
177 417
200 100
318 99
18 178
116 187
5 284
118 344
75 407
244 153
500 63
281 446
286 254
222 437
380 395
422 315
374 221
73 267
412 12
458 251
249 192
432 388
194 238
373 115
220 204
226 241
270 384
283 137
406 449
474 141
65 187
111 357
457 103
106 496
113 331
102 15
27 242
302 346
213 412
22 148
238 480
296 108
226 72
181 464
442 9
477 174
470 450
117 434
494 445
150 463
371 492
68 483
153 446
94 381
154 102
416 395
347 82
466 71
98 481
321 118
108 221
77 236
124 312
349 367
143 227
38 103
132 203
487 329
269 300
398 444
276 448
403 391
490 219
423 11
418 456
454 411
69 500
224 45
366 41
249 65
308 289
91 43
291 112
283 175
134 34
126 247
446 49
477 355
30 440
187 162
371 158
415 417
267 432
223 3
104 161
363 116
435 314
402 406
218 240
230 285
60 192
149 268
173 445
44 155
325 11
435 399
168 143
227 12
0 232
194 28
29 140
411 203
222 233
170 227
498 91
310 196
116 317
221 358
213 256
226 222
268 256
340 51
347 165
333 437
401 101
199 84
345 204
347 268
372 398
160 128
324 355
106 223
40 283
415 250
455 43
130 312
165 118
500 37
49 126
301 203
90 122
303 10
286 352
181 148
2 49
119 401
212 18
221 370
84 238
189 88
149 472
5 179
427 324
5 430
347 117
282 14
152 457
460 274
26 451
377 463
298 294
88 15
228 204
26 151
108 230
125 204
339 141
208 111
292 457
144 354
223 10
112 337
188 483
136 277
357 274
190 273
438 122
105 273
308 16
111 369
362 293
423 187
321 67
79 155
2 179
168 270
428 425
349 80
93 453
458 412
478 51
208 153
302 474
489 427
494 351
127 227
443 253
254 161
106 150
297 263
476 426
255 196
294 225
223 322
10 427
14 430
195 67
70 345
281 57
369 77
10 283
268 432
80 126
149 213
462 276
346 29
237 15
163 356
163 401
205 334
492 246
413 222
434 70
223 364
5 358
249 404
495 467
231 123
276 305
298 31
54 253
224 268
376 157
443 171
150 340
233 148
325 28
149 191
167 113
337 445
137 278
459 266
459 67
118 89
235 91
59 300
113 483
252 245
349 380
312 234
461 196
482 338
446 439
485 144
215 465
448 17
337 438
160 344
35 76
263 60
413 279
49 297
319 63
274 64
187 368
318 331
496 320
206 266
384 206
191 318
273 169
197 229
336 243
34 26
432 78
489 352
126 78
319 74
429 309
64 469
47 11
262 343
211 117
117 247
5 320
4 187
275 192
301 182
196 206
20 4
87 142
448 187
70 150
164 184
83 94
103 184
492 477
11 442
64 220
126 130
133 176
27 26
197 143
97 238
192 303
22 293
257 376
464 180
14 208
487 346
77 384
66 480
204 99
286 28
279 277
57 241
136 87
233 183
285 185
377 96
202 430
247 136
396 278
438 220
362 370
330 43
239 341
163 154
144 293
190 28
288 369
11 144
340 476
439 468
132 468
458 323
285 268
208 16
310 123
171 474
396 291
499 429
374 285
96 272
296 273
326 130
100 333
473 214
4 249
416 73
340 484
40 194
387 148
413 275
485 216
409 339
193 369
94 265
494 207
400 305
364 492
330 88
128 219
158 31
68 213
248 208
82 75
230 75
99 84
427 108
37 466
432 237
14 434
219 127
329 228
5 359
493 169
260 345
131 26
130 429
136 358
191 121
7 440
92 65
312 347
476 472
156 500
39 219
65 499
124 190
142 294
123 317
391 465
359 398
138 68
61 361
355 282
2 405
299 382
496 106
348 140
200 339
238 114
189 109
67 90
482 15
328 119
351 417
365 23
279 325
355 34
375 3
356 418
109 90
92 117
146 188
451 327
396 155
65 302
349 125
399 258
9 449
321 26
466 18
38 282
59 178
134 87
178 404
182 391
179 466
307 238
268 482
18 430
393 209
206 143
441 238
461 466
206 124
102 129
236 231
369 381
136 231
93 415
2 423
337 347
10 218
320 447
112 206
217 102
108 193
407 401
78 178
36 178
203 341
474 179
344 429
291 256
363 79
438 348
353 296
296 437
170 152
412 358
318 178
139 393
482 497
78 250
156 337
114 256
474 368
381 149
371 372
36 52
450 458
60 375
90 89
272 133
96 373
334 404
344 399
96 456
242 18
431 295
141 158
323 251
38 453
446 268
479 239
159 333
364 457
410 443
146 331
316 242
38 120
153 320
101 392
48 411
71 151
8 461
155 258
482 388
412 268
95 289
405 373
202 12
348 126
267 436
420 426
185 435
287 11
117 37
159 141
189 239
118 483
354 135
95 128
75 97
438 452
348 110
403 40
155 422
411 62
489 188
490 147
41 314
62 464
255 23
72 436
361 299
456 206
234 266
373 442
322 266
228 417
273 139
13 98
112 448
500 345
472 482
260 172
259 265
118 149
415 229
116 14
27 383
91 355
279 110
167 333
342 115
244 298
304 364
467 225
141 225
338 305
253 137
243 45
341 154
474 3
38 412
342 396
245 102
350 483
66 223
345 251
163 183
352 143
280 200
159 226
330 465
41 146
181 380
391 221
292 239
194 476
312 116
240 306
298 160
226 146
256 294
487 231
112 486
256 306
387 363
195 351
20 478
38 261
209 426
469 436
493 174
324 328
323 153
467 141
231 8
58 79
464 314
79 90
179 141
482 246
141 476
396 102
4 134
411 186
209 381
350 199
23 305
479 105
383 324
472 152
442 419
464 48
100 299
404 413
85 398
100 117
98 309
496 390
423 350
322 457
428 489
214 46
157 388
391 370
437 116
199 310
424 159
460 89
295 24
437 61
468 344
257 341
451 249
334 106
169 351
87 292
367 345
208 220
52 255
434 430
100 158
149 385
181 275
420 416
65 90
267 94
482 406
234 103
328 306
478 103
322 160
108 191
330 323
254 183
297 432
120 417
270 490
124 154
392 269
191 24
380 377
267 220
430 351
283 146
169 395
332 452
433 375
319 115
116 380
475 341
146 325
251 500
420 135
182 334
362 278
63 44
397 187
250 389
92 51
211 117
407 361
370 1
394 128
142 186
95 291
285 193
151 231
447 235
236 124
103 36
52 71
81 251
42 7
116 63
128 72
417 122
173 380
9 1
84 5
4 431
452 216
336 45
119 30
361 159
476 314
220 71
334 205
321 254
285 499
286 84
197 460
374 266
377 376
228 142
143 379
393 7
21 242
190 287
169 181
201 493
186 392
52 497
143 421
240 317
326 260
112 246
197 84
53 140
53 335
341 292
455 146
147 352
92 199
169 111
22 182
2 3
403 262
133 201
274 35
19 229
476 265
75 230
274 308
110 265
482 486
249 243
332 11
35 62
249 393
95 455
316 229
191 190
250 222
443 2
301 248
276 102
338 475
83 438
195 498
125 172
173 337
390 390
387 281
471 307
264 395
348 140
106 324
134 285
379 347
117 375
25 166
25 127
171 191
20 148
498 388
318 174
259 156
117 23
122 168
76 68
265 250
81 237
219 270
33 108
212 169
367 344
194 150
120 77
212 322
56 460
118 483
238 117
3 414
12 383
439 328
375 251
368 5
255 236
290 12
337 41
447 52
224 182
14 250
253 445
55 96
381 82
159 323
237 128
182 97
65 359
215 252
26 483
470 136
198 43
203 87
84 97
354 422
448 230
303 300
342 290
215 321
181 23
418 95
111 387
351 469
469 415
279 453
237 339
400 94
161 441
294 280
464 466
104 44
429 489
468 162
306 461
483 120
272 464
332 85
368 338
466 303
289 375
216 128
73 425
173 319
195 65
255 317
456 431
297 454
248 141
328 490
237 351
394 470
293 278
11 443
161 166
320 159
174 216
61 1
491 277
363 177
386 195
328 303
20 252
416 182
274 284
41 415
494 335
336 215
209 157
156 162
484 352
64 209
379 383
91 312
461 307
448 180
411 173
491 272
436 255
99 160
491 170
206 22
28 223
183 259
247 222
492 69
412 359
345 383
403 258
472 127
357 319
158 209
453 53
165 107
123 460
30 362
143 181
458 419
71 50
95 12
215 158
250 43
329 145
112 450
302 21
27 252
321 400
287 71
358 311
438 99
71 252
397 367
192 95
395 68
101 205
145 344
341 252
198 403
490 409
331 253
287 291
194 261
72 124
316 219
110 452
450 211
70 8
155 376
463 84
51 190
375 280
21 199
112 190
204 139
270 374
290 455
110 316
12 232
22 443
298 82
329 305
340 360
138 446
85 17
62 79
261 352
446 61
399 185
323 198
111 334
84 69
293 474
295 81
266 178
301 371
17 31
454 342
18 38
461 447
243 164
422 239
464 311
399 322
330 9
468 23
317 368
398 273
360 205
496 71
233 46
1 451
264 304
240 326
327 330
470 322
53 290
308 391
303 190
123 356
260 166
120 239
466 439
332 205
132 446
283 364
203 238
293 263
193 286
376 257
225 7
497 86
356 165
396 285
54 199
21 348
149 312
52 415
215 332
284 188
376 98
405 388
486 213
183 71
176 276
250 11
444 396
60 40
201 9
151 249
288 209
348 13
398 149
383 228
334 464
201 450
439 434
324 96
119 317
207 325
333 156
476 115
24 169
123 364
287 141
74 251
239 347
186 72
337 228
124 194
339 56
177 110
229 186
96 396
213 130
402 143
443 255
376 204
321 485
29 266
33 244
345 20
23 4
321 361
193 194
80 348
287 437
301 9
19 31
83 483
137 94
219 365
34 437
273 183
470 34
272 308
210 477
25 234
12 19
407 291
76 447
98 339
190 28
77 130
300 354
89 348
92 367
91 350
119 406
232 281
265 151
55 445
207 239
102 292
394 122
267 262
27 341
77 333
413 341
387 209
45 99
130 264
9 257
280 149
62 411
67 488
184 116
372 334
287 166
127 121
181 202
498 19
169 331
392 58
498 74
46 59
339 285
325 355
91 493
142 388
243 100
479 163
12 169
499 20
387 348
367 433
390 220
328 100
68 476
217 168
52 467
155 221
200 416
451 422
235 404
380 348
87 198
236 381
478 394
5 335
286 47
183 366
281 29
2 424
324 34
322 367
2 413
261 150
27 394
24 441
287 489
412 439
72 124
269 477
383 448
479 134
194 53
193 82
88 190
315 24
300 346
115 142
369 55
127 444
319 33
91 300
148 231
218 271
428 423
337 441
338 97
124 324
355 269
250 304
252 53
64 459
24 263
228 428
441 343
194 465
324 126
127 253
341 120
179 270
373 479
420 400
238 242
309 227
399 219
246 48
308 315
96 172
320 304
246 460
234 275
434 323
349 269
333 194
17 95
125 414
81 148
118 403
88 396
68 288
220 439
80 130
345 433
460 350
33 346
114 483
455 476
440 269
155 318
461 242
126 66
330 0
491 305
377 173
109 18
230 15
104 418
353 20
303 334
47 237
215 129
275 117
290 44
1 247
397 457
262 144
387 390
120 376
394 53
145 432
64 98
412 462
482 52
317 13
200 388
15 319
26 132
377 191
418 292
145 435
147 404
114 266
145 347
473 368
399 151
181 414
498 253
379 133
199 449
277 121
169 115
335 39
497 415
451 63
426 405
148 391
25 338
201 75
497 103
273 216
167 132
73 323
176 369
167 168
267 210
486 156
53 266
210 49
355 190
203 126
78 162
235 419
59 265
319 425
175 163
307 347
156 70
214 387
62 455
60 177
241 103
435 196
20 258
60 47
157 55
484 460
257 119
127 211
179 13
25 492
175 298
75 80
482 166
140 73
53 249
146 325
191 486
344 285
136 297
291 327
214 283
93 401
54 179
402 255
55 204
500 347
30 15
301 271
494 401
292 448
429 349
225 32
224 159
400 265
361 46
216 329
79 302
478 444
379 268
39 131
280 427
222 234
125 295
72 446
143 403
252 331
101 56
493 324
33 375
17 339
151 258
284 181
38 287
397 174
352 195
411 63
374 254
196 258
126 107
239 36
491 279
360 382
138 437
437 461
19 198
298 102
348 216
121 477
412 255
109 285
395 28
344 2
142 79
412 35
54 165
313 314
39 119
39 147
397 238
322 208
497 335
199 185
381 370
444 436
296 171
188 390
439 158
349 45
339 95
450 466
397 217
50 57
211 368
316 294
274 132
334 477
112 403
145 465
424 467
175 379
216 10
239 237
149 37
1 414
374 248
182 23
203 266
86 471
381 269
177 8
198 330
230 265
107 343
435 289
444 398
0 480
384 147
371 236
125 176
49 407
67 295
196 248
253 93
359 381
36 41
81 91
345 343
322 116
494 257
488 479
179 82
312 426
180 339
77 50
104 487
402 54
33 104
0 172
23 282
291 137
68 154
326 0
238 260
172 84
78 350
287 403
241 130
146 473
443 53
299 196
422 129
323 166
135 3
181 440
253 89
31 429
144 216
308 52
373 113
342 470
220 66
214 234
356 284
192 435
241 139
297 343
431 137
337 98
155 427
87 370
79 110
88 52
16 14
188 63
369 18
183 31
18 471
358 122
364 464
301 219
500 463
405 1
169 404
168 167
217 295
247 182
47 68
24 255
341 308
223 47
81 109
117 436
490 61
393 128
90 122
279 281
46 477
474 294
444 240
120 364
116 333
256 329
353 189
96 239
159 451
443 119
104 18
238 253
148 469
332 229
86 479
61 305
103 88
153 275
0 210
93 339
20 227
40 238
295 241
420 85
27 366
183 377
77 472
197 168
413 105
490 269
430 33
278 382
498 277
494 27
442 215
397 484
302 152
335 270
203 258
99 194
101 201
372 97
432 307
299 171
157 349
102 433
484 303
487 137
112 279
402 413
60 468
66 218
454 493
235 343
325 143
106 289
190 163
250 254
401 340
166 351
275 381
472 270
217 43
145 363
333 246
198 235
66 452
215 104
46 79
232 67
451 85
22 195
415 293
433 393
127 79
221 223
290 500
274 137
356 223
484 500
328 217
129 369
315 232
296 233
259 59
105 157
374 189
373 162
368 271
324 38
143 92
365 279
163 474
481 153
229 65
460 270
444 88
200 498
114 40
216 462
229 194
462 280
230 386
322 128
15 156
275 254
418 207
326 35
298 373
470 42
444 310
466 390
327 317
345 317
481 144
136 359
434 479
162 51
37 185
235 402
214 157
482 444
126 127
443 167
166 332
79 403
250 5
100 275
20 242
250 133
400 48
180 108
307 270
420 158
374 158
83 373
34 306
325 326
177 100
403 14
393 47
160 88
320 268
382 405
26 180
90 455
365 370
126 471
338 172
406 305
9 352
225 242
478 492
434 424
91 403
248 85
75 171
480 330
334 384
365 354
317 300
257 234
398 255
264 28
92 482
262 423
204 272
198 447
317 158
281 462
45 353
166 178
297 68
186 391
208 185
121 398
1 403
133 37
232 119
457 326
81 113
303 51
457 475
101 287
94 436
463 359
150 274
264 46
250 446
367 433
287 176
180 485
181 390
109 419
411 269
36 161
120 354
465 146
488 229
254 319
487 176
11 184
367 366
107 100
423 458
28 82
495 226
383 452
29 297
367 45
129 429
108 312
385 294
370 222
276 237
5 124
147 329
220 148
125 10
139 83
350 463
316 398
364 480
321 9
163 469
481 362
83 29
231 437
452 457
399 349
402 120
370 469
446 463
247 104
33 270
494 318
271 175
366 151
150 209
451 360
424 435
334 187
39 406
440 276
279 3
47 155
83 58
202 93
357 427
52 187
399 310
383 199
197 499
327 439
496 415
262 177
157 464
335 26
140 85
45 388
486 355
296 189
315 221
69 257
494 180
117 304
378 127
154 217
8 125
123 214
129 281
263 162
204 77
7 99
72 433
233 241
71 277
24 441
142 47
431 131
198 242
203 39
201 45
141 9
122 200
395 287
345 365
168 142
366 315
201 108
241 61
208 298
197 318
63 432
144 298
0 30
342 69
326 57
318 393
99 134
343 411
277 294
139 432
438 462
65 311
271 32
137 392
496 495
358 276
428 311
271 437
262 54
212 68
171 496
363 391
26 192
13 466
453 47
90 183
47 493
488 319
328 423
186 454
77 62
114 385
459 181
235 216
483 214
288 321
168 302
492 254
44 35
302 420
433 172
407 456
401 198
107 462
320 355
378 19
486 77
106 272
430 212
309 109
408 413
170 329
44 86
276 105
318 94
442 18
127 244
438 195
265 339
203 59
111 426
253 188
404 183
296 149
451 38
233 305
147 246
475 25
211 14
214 62
477 73
173 482
218 358
218 311
242 315
282 77
266 94
437 36
423 113
283 376
42 369
200 384
308 32
276 490
154 165
229 233
232 144
191 144
308 383
51 192
174 194
208 435
458 75
236 5
64 13
73 335
308 194
353 217
35 244
269 481
312 30
196 80
42 101
361 86
68 444
86 175
260 31
51 132
195 471
95 451
14 257
250 109
386 220
315 104
106 52
294 399
59 32
425 19
339 493
460 489
268 335
68 38
32 216
397 279
445 479
179 453
113 457
40 82
185 428
33 244
348 221
333 231
495 183
300 266
73 145
283 356
31 276
234 340
109 317
164 389
123 498
5 388
333 42
378 479
497 70
381 100
360 240
356 308
319 110
449 183
405 430
452 6
378 307
16 144
304 187
440 152
384 184
420 145
335 417
252 154
237 58
41 280
442 358
65 117
32 332
315 92
410 258
448 313
172 231
425 265
269 383
436 12
406 70
177 362
109 437
60 401
245 116
443 400
264 72
480 332
41 453
241 374
330 112
388 416
459 234
490 50
303 434
242 450
307 37
154 490
288 44
125 326
353 113
168 306
10 81
232 191
345 180
205 440
433 470
433 7
396 146
165 453
373 222
249 228
312 172
166 238
136 131
476 205
38 232
493 400
238 72
374 205
160 27
222 395
381 433
136 498
326 343
196 254
224 484
322 246
477 300
269 207
465 319
65 4
137 164
113 33
481 400
275 87
197 458
63 404
269 479
500 362
265 11
383 340
55 333
66 216
293 389
158 371
128 262
358 422
391 78
8 139
458 0
330 147
234 443
345 372
60 181
187 58
61 455
250 246
481 119
159 450
283 167
52 318
393 136
234 262
67 240
179 354
102 183
269 445
241 326
416 449
483 391
28 384
217 44
20 489
131 467
32 491
139 78
43 449
72 431
11 122
484 225
90 249
284 331
216 109
362 34
368 59
479 110
424 367
237 60
7 264
336 352
428 3
388 405
435 185
78 212
40 444
274 189
434 434
298 411
36 368
310 290
379 359
164 229
307 497
446 441
177 431
275 337
107 145
317 84
421 378
26 460
131 282
369 427
472 195
1 392
388 434
44 351
67 278
364 485
253 122
246 263
12 387
433 127
0 297
9 357
174 444
4 278
221 215
406 470
127 246
293 410
317 20
107 16
254 255
458 44
411 300
441 342
317 391
259 447
148 148
169 284
468 135
491 496
463 170
476 151
187 125
193 233
190 233
129 406
117 220
68 51
124 393
347 276
324 114
309 372
35 491
289 263
266 154
180 332
257 211
344 301
305 142
80 111
257 224
233 158
491 323
11 83
29 267
471 0
477 397
7 394
213 330
432 462
160 133
194 485
327 375
274 158
393 454
235 205
251 35
406 45
401 395
270 96
313 357
7 407
350 458
331 449
457 194
374 361
346 453
378 141
226 6
496 228
209 374
361 256
86 331
181 338
226 108
263 138
296 61
80 448
64 311
92 349
108 441
154 166
375 490
96 319
348 351
271 39
305 120
284 107
131 3
312 23
353 46
289 199
380 422
356 75
52 424
12 453
189 114
118 459
242 393
91 41
283 141
56 86
250 61
227 382
390 14
78 425
282 392
192 162
3 329
403 32
73 431
134 373
241 13
93 400
391 25
486 190
234 181
261 425
414 281
77 9
1 445
47 55
365 86
168 256
278 5
390 430
271 107
346 250
404 63
427 270
317 393
267 413
355 159
320 498
488 303
69 318
242 226
177 59
70 375
442 381
355 200
455 282
316 54
220 10
241 23
479 180
331 480
421 20
7 8
126 433
485 217
189 148
225 139
245 214
299 434
223 175
201 151
214 91
393 47
395 254
2 41
414 497
403 81
426 376
471 390
422 222
204 131
231 249
301 285
428 299
232 353
102 180
377 455
417 189
480 388
262 160
350 436
158 318
238 111
61 53
213 26
131 15
416 223
309 241
98 258
161 160
316 465
259 340
12 86
220 243
126 453
242 213
192 115
152 6
208 397
42 73
261 443
327 105
397 311
140 225
71 258
256 445
410 399
434 74
379 434
97 34
170 55
328 49
329 153
334 192
471 129
66 370
454 432
336 312
384 350
158 458
466 87
105 226
412 419
236 241
9 370
149 139
28 394
453 200
468 19
277 391
148 181
212 325
164 205
158 181
10 414
93 294
111 364
181 141
456 94
315 120
356 473
248 245
449 117
290 231
41 282
355 25
160 431
335 107
236 117
241 244
54 145
319 444
190 498
163 163
229 146
404 445
300 71
53 145
465 391
224 425
253 130
57 238
258 414
130 293
155 466
381 389
173 139
385 138
349 120
376 126
425 123
443 251
200 145
243 125
444 373
315 229
69 291
189 237
60 171
64 302
500 305
394 441
337 28
258 337
217 242
41 130
61 231
187 376
335 296
382 318
66 334
125 6
75 427
292 242
197 396
439 237
367 328
153 268
148 339
289 265
449 47
80 420
159 154
250 408
403 473
3 270
44 75
43 1
372 493
306 259
224 36
129 67
367 40
309 94
100 169
324 19
200 337
81 211
488 28
195 397
93 238
368 35
180 204
27 3
173 70
455 488
299 473
165 498
138 356
245 384
496 214
476 470
53 491
46 138
63 245
498 218
88 264
396 436
172 100
188 413
389 177
398 73
372 40
305 309
258 68
50 167
69 24
200 92
134 301
414 375
336 308
354 80
87 158
128 195
393 174
104 301
392 126
51 381
432 430
279 468
214 267
87 488
127 115
26 356
318 5
374 462
454 488
162 126
448 30
52 204
166 408
303 393
326 62
288 51
420 102
217 208
66 283
155 445
208 211
9 349
68 81
232 379
106 15
162 310
321 479
86 278
419 472
216 208
226 42
343 209
22 16
377 202
477 274
41 4
255 440
149 331
485 265
103 118
483 358
168 472
436 411
385 455
256 33
176 494
399 129
43 374
17 18
42 157
436 127
105 437
301 238
108 210
346 494
441 364
183 108
25 282
113 397
406 478
425 433
465 125
432 130
5 214
253 234
211 184
220 483
439 157
117 321
224 216
122 343
128 233
53 221
186 494
193 387
172 463
38 231
451 22
200 239
299 171
228 186
494 191
138 253
166 385
499 35
69 403
456 55
215 486
165 402
436 271
33 146
315 443
424 362
47 296
190 100
65 363
234 4
469 268
31 448
360 63
296 410
239 447
450 179
40 188
396 394
92 48
140 212
169 134
111 178
470 390
153 353
85 157
174 166
163 211
436 253
173 45
130 182
74 206
175 298
187 251
150 356
31 394
105 284
170 43
333 198
450 374
212 44
300 251
353 175
145 39
61 289
276 370
202 487
418 463
491 438
92 417
104 163
270 181
411 274
194 490
262 201
482 422
345 276
221 119
84 413
288 327
251 28
434 34
22 338
27 393
440 230
311 33
478 355
443 242
337 21
135 462
130 115
137 486
368 17
279 430
279 351
179 130
488 390
370 157
432 315
149 307
251 373
445 99
34 314
465 100
101 53
122 426
156 178
259 176
127 2
429 366
121 397
152 58
473 343
14 227
170 18
465 130
469 153
144 194
157 146
381 198
195 452
182 161
488 172
66 329
400 296
122 209
55 110
319 313
477 389
343 456
390 469
360 221
416 431
146 210
301 301
406 27
147 42
317 64
115 83
320 94
82 286
104 147
359 140
279 8
223 260
234 225
329 382
23 169
402 80
220 90
265 114
402 188
80 303
52 335
492 373
125 20
349 205
344 449
448 209
110 317
94 384
496 208
408 492
177 103
260 155
178 328
77 347
365 21
338 272
330 131
353 44
323 451
101 324
368 375
251 418
13 443
327 234
484 123
212 134
276 176
15 311
322 239
440 282
408 43
368 165
295 324
77 370
407 379
190 447
380 460
197 142
137 323
459 114
127 148
116 109
349 66
268 208
424 213
480 42
33 493
496 316
117 445
16 148
468 447
34 3
414 2
347 403
407 397
121 202
366 247
217 415
469 60
259 152
248 132
404 135
8 365
240 251
222 406
332 402
28 484
364 133
420 372
12 187
299 441
79 425
489 50
398 40
420 170
42 168
88 291
74 9
166 453
497 496
367 105
450 376
274 140
370 26
158 395
342 170
388 404
172 169
306 495
111 464
52 468
443 167
33 459
127 360
478 438
208 348
318 266
44 30
296 30
455 345
12 83
416 133
346 186
179 336
245 373
14 341
489 315
282 0
254 59
190 248
39 187
332 95
225 44
206 396
114 80
286 488
151 486
12 387
57 114
396 145
374 153
35 289
476 324
460 117
39 240
245 113
349 26
277 359
395 299
144 158
395 327
171 203
419 23
484 25
231 266
441 91
464 472
308 184
360 345
497 417
254 184
103 156
343 199
324 68
285 259
16 438
189 282
299 234
139 416
360 258
2 414
124 263
372 394
276 268
131 381
2 500
27 361
274 476
440 149
70 270
139 29
487 72
110 111
121 441
454 95
83 249
182 225
268 475
448 118
29 458
262 84
29 71
85 337
463 297
483 269
278 354
286 189
16 66
248 462
363 437
269 324
182 142
487 60
42 292
67 221
418 379
463 182
462 197
12 283
95 286
14 79
189 198
28 290
201 118
184 383
456 381
134 199
178 317
469 201
267 337
188 23
394 6
117 151
115 458
285 101
475 45
48 489
186 391
223 68
174 383
70 461
94 457
460 49
192 130
24 132
245 374
355 72
316 294
101 213
196 483
228 480
128 369
464 70
72 16
302 380
246 316
173 407
196 500
119 407
309 56
324 329
390 487
90 258
493 18
222 494
46 87
312 450
311 323
115 211
422 352
456 448
181 44
272 113
365 434
467 285
470 479
211 186
25 151
457 361
373 112
165 183
489 393
108 347
197 87
348 186
179 440
226 72
43 454
499 358
135 209
266 416
338 275
427 175
197 229
475 112
78 151
275 59
419 209
15 214
114 469
348 215
454 411
10 436
302 161
71 71
332 203
163 51
279 374
221 14
468 419
4 445
428 411
215 147
47 299
248 381
431 16
225 166
73 138
92 102
342 93
400 212
141 420
6 371
357 195
347 479
137 396
53 13
95 15
448 369
483 177
226 431
346 15
364 96
210 391
66 263
31 356
471 417
406 71
428 444
414 390
399 346
477 134
192 451
115 88
16 402
450 400
285 82
338 411
40 86
236 428
452 294
49 305
261 420
333 21
311 4
103 154
91 177
414 86
382 305
336 74
418 256
274 491
481 282
478 337
191 134
202 454
23 153
193 58
21 33
192 22
375 95
345 103
204 134
398 163
125 132
113 439
124 363
29 96
309 468
316 157
178 265
400 257
286 343
46 30
17 352
147 462
181 155
291 346
133 384
172 357
272 207
395 176
47 159
160 449
284 487
444 171
165 399
473 409
234 25
373 431
54 309
454 281
58 495
480 434
1 30
65 445
279 241
56 64
176 457
352 468
143 36
329 154
58 204
112 458
350 110
266 179
66 214
382 454
292 377
292 230
120 306
175 411
200 256
366 459
1 436
449 159
211 274
311 193
205 245
215 331
274 182
105 117
263 87
285 491
111 72
277 331
197 180
295 201
231 320
121 241
403 374
499 284
371 423
203 112
332 24
56 284
178 281
418 320
78 287
415 320
88 267
463 392
418 396
40 187
422 173
120 355
174 269
30 436
235 270
475 411
78 284
209 486
30 208
170 312
438 341
117 418
152 345
81 492
352 311
128 5
397 342
205 336
192 366
473 110
143 102
113 170
191 210
217 113
187 132
115 236
61 47
98 14
14 31
234 283
360 181
371 69
243 62
146 87
248 438
18 212
372 105
247 382
338 434
459 133
348 18
229 87
313 230
3 457
249 339
107 258
1 275
255 121
428 75
116 12
45 264
438 477
295 23
68 97
94 34
289 425
438 47
334 53
169 208
412 187
393 12
474 144
375 47
134 315
206 430
121 458
276 350
16 380
243 191
406 329
385 162
482 390
270 477
397 252
304 255
480 337
95 336
88 168
138 150
203 411
105 301
406 442
55 412
6 228
52 449
9 270
184 212
255 189
189 233
392 236
155 439
191 163
439 310
123 186
60 220
229 83
275 464
79 34
123 221
305 130
287 458
133 153
79 465
182 284
182 225
480 268
23 44
129 234
7 12
192 178
455 268
296 481
399 442
185 141
51 45
458 477
499 24
168 466
104 178
228 208
284 418
193 163
247 304
97 410
471 44
93 440
323 167
318 398
265 331
13 67
297 286
380 18
34 285
7 445
97 199
326 31
484 350
141 124
297 370
462 375
339 181
412 345
350 20
323 120
168 333
431 201
106 16
423 420
90 291
45 4
272 365
98 17
117 273
78 151
349 14
155 477
64 375
51 297
77 183
192 334
327 433
187 213
461 47
138 298
448 112
481 226
246 473
91 36
343 168
436 54
362 225
228 299
66 249
499 233
486 327
217 329
263 69
337 32
230 288
305 239
49 177
490 88
58 23
313 61
76 384
156 58
152 388
479 408
117 407
81 456
205 220
377 255
139 58
487 366
158 256
114 450
478 224
220 249
74 264
487 358
84 332
234 51
11 207
220 313
210 328
58 455
282 22
353 23
212 375
307 108
62 497
449 480
415 75
337 225
258 369
262 390
289 9
175 51
120 102
317 10
439 45
127 8
416 432
211 362
88 262
152 354
202 452
447 320
321 267
36 302
265 312
116 80
122 322
338 284
204 33
204 244
384 240
15 312
39 235
285 232
217 89
448 49
403 425
130 145
162 88
309 113
34 453
383 448
129 177
216 468
210 208
455 303
175 496
407 444
444 115
457 147
225 87
146 306
189 445
4 29
348 191
27 288
469 352
340 226
216 85
414 22
78 219
329 39
309 301
458 273
74 261
328 278
90 138
239 249
73 95
121 416
81 172
49 328
147 153
104 350
183 238
106 35
53 398
238 228
477 52
147 356
262 416
275 471
30 397
458 449
233 204
437 135
77 273
343 25
15 304
186 347
227 247
85 179
47 398
460 38
455 454
401 69
215 415
498 111
307 299
45 460
433 163
128 360
293 321
437 128
125 233
300 94
280 226
17 392
149 386
299 262
226 328
284 403
17 41
477 334
7 235
256 435
229 213
276 46
308 225
23 409
245 283
425 36
428 228
357 239
108 91
59 304
291 493
310 494
175 276
302 241
202 458
302 325
79 17
161 111
287 16
51 421
293 232
407 254
398 54
398 285
188 232
275 162
413 3
168 160
103 465
337 98
187 275
412 230
482 431
385 137
362 333
463 241
124 490
155 103
246 453
28 143
143 405
451 418
467 334
296 489
463 373
301 422
147 101
102 428
181 403
353 246
2 196
33 330
86 258
136 498
393 145
159 192
127 481
330 273
265 122
450 477
424 490
366 173
145 160
205 248
184 29
335 268
363 123
249 83
42 130
469 111
325 103
229 347
452 28
217 491
223 313
142 244
335 353
310 167
252 55
232 311
119 8
352 51
438 33
132 414
61 345
49 176
15 266
159 12
332 274
283 129
16 91
187 23
198 488
128 246
270 468
151 199
77 487
300 415
36 23
451 33
389 462
183 448
55 146
477 201
249 152
408 141
33 24
432 136
353 36
10 261
417 461
387 482
120 406
228 261
73 294
170 7
385 377
167 5
77 149
274 489
188 87
231 179
158 493
457 330
48 449
349 403
342 39
368 287
169 308
461 310
315 197
16 143
143 395
3 463
79 284
376 88
278 307
197 79
281 70
259 143
136 261
143 122
372 487
132 172
274 243
375 258
297 397
137 352
199 272
318 104
74 192
450 208
80 52
250 391
291 492
458 232
406 396
52 113
475 468
227 410
276 483
278 165
322 253
323 466
257 257
27 320
354 197
250 415
372 169
183 48
225 180
16 281
368 13
417 400
216 170
94 39
81 389
235 180
50 134
396 400
430 401
200 333
472 412
243 241
68 334
486 305
37 163
84 287
237 147
178 417
415 257
67 16
212 70
356 447
118 464
73 424
189 469
404 358
203 241
240 461
253 214
427 454
143 227
449 244
260 458
83 314
188 154
176 147
439 18
210 172
118 171
430 488
166 365
300 420
152 498
140 466
287 412
34 495
181 285
199 199
222 238
290 288
184 69
224 255
476 32
346 162
125 231
487 392
231 31
317 448
168 321
330 298
21 31
365 245
492 62
39 153
262 47
460 221
394 33
294 425
208 147
254 274
153 42
49 443
200 396
126 359
430 395
133 180
428 19
255 143
337 354
72 107
27 361
297 178
170 57
184 427
342 96
188 0
81 380
282 414
228 137
385 442
332 73
163 482
288 457
253 71
359 178
366 308
96 478
34 191
143 457
82 167
83 73
102 176
409 7
322 47
389 360
150 292
64 457
444 227
390 24
46 397
456 28
100 309
441 303
331 171
279 94
20 351
333 489
401 403
147 135
463 167
349 296
211 362
399 489
110 380
366 347
324 24
90 447
218 248
211 260
287 293
316 142
479 488
134 67
486 59
401 453
196 309
483 175
14 125
66 417
281 214
450 67
317 393
202 250
86 367
52 93
193 42
287 331
328 439
245 196
305 483
432 223
232 448
67 72
387 273
271 439
392 266
230 318
159 160
220 311
76 423
61 424
63 418
236 305
345 121
353 259
284 205
433 207
223 59
115 368
6 457
373 204
142 95
114 68
136 104
226 257
185 321
172 153
110 463
271 431
73 71
357 460
416 217
3 432
433 305
9 348
284 220
411 320
353 304
227 374
451 194
59 209
425 326
375 445
170 262
302 422
483 425
328 350
211 128
167 87
325 397
191 319
412 179
358 61
197 302
492 318
483 194
458 0
283 392
141 437
277 266
473 330
295 260
283 411
245 69
13 431
255 479
13 486
216 365
359 203
156 134
214 77
414 111
102 258
135 115
368 189
7 6
79 461
4 151
268 47
442 493
333 178
315 115
411 152
310 61
288 128
229 399
118 452
489 255
471 192
294 191
210 140
132 226
3 8
4 7
238 313
144 26
302 44
421 357
490 382
472 478
147 445
277 182
314 251
164 409
272 0
7 189
303 305
427 212
54 123
299 441
282 335
61 195
113 46
176 241
151 337
242 288
253 388
185 425
22 385
251 115
21 296
274 453
195 384
358 260
366 180
184 3
197 22
442 176
4 98
153 127
327 281
389 350
265 9
350 336
470 265
489 43
290 97
147 358
133 346
106 494
426 217
272 419
431 298
377 310
414 60
248 314
237 382
172 409
192 227
212 67
10 427
121 382
397 156
473 140
481 328
361 165
321 209
234 273
439 27
136 243
253 432
372 321
99 9
90 356
369 265
305 200
110 400
191 430
455 406
355 308
215 392
440 467
3 383
281 222
422 336
173 235
436 228
99 172
373 415
494 489
255 173
8 281
221 345
244 377
433 277
197 272
497 292
144 236
69 203
266 89
351 242
26 257
57 496
358 301
357 230
21 73
199 219
210 493
445 269
485 202
448 260
69 81
54 325
160 407
356 77
55 381
409 369
314 345
114 171
124 303
155 97
47 362
306 2
98 461
296 154
370 354
36 417
287 146
222 453
183 259
13 494
377 112
479 56
487 291
446 192
209 295
155 275
109 121
154 52
173 29
103 98
498 76
301 145
359 244
114 155
51 366
106 164
283 429
140 11
158 178
434 51
433 264
245 375
101 301
365 470
17 44
363 464
410 451
171 312
450 141
424 154
478 395
401 55
448 349
312 107
468 67
99 157
389 60
68 304
427 253
251 310
412 258
258 375
141 23
127 311
195 455
399 26
467 112
490 180
283 331
290 466
381 43
275 65
189 429
101 376
155 56
246 417
399 460
205 99
481 24
38 130
211 312
324 317
214 451
128 310
81 370
308 284
465 49
392 363
405 211
8 211
246 125
404 344
310 123
225 76
347 8
198 55
144 95
50 464
414 16
443 474
97 95
192 286
36 364
440 66
62 386
391 128
126 343
389 381
0 301
426 499
439 450
45 455
231 247
146 17
9 119
7 219
293 115
486 464
75 343
275 205
269 29
18 214
436 446
243 273
200 86
256 118
492 197
323 9
387 430
319 234
363 396
247 260
244 34
440 391
273 464
21 487
196 183
429 187
218 487
160 448
367 273
90 188
262 212
61 48
442 140
238 406
261 30
173 106
356 492
324 243
181 468
423 462
58 411
416 487
9 65
366 205
394 150
336 368
159 222
160 394
308 390
441 424
471 254
315 362
48 423
117 403
142 41
361 394
310 352
61 50
77 254
454 268
488 428
495 418
70 273
415 393
472 437
329 89
341 19
50 133
349 303
20 312
127 274
318 320
251 419
33 260
372 66
323 291
338 444
165 239
142 400
388 334
346 101
380 178
9 474
265 489
276 495
313 39
409 124
58 121
285 291
471 463
371 22
96 477
46 111
37 24
175 89
23 89
404 333
316 429
389 349
8 457
481 409
437 14
427 314
9 63
276 193
322 60
381 408
135 312
175 48
389 372
296 105
44 255
171 213
312 62
365 29
492 51
453 324
217 481
394 201
97 284
48 25
36 235
457 372
496 148
465 461
430 184
218 369
119 321
190 496
428 468
34 202
187 219
51 86
281 343
309 441
385 70
266 55
419 11
308 247
257 119
474 193
488 202
116 197
264 378
274 457
133 396
45 489
310 235
328 75
68 437
422 40
98 368
24 336
48 194
357 64
25 294
172 115
340 173
286 165
379 449
54 236
126 482
456 230
110 163
218 487
118 429
80 123
118 432
93 131
93 61
9 325
234 251
158 252
48 352
148 75
149 212
182 229
213 41
77 301
362 123
184 452
313 442
88 284
306 344
240 337
67 3
279 342
279 356
265 237
184 317
259 275
421 398
390 112
492 362
384 107
477 176
331 186
215 363
184 434
224 493
499 462
71 365
429 92
128 432
353 163
301 251
282 53
464 345
196 64
30 119
206 76
480 294
137 499
4 286
340 100
133 141
34 50
246 111
366 257
391 306
445 296
64 486
442 411
498 470
205 118
364 150
297 422
344 76
295 97
46 178
109 237
36 99
264 286
448 380
275 481
480 393
458 4
427 481
372 257
433 105
490 261
30 331
29 406
375 176
39 345
382 480
473 358
290 338
489 359
8 96
188 30
49 374
138 30
219 439
282 231
245 477
167 370
2 365
294 15
193 253
343 79
88 216
413 482
233 242
330 100
448 282
156 489
343 153
133 270
7 333
78 103
268 271
194 341
295 225
414 444
398 344
346 308
430 201
243 406
248 424
422 110
168 217
24 453
456 170
445 228
95 341
316 177
146 292
346 329
37 9
399 321
368 409
71 22
146 490
485 49
250 66
473 202
78 176
297 139
69 53
470 236
381 285
60 483
70 468
5 199
325 90
244 455
156 372
16 450
237 373
321 227
176 254
467 357
201 425
437 110
171 267
49 56
268 329
266 281
185 149
347 248
93 389
474 15
489 205
496 112
330 321
406 248
474 347
477 69
357 70
500 434
10 425
346 499
74 439
176 318
336 377
108 8
102 120
486 47
137 103
15 193
365 258
455 214
228 161
302 211
348 168
165 74
232 270
116 157
394 390
89 405
492 250
352 70
218 462
144 105
267 308
486 307
140 220
53 485
94 482
173 362
277 90
133 74
173 105
36 407
482 197
32 409
205 101
377 204
321 51
475 80
195 442
19 478
132 206
124 311
338 257
183 35
181 112
285 153
399 407
40 81
340 361
351 91
459 354
473 308
280 385
417 257
125 419
379 386
212 51
243 295
348 180
311 53
22 329
34 397
297 445
87 472
212 323
424 69
159 388
90 483
447 388
461 458
79 129
119 343
457 112
425 331
176 314
113 402
271 445
60 37
398 62
429 281
53 249
167 137
418 49
357 333
3 42
148 421
253 470
54 464
5 479
34 322
391 100
219 490
348 458
1 32
148 361
470 423
97 335
153 162
88 393
403 33
432 340
365 28
488 101
361 429
375 354
238 415
145 187
404 345
242 109
215 46
415 136
118 300
178 391
385 253
273 261
167 253
62 149
329 105
169 44
398 445
455 318
126 269
171 390
250 289
437 177
333 263
157 451
291 306
183 451
461 438
228 258
97 92
431 103
211 494
197 190
495 398
8 233
267 336
394 104
150 69
67 12
462 36
300 73
214 384
350 322
3 95
242 414
25 445
252 64
449 11
397 0
46 164
139 267
54 355
376 41
485 425
494 62
222 4
247 187
406 229
14 134
168 368
496 405
110 294
310 229
454 420
231 279
180 281
487 17
28 3
120 104
426 488
49 114
421 26
57 469
105 322
490 349
343 323
398 24
422 142
315 500
12 419
258 144
44 375
405 339
273 183
438 285
342 182
452 486
274 99
106 138
463 463
106 244
157 224
426 348
234 26
403 63
423 106
456 346
301 92
321 229
207 377
286 38
271 272
335 12
24 226
491 244
403 205
270 450
408 354
115 293
255 460
408 29
267 185
304 29
499 41
128 475
319 261
438 183
251 324
77 157
421 8
284 42
120 92
432 95
360 108
258 137
29 9
75 193
60 396
279 215
138 411
100 190
130 376
129 109
47 484
365 322
485 477
284 218
442 99
70 155
75 158
270 78
392 342
490 296
70 262
42 454
480 354
162 379
379 382
313 337
214 80
229 110
157 404
479 171
277 63
298 3
94 425
295 125
39 190
116 425
374 471
145 276
385 236
227 272
194 376
396 213
232 316
472 19
444 387
102 170
124 359
222 298
406 458
38 317
33 331
145 213
30 78
200 132
255 141
201 226
135 251
474 336
470 359
125 239
154 44
449 347
295 77
40 341
420 188
52 181
392 99
222 336
367 185
355 102
271 486
13 369
406 211
111 28
35 64
242 375
408 12
104 436
286 236
23 68
144 60
97 30
194 183
319 496
272 320
352 170
98 380
240 359
315 199
436 443
453 284
171 410
254 300
268 34
388 226
34 394
10 199
85 117
270 131
300 37
154 134
121 489
447 483
78 247
322 345
448 157
230 13
188 75
281 353
116 420
472 46
279 16
172 109
154 422
474 204
23 253
492 126
94 408
279 333
155 406
107 131
498 204
458 152
440 214
50 378
201 393
485 172
192 222
354 0
272 25
14 261
280 33
50 148
17 45
215 479
119 476
184 109
167 246
122 329
167 482
244 283
28 241
233 55
202 339
2 78
146 459
87 74
63 126
430 360
154 178
119 407
198 446
421 358
356 407
254 39
450 380
136 238
261 384
337 30
473 87
3 139
494 455
382 228
94 420
265 35
15 216
471 340
346 257
182 231
453 404
385 429
28 494
98 67
330 480
168 28
93 177
252 58
178 331
38 268
310 277
266 330
282 286
457 254
279 125
142 156
135 40
384 241
2 159
129 0
375 186
292 365
453 258
403 26
30 176
304 293
305 445
104 310
341 75
388 76
24 249
329 277
66 341
192 154
11 470
85 39
75 433
439 355
39 271
164 87
60 179
175 140
329 151
74 385
219 42
97 32
301 274
211 81
149 395
158 325
405 103
34 443
382 457
471 321
278 179
232 400
209 232
350 123
152 153
170 224
293 211
58 404
172 133
257 50
41 40
250 169
122 345
89 274
445 340
167 79
227 108
437 281
464 156
468 111
362 252
95 77
212 203
416 138
73 27
284 116
333 420
474 346
429 39
58 430
392 11
10 310
402 205
464 341
173 353
207 283
188 64
420 86
190 424
229 142
386 3
295 271
63 115
369 460
38 300
335 116
28 294
176 497
101 8
230 18
467 134
454 64
469 5
145 445
180 89
241 476
488 448
427 350
230 3
336 61
363 470
162 49
147 333
3 129
439 493
485 51
241 449
217 263
448 276
308 437
441 391
481 343
328 184
124 495
78 103
437 266
22 395
319 314
374 286
103 387
197 497
253 197
335 212
52 67
356 339
28 446
419 423
259 7
176 263
25 405
448 361
114 250
11 403
21 474
418 12
126 340
257 276
168 169
24 85
462 161
375 448
299 254
334 140
162 365
156 60
353 265
242 112
27 429
468 39
420 264
383 289
175 284
463 333
106 455
18 87
290 386
241 355
83 474
78 302
393 488
57 219
332 172
62 82
83 222
226 298
126 413
212 52
258 298
183 130
167 301
181 124
290 318
491 340
333 86
52 178
277 249
340 361
206 38
292 209
424 316
20 54
285 354
227 70
425 272
156 405
242 119
320 247
300 35
51 96
110 191
82 337
332 115
265 95
113 391
343 242
11 3
373 276
419 453
59 237
339 347
30 350
228 37
352 471
452 226
286 330
441 480
135 374
403 485
46 120
258 469
60 78
195 452
83 264
420 145
208 296
101 264
411 357
358 424
152 102
407 473
26 438
291 37
307 35
309 442
489 293
349 160
216 66
108 93
85 287
319 347
93 332
197 142
18 209
276 124
31 423
195 234
490 84
143 170
19 215
249 203
466 389
384 325
165 54
88 215
277 307
3 14
310 288
292 344
381 337
281 37
83 105
57 48
453 386
486 392
12 378
127 312
186 341
366 467
25 336
230 408
71 128
369 242
450 124
363 141
443 177
166 485
257 349
62 258
188 222
416 312
243 210
177 130
464 397
224 385
497 435
487 159
169 65
475 84
169 244
0 429
382 146
198 469
135 319
482 78
312 463
190 319
296 56
226 206
394 412
59 191
451 475
116 316
199 146
204 469
466 303
72 464
314 424
8 233
290 219
299 410
9 204
345 487
449 380
140 15
131 441
394 335
427 489
375 223
56 369
116 136
366 301
307 49
484 333
314 124
43 491
153 191
336 159
218 324
389 18
304 464
99 79
417 332
140 386
131 408
30 309
242 489
352 60
59 33
423 40
117 321
53 5
228 404
80 473
312 89
467 225
153 487
87 91
2 498
99 186
445 154
431 413
496 397
270 451
255 133
20 146
324 307
39 39
367 50
332 71
425 474
406 430
47 271
32 295
274 317
363 460
39 458
24 242
240 171
250 252
369 238
278 291
129 55
431 57
423 491
345 11
413 92
128 335
182 467
19 82
344 483
236 271
325 328
474 251
157 185
396 247
385 269
182 241
96 155
346 167
50 93
99 388
87 250
441 57
63 114
253 255
500 101
417 436
174 333
204 202
82 239
23 396
468 206
369 201
4 273
487 449
35 482
468 133
59 352
68 468
291 221
116 200
6 326
110 69
333 81
20 421
473 402
142 463
58 121
183 77
119 363
67 157
436 443
251 158
270 477
59 211
404 446
426 392
415 400
396 71
404 422
466 219
21 190
140 157
213 177
204 350
426 482
14 353
115 95
225 126
213 126
237 92
473 232
33 10
228 126
64 33
325 79
100 141
186 463
330 225
333 476
89 415
440 391
175 444
349 479
366 151
486 268
407 71
222 256
55 371
128 269
255 52
351 402
425 350
414 462
349 238
168 409
33 52
177 194
6 187
255 84
15 411
418 96
255 70
8 295
263 35
416 472
214 482
17 417
129 194
139 256
264 481
182 147
347 30
61 59
50 298
285 120
147 183
496 90
22 69
124 322
138 109
250 134
336 201
382 29
91 393
422 83
11 87
128 141
296 235
426 390
222 246
48 446
332 41
281 498
141 186
230 283
262 22
402 118
320 406
454 334
261 498
288 96
349 244
455 94
279 189
69 295
461 312
318 99
90 280
230 335
204 466
26 306
360 120
143 386
495 421
89 193
288 210
379 40
400 213
472 276
22 190
67 497
235 317
487 280
90 464
186 169
308 14
299 436
95 447
126 208
236 250
164 57
42 341
339 184
421 324
220 407
246 458
110 35
424 427
61 79
424 454
322 191
54 479
403 477
255 441
233 110
442 435
391 446
110 428
342 331
456 199
194 343
123 357
494 262
59 52
126 390
16 352
123 146
360 418
402 83
15 461
99 252
281 316
465 488
2 261
368 100
241 204
13 354
395 378
368 419
464 151
126 136
230 452
368 231
480 215
167 354
184 446
364 480
437 171
94 11
255 159
333 391
158 308
53 456
244 87
245 478
153 301
61 303
212 415
229 256
45 165
317 12
408 357
325 264
215 481
433 195
10 351
303 430
367 461
92 327
159 463
105 50
169 268
167 309
357 307
351 222
40 31
96 78
422 36
30 16
412 343
375 228
318 30
63 153
326 419
260 320
422 343
299 341
259 91
411 199
410 262
411 344
138 435
28 75
187 181
145 46
482 3
158 170
50 310
145 236
259 159
150 275
129 417
7 475
87 465
356 355
221 183
0 232
359 101
472 257
305 96
131 296
238 257
361 419
191 205
384 462
37 38
183 73
204 211
279 276
332 383
425 259
185 490
48 374
103 97
294 73
359 13
470 217
142 107
494 73
464 14
372 145
292 400
108 165
175 200
24 345
211 62
136 65
18 73
133 103
363 423
424 180
215 272
175 103
457 197
486 11
295 221
464 24
187 393
485 203
309 391
448 172
425 483
445 274
424 245
283 390
411 230
332 52
0 282
432 478
115 115
406 478
421 477
193 10
22 124
288 46
388 38
147 202
65 57
360 71
413 110
432 50
77 489
154 111
410 79
251 251
204 252
490 377
426 184
104 71
128 151
126 262
302 392
188 174
390 18
315 183
74 68
487 114
341 144
165 465
474 80
110 394
39 398
140 13
456 230
474 6
367 483
115 324
372 159
320 300
433 364
494 364
303 44
62 15
271 301
479 222
420 80
74 367
353 104
9 203
486 354
494 303
328 207
268 360
217 139
384 468
333 206
402 40
80 499
64 476
289 165
293 18
118 153
379 108
157 431
486 493
134 156
379 291
417 22
106 468
71 500
443 220
474 103
389 251
152 290
268 267
229 348
361 173
179 14
40 334
307 454
298 317
387 275
466 235
97 112
14 31
104 441
496 238
130 318
167 72
477 126
56 101
351 274
292 171
65 127
254 259
457 442
7 323
286 489
152 208
293 23
46 194
71 41
197 494
118 358
479 161
417 372
278 87
416 59
428 264
110 396
230 267
144 8
358 274
402 322
309 265
35 70
134 271
208 333
178 388
436 108
39 235
17 408
181 208
274 173
301 260
87 272
388 233
121 66
196 268
43 115
7 425
113 273
437 487
86 78
269 347
415 49
168 138
328 496
432 9
462 374
312 227
76 162
404 223
98 445
238 184
107 422
4 41
474 386
420 12
408 204
344 79
236 362
0 315
426 378
73 372
195 475
457 444
380 172
311 18
