0
-1
3607
2041
-1
-1
-1
-1
4111
5
-1
1568
-1
1119
-1
1282
-1
-1
10
-1
4740
-1
-1
3303
2958
-1
-1
-1
-1
-1
2821
-1
-1
-1
3616
2658
-1
-1
-1
-1
-1
528
-1
847
3849
25
-1
-1
2247
-1
-1
-1
-1
-1
30
4445
4879
-1
4436
-1
3339
3764
36
-1
3855
3626
-1
4603
-1
-1
-1
-1
40
-1
-1
-1
-1
-1
-1
2938
-1
3777
-1
-1
-1
-1
-1
-1
1064
1077
2492
4782
-1
1094
2306
-1
4971
4685
-1
55
141
679
309
4647
2644
3693
-1
3926
60
-1
-1
-1
760
-1
996
3474
-1
65
-1
-1
1997
-1
-1
4276
3737
-1
70
1571
-1
-1
-1
-1
4042
1143
-1
3770
-1
2002
1516
-1
-1
1706
-1
4943
1554
-1
-1
-1
-1
-1
1638
-1
-1
378
4739
-1
-1
-1
-1
2254
-1
-1
402
3880
4367
-1
-1
-1
-1
-1
-1
-1
1326
-1
-1
-1
-1
-1
-1
-1
100
-1
-1
-1
-1
866
-1
1164
-1
-1
-1
3109
139
868
-1
-1
-1
4701
3495
-1
-1
1519
-1
-1
2054
854
-1
244
4295
-1
3353
1851
-1
-1
-1
-1
-1
-1
1347
-1
3348
-1
1073
3319
-1
-1
3533
2878
-1
3644
-1
2442
-1
-1
519
3460
3853
58
148
-1
-1
-1
-1
-1
-1
-1
-1
-1
1607
-1
-1
-1
581
105
-1
1996
-1
1818
-1
2477
-1
145
-1
-1
-1
-1
4407
4365
2978
124
150
-1
2631
3936
-1
-1
-1
-1
1788
155
318
-1
-1
2287
4082
4656
-1
3192
-1
-1
2007
-1
-1
-1
-1
-1
3178
3946
-1
-1
169
2276
-1
2614
4063
-1
776
-1
-1
-1
-1
3560
4036
-1
-1
-1
-1
-1
-1
1567
-1
1752
1813
-1
180
-1
-1
-1
4882
1503
675
-1
-1
4545
2187
531
2653
4689
3924
-1
3148
-1
-1
4021
-1
4510
-1
400
-1
2584
-1
386
-1
934
950
-1
-1
-1
-1
-1
-1
-1
-1
3502
-1
4928
740
4496
-1
205
1609
1210
802
4168
-1
1767
1916
3864
3656
1562
-1
-1
3498
-1
-1
-1
2879
-1
3013
-1
-1
1597
2963
-1
-1
-1
3467
3790
2491
2962
-1
-1
3707
-1
-1
-1
2767
-1
-1
290
-1
-1
-1
4126
-1
-1
3270
659
2211
2618
-1
-1
4056
235
-1
428
-1
3577
4206
-1
-1
3573
-1
-1
648
-1
-1
-1
-1
-1
-1
2253
-1
2606
3114
1548
-1
-1
-1
199
250
-1
-1
-1
3567
4415
-1
1667
-1
-1
-1
-1
-1
2923
-1
2479
-1
-1
-1
-1
3954
-1
-1
-1
-1
-1
-1
-1
882
-1
3658
2772
3325
1263
-1
-1
1357
-1
484
-1
3575
-1
-1
-1
-1
-1
-1
-1
-1
-1
-1
-1
1776
1683
-1
-1
451
1274
3593
-1
-1
-1
-1
-1
-1
1761
-1
-1
-1
-1
-1
-1
-1
-1
-1
-1
4361
-1
2131
984
-1
295
1821
-1
-1
343
1753
-1
-1
-1
729
-1
-1
2981
-1
-1
-1
-1
-1
305
-1
2793
1781
569
-1
-1
-1
3053
254
1582
-1
-1
-1
4025
2541
2133
2308
4688
-1
1725
-1
4934
4705
-1
4210
-1
-1
4564
-1
-1
4547
-1
-1
-1
649
325
-1
-1
-1
-1
1858
2702
-1
4684
2237
3451
-1
-1
-1
3537
200
2805
-1
335
3529
-1
1308
-1
-1
3872
1699
4115
1096
3539
-1
-1
2694
963
-1
-1
-1
1613
1867
23
-1
-1
4137
-1
-1
3369
-1
4307
1370
4233
-1
1004
4028
3021
-1
3565
-1
-1
-1
-1
3497
3413
-1
-1
360
3006
-1
-1
-1
3057
-1
4383
-1
2887
-1
3902
1293
-1
-1
-1
-1
3817
370
3029
-1
3740
3126
-1
1139
-1
4017
203
-1
-1
4498
556
441
3579
-1
4092
-1
-1
-1
1453
-1
3899
-1
-1
-1
1991
-1
-1
-1
2192
1190
-1
-1
2279
758
-1
-1
4813
-1
-1
-1
-1
1808
-1
-1
-1
2476
-1
1986
-1
-1
-1
-1
-1
-1
4824
-1
4173
-1
4254
-1
4186
2542
1099
-1
4279
-1
826
3758
2341
410
-1
-1
239
1800
-1
394
4384
-1
-1
4576
952
-1
-1
-1
-1
-1
-1
420
-1
-1
4967
1844
3828
-1
3347
4553
-1
-1
4171
-1
748
-1
-1
4250
-1
430
3107
-1
-1
-1
-1
-1
-1
-1
2856
-1
-1
4344
4592
4148
4851
553
-1
663
-1
1913
-1
1114
-1
-1
4423
-1
377
-1
3362
-1
4772
-1
3531
-1
-1
4160
-1
-1
-1
2134
22
-1
4490
-1
-1
4602
-1
-1
-1
678
2827
-1
3083
4586
1864
4823
-1
-1
-1
1796
-1
-1
2883
1253
-1
-1
1179
-1
3830
214
-1
470
3417
181
4982
-1
-1
-1
3669
-1
4894
-1
-1
-1
-1
4777
-1
1905
-1
-1
4755
-1
-1
4550
2234
-1
-1
230
1908
-1
2349
-1
2398
1131
4991
-1
-1
-1
3680
1196
82
1672
-1
549
-1
459
-1
-1
4232
-1
1219
-1
4776
-1
-1
-1
1633
-1
-1
-1
-1
2707
-1
-1
-1
-1
1297
-1
-1
-1
3076
4796
-1
1091
-1
2647
198
-1
4814
-1
2184
668
515
2277
-1
3452
-1
756
1574
2381
-1
520
3394
-1
1011
3381
-1
-1
-1
-1
1742
2298
118
-1
4984
-1
4194
-1
-1
3925
-1
1044
3158
2342
-1
-1
-1
-1
-1
4651
-1
-1
-1
2815
-1
4585
-1
4750
454
3112
-1
-1
103
4976
-1
-1
545
-1
159
-1
-1
-1
4123
-1
395
-1
-1
-1
-1
-1
-1
-1
4613
-1
1839
-1
-1
122
-1
-1
-1
-1
-1
-1
-1
-1
3256
1732
-1
1478
-1
3861
-1
279
2384
-1
-1
-1
3847
-1
-1
570
-1
3778
-1
-1
-1
-1
-1
-1
-1
3783
3794
381
-1
2473
-1
4443
-1
-1
4067
-1
502
4323
4758
580
-1
-1
4630
2229
-1
-1
2881
-1
2179
4811
-1
4246
4358
-1
3527
3145
2251
4275
2064
-1
-1
-1
-1
3692
-1
-1
-1
-1
-1
382
-1
4653
-1
-1
-1
4538
3574
-1
-1
-1
-1
-1
-1
-1
229
-1
-1
610
1701
-1
3684
-1
-1
1233
-1
-1
615
-1
-1
2942
-1
-1
-1
1492
-1
958
-1
-1
3732
3601
-1
-1
-1
-1
4413
-1
-1
-1
2343
-1
-1
-1
-1
3621
1874
2563
-1
-1
-1
-1
1618
4431
635
-1
-1
2429
3218
2986
-1
-1
3564
4352
4334
-1
3391
2905
552
-1
4269
-1
-1
3087
-1
4399
-1
4083
1838
-1
2589
2259
218
-1
1416
3215
-1
617
-1
2693
-1
202
654
473
2704
-1
1262
-1
-1
932
-1
-1
-1
-1
-1
-1
-1
-1
2763
2792
-1
4212
3082
1718
-1
-1
-1
3688
-1
-1
-1
575
-1
2971
2494
-1
-1
1487
-1
4419
-1
-1
4552
3096
326
680
-1
-1
2
-1
717
-1
2779
3446
685
1849
4378
-1
-1
-1
1118
3307
-1
690
-1
-1
-1
43
4975
1626
3699
-1
496
-1
3973
2034
29
1286
3478
2997
2664
4710
-1
-1
4542
3503
4769
-1
2029
-1
705
-1
337
-1
-1
-1
-1
4517
-1
710
-1
3466
1168
2837
-1
4558
1780
-1
715
4429
-1
-1
-1
-1
-1
-1
-1
3213
3383
-1
1187
-1
-1
4693
-1
2416
-1
-1
3450
-1
-1
2388
-1
-1
1123
730
-1
-1
4634
-1
276
-1
1046
-1
-1
351
4129
-1
-1
-1
-1
-1
606
-1
-1
-1
-1
-1
-1
-1
-1
4488
172
-1
-1
-1
-1
-1
-1
2097
676
-1
-1
-1
3160
-1
-1
-1
-1
-1
2464
2073
-1
4013
593
-1
-1
3253
-1
-1
876
-1
2783
-1
-1
4193
-1
-1
1120
2079
3255
4522
98
-1
-1
-1
568
770
4262
4725
1854
-1
-1
764
-1
-1
775
-1
-1
-1
-1
-1
2481
-1
-1
1497
-1
2178
4460
3920
983
4243
1946
-1
4402
-1
3149
2382
-1
3580
4906
-1
-1
-1
-1
3281
-1
-1
3912
3014
3834
3932
795
-1
-1
3755
1368
3843
-1
-1
15
-1
2044
-1
-1
2139
-1
-1
4574
611
-1
3436
1891
-1
4566
-1
3584
4712
-1
810
-1
-1
3511
-1
-1
4888
-1
128
815
-1
255
-1
-1
187
-1
-1
1935
820
-1
962
-1
-1
-1
-1
-1
-1
825
-1
3797
4351
-1
-1
-1
-1
-1
-1
4570
260
-1
3122
1702
881
-1
-1
-1
-1
-1
-1
711
357
-1
-1
1578
840
-1
-1
-1
-1
-1
2893
-1
2612
-1
-1
4162
-1
-1
-1
-1
3948
-1
3033
3725
-1
-1
-1
380
-1
-1
2561
855
-1
4263
-1
2990
-1
4485
3736
-1
-1
1833
1291
-1
-1
2818
1656
-1
2984
-1
-1
-1
-1
1807
4605
2408
-1
-1
870
3937
-1
-1
-1
4504
-1
692
-1
1713
4007
1692
2092
4671
-1
-1
-1
-1
880
-1
-1
2026
-1
-1
-1
-1
-1
885
-1
-1
-1
173
-1
1032
2001
-1
3089
-1
-1
-1
-1
-1
546
2769
1561
-1
-1
4066
-1
602
-1
-1
4706
-1
900
-1
2302
1521
1070
2436
3292
3521
4222
500
-1
2249
-1
-1
-1
4919
-1
2128
532
1367
-1
-1
-1
-1
-1
2527
-1
915
2248
-1
2718
744
-1
1592
-1
-1
3931
2319
-1
-1
-1
1587
3623
-1
-1
925
3768
-1
-1
-1
3415
4471
3888
1247
-1
4799
874
-1
-1
1627
-1
-1
-1
3097
-1
-1
-1
-1
1872
331
-1
2322
4850
-1
1424
-1
4792
1101
-1
1758
-1
-1
1348
-1
-1
-1
-1
-1
-1
-1
-1
-1
-1
-1
3320
-1
4050
2594
1392
955
2312
-1
-1
-1
-1
2595
-1
-1
1199
-1
2638
-1
-1
-1
-1
2569
84
965
2643
-1
-1
2288
-1
-1
-1
1427
970
-1
-1
-1
2186
3397
238
-1
-1
3309
-1
-1
-1
424
2674
-1
-1
3983
-1
-1
-1
301
4187
3159
-1
-1
-1
985
-1
535
4172
-1
-1
-1
-1
-1
990
2916
-1
2621
-1
-1
-1
-1
2118
-1
-1
-1
2193
1584
2895
623
-1
3695
1000
-1
-1
-1
-1
3101
671
-1
-1
1005
157
3631
434
-1
-1
-1
-1
-1
1010
3772
4683
1871
-1
-1
-1
-1
-1
1015
772
-1
4170
3404
928
-1
4595
-1
1020
-1
-1
4119
2841
-1
4745
-1
1819
1468
-1
-1
3470
-1
-1
-1
4587
-1
1030
-1
-1
-1
-1
-1
4674
-1
4047
-1
299
-1
-1
2564
2112
-1
3336
-1
1040
-1
2189
3245
-1
97
2838
-1
3876
1651
3643
-1
-1
196
-1
-1
-1
4075
1050
2061
-1
-1
4457
-1
-1
-1
4631
-1
-1
-1
-1
259
-1
796
-1
3123
-1
-1
3751
-1
4825
4029
1999
-1
4016
1065
-1
-1
2807
4913
3291
-1
1414
4089
-1
-1
1687
1869
-1
3959
1112
-1
-1
4410
3403
-1
-1
-1
-1
1536
-1
-1
1744
3874
4618
3260
4314
-1
-1
2334
-1
1376
-1
4382
-1
-1
-1
455
-1
-1
1090
-1
-1
-1
-1
-1
-1
4265
779
930
-1
4700
-1
-1
-1
-1
4268
-1
1532
3056
1157
-1
3119
-1
2676
-1
-1
1105
-1
-1
4040
-1
-1
-1
3364
4177
-1
4320
-1
4266
697
-1
3894
-1
338
4614
-1
-1
1634
-1
-1
-1
-1
-1
-1
2036
-1
-1
-1
296
-1
4439
-1
1125
-1
-1
-1
-1
-1
314
1650
2387
3608
-1
-1
812
-1
3867
903
3500
4506
-1
2170
-1
-1
-1
3288
-1
-1
1211
1140
2411
-1
-1
-1
-1
-1
2592
425
-1
-1
-1
863
2791
1754
4340
-1
-1
1150
2497
3704
252
-1
-1
-1
3993
-1
1155
2976
3231
-1
4354
-1
-1
-1
-1
-1
-1
-1
-1
743
3387
-1
4438
-1
1165
-1
1746
-1
-1
-1
-1
-1
-1
1107
-1
3694
-1
-1
-1
-1
-1
619
-1
3672
-1
-1
3598
31
3712
-1
-1
1969
4815
-1
2970
-1
-1
17
859
-1
1185
3798
-1
1745
-1
3792
-1
-1
3667
-1
4626
-1
4829
2093
-1
9
-1
-1
-1
-1
-1
-1
344
4781
-1
-1
3886
332
-1
804
-1
4447
-1
1698
-1
-1
2663
-1
-1
-1
4128
74
-1
-1
129
-1
-1
3604
-1
-1
-1
-1
2751
-1
1215
2910
-1
-1
3971
488
-1
-1
-1
126
-1
-1
-1
-1
-1
3877
4691
-1
1225
-1
-1
-1
-1
-1
-1
3323
-1
3152
2780
-1
4166
-1
-1
-1
-1
-1
20
2149
-1
4299
-1
-1
-1
-1
-1
2533
3286
3003
-1
3473
-1
-1
2423
-1
-1
-1
4461
-1
-1
-1
-1
281
-1
1250
-1
-1
-1
-1
4715
-1
3735
-1
2628
3622
-1
-1
-1
-1
3854
-1
-1
2609
-1
2615
-1
4910
3180
-1
2762
-1
1934
-1
-1
-1
-1
-1
-1
-1
-1
3966
-1
-1
3084
1715
-1
-1
188
-1
3816
1977
-1
2015
-1
-1
1383
-1
-1
1195
-1
3025
-1
-1
-1
-1
4514
4000
-1
1639
-1
1586
-1
-1
-1
2669
-1
-1
1307
817
969
-1
-1
861
-1
-1
-1
-1
-1
3528
-1
-1
-1
-1
-1
4192
1730
-1
1966
3541
-1
-1
2948
-1
-1
-1
627
2715
-1
1762
-1
-1
-1
1310
-1
-1
-1
-1
571
3870
-1
4954
-1
1779
2339
-1
-1
2155
-1
3398
2940
-1
516
-1
2188
-1
-1
-1
2749
2183
-1
4002
12
-1
4044
1525
2934
-1
-1
616
-1
3392
3761
1694
2235
-1
-1
-1
-1
-1
-1
2191
-1
2826
-1
998
-1
3835
-1
-1
828
-1
786
-1
3254
3791
267
-1
-1
1031
-1
-1
4200
4444
-1
1350
1403
-1
-1
1242
4883
-1
1458
-1
1355
1572
-1
846
4185
4125
3819
3484
-1
99
125
2047
-1
3858
-1
-1
-1
401
1961
4770
622
-1
-1
-1
1188
35
3896
-1
-1
2071
4852
-1
-1
-1
-1
641
-1
-1
-1
-1
478
1272
4225
53
3074
154
-1
-1
2946
-1
-1
-1
-1
3463
4898
-1
-1
-1
2127
-1
-1
-1
1201
-1
-1
-1
1163
1783
-1
1322
-1
1660
3002
-1
-1
4679
-1
926
4408
-1
-1
1400
-1
-1
4220
-1
1945
-1
2734
-1
1405
6
-1
4466
2062
-1
-1
1060
4708
1410
-1
-1
4978
3715
-1
-1
-1
-1
-1
4045
1038
-1
-1
4621
-1
2422
-1
1420
4884
-1
-1
-1
-1
3054
3550
-1
-1
582
4729
-1
-1
-1
-1
2056
-1
4925
3991
-1
818
-1
-1
-1
-1
1968
1387
-1
-1
3175
3060
4822
-1
-1
4505
-1
-1
1431
757
1738
2138
-1
-1
-1
1158
1549
3766
-1
-1
-1
1963
1055
-1
-1
4303
4332
-1
3547
3196
3637
-1
2212
4318
-1
3845
1541
-1
1898
-1
-1
-1
1460
-1
-1
4018
-1
-1
3395
38
4005
4196
3421
-1
1016
-1
4426
-1
-1
-1
2023
-1
1375
-1
-1
4001
-1
1579
2399
1475
3004
-1
2828
-1
-1
-1
-1
-1
3873
-1
2652
-1
-1
-1
2166
-1
4757
328
4568
-1
2233
240
4531
-1
-1
-1
1835
-1
2028
4335
4209
-1
-1
-1
2617
1495
-1
-1
-1
-1
1729
-1
3189
-1
1500
-1
-1
4500
116
3700
-1
1551
-1
1505
2832
-1
4890
453
-1
-1
-1
-1
2498
4983
2781
-1
-1
-1
-1
-1
-1
1515
-1
-1
-1
2206
-1
2857
816
-1
1520
-1
-1
4121
-1
-1
-1
-1
4097
-1
3515
-1
-1
-1
-1
2790
-1
-1
-1
-1
-1
-1
2776
2508
-1
-1
-1
1314
-1
-1
-1
698
-1
696
-1
2119
1540
-1
-1
-1
-1
827
4652
2624
-1
2470
-1
-1
798
439
2629
-1
1686
1463
1550
4509
149
-1
-1
-1
-1
3747
4598
3190
-1
2282
1352
-1
-1
-1
4264
752
-1
174
3905
3435
-1
-1
-1
-1
-1
2222
1964
-1
-1
4597
-1
1501
-1
-1
1570
-1
1815
-1
-1
664
-1
-1
1339
2620
1394
-1
3433
1736
778
-1
3789
-1
2146
-1
-1
-1
2972
-1
-1
-1
4345
1160
-1
4764
414
-1
3188
4274
-1
-1
1590
-1
4038
972
422
-1
-1
4717
3889
-1
1873
1175
4941
2632
-1
-1
-1
-1
4920
2819
-1
-1
-1
921
-1
1419
3405
1605
-1
2633
-1
-1
808
3050
911
-1
1610
-1
-1
-1
699
-1
3939
2611
-1
2050
-1
-1
906
1904
2147
3987
-1
-1
1620
-1
4336
-1
347
-1
2800
-1
-1
-1
3968
2129
-1
-1
3357
-1
4869
4379
-1
-1
-1
-1
-1
-1
2514
-1
-1
3068
-1
-1
-1
-1
3360
-1
-1
-1
3818
4555
-1
-1
4155
-1
-1
1552
3594
-1
-1
-1
-1
-1
-1
-1
-1
-1
-1
2373
2161
4548
-1
2825
-1
4421
-1
2376
2613
-1
3839
-1
-1
-1
-1
2103
-1
33
431
-1
-1
-1
1018
-1
-1
1665
-1
-1
-1
3911
-1
-1
-1
-1
297
1564
-1
1528
3406
4149
-1
-1
-1
1675
4114
-1
-1
3606
4714
-1
-1
2077
-1
681
-1
-1
-1
-1
-1
-1
-1
1685
2291
1305
1033
2362
-1
2070
416
2798
1690
-1
-1
-1
2266
3557
-1
-1
-1
2269
-1
-1
-1
-1
-1
-1
1261
4998
4787
-1
-1
4153
-1
271
-1
-1
-1
3906
4478
-1
-1
-1
-1
-1
-1
-1
1710
-1
-1
837
-1
-1
-1
-1
3055
-1
583
3458
-1
-1
4534
-1
-1
-1
1720
-1
2576
2418
-1
3289
4208
-1
-1
-1
-1
-1
1938
-1
-1
-1
-1
-1
-1
-1
-1
867
3907
-1
4079
4666
-1
1735
3806
-1
-1
1933
4070
-1
-1
-1
1740
1388
-1
-1
-1
-1
-1
-1
-1
-1
204
-1
88
-1
-1
-1
-1
-1
1750
-1
-1
-1
232
277
-1
1346
768
4989
-1
-1
-1
-1
-1
-1
3070
-1
1760
-1
1666
3240
-1
3140
-1
-1
-1
3784
2811
-1
-1
92
2787
2358
-1
1512
4546
346
841
4198
-1
308
-1
4492
-1
-1
3542
-1
-1
2989
-1
-1
4284
4524
-1
-1
-1
-1
-1
2839
4752
-1
771
-1
-1
3988
-1
-1
3951
-1
-1
302
3610
-1
2428
3262
656
-1
-1
2121
1222
1795
4956
2528
-1
-1
-1
-1
2651
2261
-1
1186
-1
4855
1803
-1
-1
-1
-1
1805
-1
-1
-1
2993
-1
-1
-1
2698
1810
-1
-1
3754
-1
63
4625
2353
-1
-1
-1
-1
-1
-1
550
-1
-1
-1
4048
-1
505
-1
-1
3338
1994
-1
1454
636
102
1469
-1
-1
-1
747
2458
-1
1830
1116
280
3734
902
4416
2581
-1
1772
-1
4526
3337
2803
-1
-1
-1
135
1217
1840
2523
3665
2719
-1
3765
3668
-1
2932
-1
1306
4076
1066
-1
-1
3094
667
-1
2326
1198
2568
3776
-1
-1
-1
-1
-1
-1
2493
334
-1
-1
-1
-1
-1
-1
1860
491
-1
-1
-1
-1
-1
-1
803
-1
2257
-1
3205
3385
-1
2913
-1
1987
2238
1814
4069
-1
4877
-1
4917
1989
947
1875
1035
-1
-1
-1
3490
-1
-1
-1
-1
4191
835
1747
3020
-1
-1
-1
-1
3191
-1
4571
3454
-1
3823
-1
3343
4802
1121
-1
-1
415
-1
2757
-1
-1
-1
2011
-1
-1
2489
-1
-1
-1
3424
-1
1900
-1
3543
-1
-1
-1
-1
-1
1434
-1
-1
-1
-1
-1
-1
2082
-1
-1
3042
2882
923
3519
3285
2662
-1
4385
598
1915
495
2862
166
3308
-1
-1
-1
3614
1920
4062
-1
-1
368
-1
3746
4305
-1
1925
1428
4600
3182
2516
1978
2645
-1
-1
3026
-1
4543
3627
-1
-1
-1
2165
3258
-1
3799
-1
-1
-1
922
-1
3493
-1
3698
-1
1853
4596
1647
-1
4949
1936
-1
-1
-1
3480
4620
-1
-1
-1
-1
2074
1950
805
-1
1023
3981
-1
-1
2572
3247
2778
-1
2843
-1
-1
1290
-1
-1
1722
1960
-1
-1
-1
-1
-1
3743
2425
73
-1
3375
3475
-1
-1
2679
-1
4428
-1
-1
4377
-1
-1
-1
-1
3526
-1
-1
2258
-1
-1
2513
-1
2167
-1
-1
-1
3216
2164
-1
-1
629
-1
-1
-1
896
-1
-1
-1
-1
-1
-1
-1
2538
2305
4110
-1
3044
-1
3706
404
-1
-1
366
1995
3897
-1
964
3534
-1
391
-1
-1
2000
-1
2601
-1
4491
524
3509
-1
1619
2005
4072
-1
-1
-1
-1
-1
-1
4900
3618
-1
-1
34
2717
2817
-1
-1
4958
-1
3851
-1
-1
1062
-1
3522
-1
-1
2020
-1
-1
-1
2926
4085
-1
-1
-1
2025
2748
1152
-1
2068
1798
-1
-1
-1
2030
-1
-1
2239
-1
-1
865
2688
2931
2035
-1
814
-1
1981
-1
-1
-1
1769
762
383
-1
2107
-1
-1
782
2315
3582
991
-1
-1
-1
178
4448
120
2465
3315
-1
3941
-1
-1
-1
-1
-1
-1
3957
3763
-1
-1
3629
1181
2813
-1
-1
4818
4391
-1
-1
2163
160
-1
-1
-1
-1
2065
644
-1
686
-1
-1
-1
46
2834
-1
-1
-1
2096
-1
4591
-1
2106
718
2391
3808
161
719
-1
-1
-1
2208
-1
2855
-1
-1
-1
-1
1631
1645
957
3179
-1
-1
1182
4549
-1
-1
-1
-1
-1
3561
3678
-1
-1
-1
-1
-1
944
-1
2095
2372
-1
-1
-1
213
-1
-1
-1
4834
3069
-1
-1
-1
-1
2546
-1
-1
3170
-1
-1
-1
4836
-1
1998
-1
-1
2110
4188
-1
-1
1866
-1
1733
1479
-1
1880
-1
3461
591
-1
-1
-1
-1
-1
1517
-1
-1
-1
-1
4454
-1
-1
-1
4291
2654
4353
-1
-1
363
3555
-1
-1
2596
3961
-1
-1
-1
2250
4143
-1
4933
2135
-1
1418
-1
-1
-1
1069
2327
-1
1491
2242
3330
8
3583
1276
-1
1855
-1
-1
1928
462
1943
-1
2022
-1
-1
-1
2352
2462
1719
-1
-1
-1
-1
-1
2732
-1
967
-1
-1
3963
61
682
-1
793
4912
-1
2059
-1
-1
-1
-1
-1
2520
-1
-1
2871
-1
-1
-1
151
-1
-1
-1
-1
-1
4863
2950
3585
2814
-1
3552
2175
4783
-1
-1
-1
-1
2205
-1
3774
3958
-1
-1
-1
1557
94
-1
-1
-1
2185
-1
-1
-1
-1
4805
-1
-1
-1
-1
-1
-1
-1
-1
2907
-1
-1
-1
-1
-1
-1
-1
-1
-1
1724
3950
437
-1
-1
-1
-1
-1
1669
-1
942
1941
-1
-1
-1
-1
2223
3371
1542
2198
-1
2210
3235
-1
3782
-1
-1
4134
3591
-1
2725
3214
-1
4677
3663
-1
-1
-1
-1
2220
-1
-1
4977
-1
4895
-1
596
714
2225
-1
-1
-1
-1
-1
2113
-1
-1
2230
-1
-1
-1
-1
-1
224
-1
3801
-1
3049
-1
4376
-1
-1
-1
4887
712
4853
1292
2386
466
-1
-1
-1
4140
-1
2996
1067
1903
-1
-1
4944
3508
-1
191
-1
-1
-1
-1
-1
-1
-1
-1
2646
2255
3361
3419
1409
-1
-1
-1
-1
393
2260
-1
-1
4951
-1
3005
-1
3722
-1
-1
373
1612
-1
47
-1
4756
-1
-1
1174
-1
-1
-1
-1
4221
-1
4711
3239
-1
4386
409
4450
4159
1254
-1
1191
-1
-1
2637
14
2812
-1
-1
446
-1
2145
2982
2739
4957
-1
831
-1
657
-1
-1
2290
-1
1892
-1
-1
2503
-1
-1
651
-1
-1
2635
-1
-1
-1
3079
-1
-1
2300
-1
-1
-1
-1
-1
-1
2281
-1
-1
-1
-1
-1
-1
1901
3676
2099
-1
4846
-1
-1
-1
-1
4117
1218
4420
-1
-1
-1
1037
-1
-1
-1
-1
-1
523
-1
-1
1311
4363
794
-1
2314
3513
-1
2325
2842
237
-1
4797
-1
-1
2921
4953
-1
3322
-1
-1
-1
628
4669
2806
-1
-1
-1
-1
-1
-1
-1
-1
-1
-1
2340
-1
-1
-1
4286
4312
-1
54
-1
2345
-1
-1
-1
2656
-1
-1
201
4144
2350
-1
-1
-1
-1
652
-1
-1
2754
2355
-1
4247
1496
-1
-1
-1
-1
2860
2006
-1
1328
-1
987
-1
-1
4104
-1
4929
-1
2396
411
-1
-1
433
-1
1668
2370
1553
2123
-1
2280
-1
-1
2337
1054
2375
1206
4707
1944
4449
3640
-1
3804
-1
-1
-1
4027
-1
1894
117
3934
-1
-1
2385
-1
4161
-1
2965
-1
-1
-1
144
2390
-1
-1
4253
-1
-1
-1
3115
-1
-1
4964
-1
2534
-1
-1
2218
4746
-1
215
-1
1169
-1
3501
3379
3340
4567
-1
2405
-1
24
4255
-1
527
-1
-1
-1
645
-1
476
4239
-1
3916
646
1450
4430
2415
3168
4932
2378
1881
1277
4302
3727
1836
2884
-1
-1
-1
-1
-1
761
-1
-1
-1
-1
-1
-1
-1
-1
-1
175
-1
4905
-1
-1
4551
1743
2969
-1
-1
4948
2435
-1
3860
-1
-1
-1
-1
-1
-1
1956
-1
-1
-1
-1
-1
-1
-1
-1
2445
3947
613
-1
-1
1688
1972
-1
2323
2244
317
-1
-1
4427
-1
3131
-1
-1
1332
-1
-1
-1
1888
2216
-1
-1
-1
2460
-1
3995
-1
2452
-1
-1
-1
-1
-1
-1
4103
-1
1074
2902
-1
-1
-1
-1
-1
-1
-1
-1
-1
-1
-1
-1
1828
4722
472
-1
-1
223
-1
-1
-1
2480
-1
-1
3043
-1
4273
2582
2456
2979
-1
-1
4112
-1
-1
3047
-1
-1
-1
2490
1068
-1
-1
3010
-1
-1
-1
-1
2909
-1
-1
2461
-1
-1
1386
735
-1
3172
1285
4878
-1
-1
3581
-1
2678
1321
2505
3300
-1
-1
3745
407
-1
4319
-1
1887
2740
-1
-1
2998
4267
-1
1384
1483
2515
-1
-1
3671
3753
4698
-1
4557
-1
-1
4664
48
4902
-1
2974
2488
-1
-1
4189
-1
1652
4425
32
-1
-1
1771
-1
2530
-1
-1
4999
2087
-1
-1
-1
4480
21
2608
-1
-1
-1
-1
-1
-1
2587
2540
-1
-1
-1
-1
833
-1
-1
4657
3117
4096
-1
-1
1841
-1
-1
-1
-1
243
-1
4754
-1
-1
-1
1484
-1
-1
2555
3038
42
-1
1151
4435
-1
3187
1829
-1
3619
2784
-1
-1
-1
-1
4588
-1
4118
-1
-1
3290
392
2051
-1
-1
-1
2057
-1
2689
-1
-1
4328
4793
-1
2213
2575
-1
1862
-1
-1
3296
-1
-1
71
443
-1
-1
3464
3027
-1
-1
-1
1002
3609
-1
-1
-1
-1
4226
-1
2424
-1
4242
-1
-1
-1
-1
1954
-1
-1
1133
-1
-1
-1
-1
-1
4847
-1
3294
-1
2600
-1
1965
-1
-1
2431
891
-1
-1
2605
3802
-1
-1
-1
-1
57
-1
1232
2610
2336
-1
-1
4235
-1
193
3787
-1
-1
-1
3576
-1
4348
3376
-1
2295
-1
-1
-1
-1
3525
-1
2911
4665
790
-1
2625
-1
1985
-1
961
-1
-1
436
-1
2338
4871
-1
-1
-1
-1
-1
-1
-1
-1
-1
-1
995
-1
-1
1324
-1
-1
1951
-1
3439
-1
2977
-1
-1
1136
4147
-1
-1
-1
-1
-1
156
-1
3881
-1
-1
-1
-1
-1
-1
-1
-1
4088
3639
417
4667
-1
-1
4778
-1
-1
1677
4035
2660
-1
-1
-1
691
-1
587
-1
-1
2665
2696
2830
3731
1258
1364
-1
3
-1
-1
-1
114
-1
-1
3130
-1
-1
-1
2377
-1
3442
3856
-1
-1
1811
-1
-1
3399
-1
-1
4733
-1
917
1848
-1
4356
2685
89
-1
1415
-1
4579
-1
-1
1763
907
-1
-1
-1
-1
4329
3975
1401
-1
2695
3449
-1
-1
-1
354
291
-1
-1
4032
4525
-1
4446
-1
2256
-1
-1
4994
3563
822
-1
-1
-1
-1
1827
-1
2743
2648
-1
-1
-1
-1
-1
-1
-1
-1
-1
-1
-1
4313
-1
-1
-1
1859
-1
2720
-1
-1
-1
2925
2560
-1
4308
2486
-1
-1
2835
3820
-1
-1
-1
-1
-1
2730
4947
4704
-1
-1
-1
-1
-1
-1
2735
62
2231
-1
4093
-1
4690
1153
2511
-1
-1
349
1624
2701
171
959
-1
-1
2745
77
-1
-1
4973
-1
-1
3489
3904
-1
4330
4572
3200
1717
-1
-1
-1
4300
2755
655
4727
-1
2711
-1
-1
689
-1
2760
4874
1922
4981
3649
2412
2936
-1
2682
526
-1
4394
-1
-1
2785
-1
-1
1087
-1
-1
-1
566
1171
-1
-1
-1
-1
1296
-1
-1
3194
994
