-1
-1
723
-1
-1
-1
-1
1116
-1
-1
-1
-1
-1
-1
-1
-1
-1
-1
-1
-1
-1
-1
-1
-1
-1
-1
-1
-1
-1
-1
-1
-1
-1
-1
-1
-1
-1
-1
-1
-1
-1
-1
-1
1734
-1
-1
-1
-1
-1
2070
1046
-1
-1
-1
-1
-1
2674
-1
-1
-1
-1
2477
-1
-1
-1
-1
-1
-1
-1
-1
-1
-1
-1
-1
555
-1
-1
-1
70
619
-1
2727
-1
-1
-1
-1
-1
-1
-1
-1
-1
-1
-1
-1
-1
-1
-1
-1
-1
-1
-1
-1
-1
-1
-1
-1
-1
-1
-1
-1
-1
-1
-1
-1
-1
421
-1
-1
-1
-1
1659
-1
-1
-1
2145
-1
-1
-1
-1
-1
-1
-1
-1
-1
-1
-1
-1
-1
-1
-1
-1
-1
-1
-1
-1
-1
-1
-1
-1
-1
-1
-1
-1
-1
-1
-1
-1
-1
-1
-1
-1
-1
-1
2690
-1
-1
-1
-1
-1
-1
-1
-1
-1
-1
-1
-1
-1
-1
-1
-1
2448
-1
-1
-1
-1
-1
-1
95
-1
-1
-1
-1
-1
-1
-1
-1
-1
2971
-1
-1
-1
-1
-1
1965
-1
-1
-1
-1
1068
-1
72
-1
-1
-1
-1
-1
-1
-1
-1
-1
-1
1881
-1
-1
-1
-1
-1
-1
-1
-1
-1
-1
-1
-1
-1
-1
-1
2616
-1
1682
-1
-1
-1
-1
-1
-1
-1
2535
-1
-1
-1
-1
-1
-1
-1
-1
-1
-1
2645
-1
-1
-1
1554
-1
-1
-1
-1
-1
-1
2811
-1
-1
-1
-1
-1
-1
-1
-1
2683
2951
-1
-1
2793
2947
-1
-1
-1
2449
-1
-1
-1
-1
-1
-1
-1
-1
-1
-1
-1
-1
-1
-1
-1
1535
-1
1966
2230
-1
-1
-1
-1
-1
-1
-1
-1
-1
-1
-1
-1
-1
-1
-1
-1
-1
-1
-1
-1
-1
-1
2699
-1
-1
-1
-1
-1
-1
-1
80
-1
-1
-1
-1
-1
1200
-1
-1
-1
-1
-1
-1
-1
-1
-1
-1
-1
-1
-1
-1
-1
1181
-1
-1
-1
-1
-1
-1
-1
-1
-1
-1
-1
-1
-1
1968
-1
-1
-1
-1
-1
-1
-1
-1
-1
-1
-1
-1
1589
-1
2430
-1
-1
-1
-1
-1
-1
-1
-1
-1
227
-1
-1
-1
-1
-1
-1
-1
-1
454
-1
-1
-1
-1
-1
-1
-1
357
-1
-1
-1
-1
-1
-1
-1
1474
-1
1637
-1
-1
-1
-1
-1
-1
-1
-1
2966
-1
662
-1
-1
-1
-1
-1
-1
-1
-1
-1
-1
-1
-1
-1
-1
1666
-1
-1
-1
-1
-1
2007
-1
-1
-1
-1
-1
645
-1
-1
-1
-1
-1
-1
-1
-1
202
-1
-1
-1
-1
-1
-1
-1
-1
-1
-1
-1
-1
-1
-1
-1
-1
-1
-1
-1
-1
-1
-1
275
-1
-1
-1
-1
-1
-1
-1
-1
-1
-1
-1
-1
-1
1353
-1
-1
2767
-1
-1
-1
-1
-1
-1
-1
-1
-1
-1
-1
2837
-1
-1
1383
-1
2453
-1
-1
2751
-1
-1
-1
-1
-1
1981
-1
-1
-1
-1
-1
-1
-1
1839
-1
-1
-1
-1
-1
-1
-1
-1
2801
-1
322
-1
2004
-1
-1
-1
-1
1207
-1
-1
-1
-1
-1
-1
-1
-1
-1
-1
-1
-1
-1
617
-1
-1
2384
-1
-1
-1
-1
-1
1800
-1
-1
-1
-1
-1
-1
-1
-1
-1
-1
-1
-1
2850
2974
-1
383
-1
-1
-1
-1
-1
411
-1
2771
-1
-1
-1
-1
-1
2738
-1
-1
1710
1314
-1
-1
-1
-1
-1
-1
350
-1
-1
-1
-1
-1
-1
860
-1
-1
-1
1647
-1
-1
-1
-1
2522
-1
-1
-1
-1
-1
-1
-1
-1
-1
-1
-1
-1
1705
-1
332
-1
-1
-1
-1
-1
-1
-1
-1
-1
-1
-1
-1
250
-1
-1
-1
-1
-1
-1
-1
-1
-1
-1
-1
-1
-1
-1
-1
-1
-1
-1
-1
915
-1
-1
-1
-1
-1
-1
-1
-1
-1
-1
-1
-1
-1
-1
2950
-1
-1
-1
-1
-1
-1
-1
-1
-1
-1
-1
838
-1
-1
-1
-1
-1
-1
-1
-1
-1
-1
-1
2711
-1
-1
-1
-1
-1
2875
-1
-1
-1
-1
-1
-1
698
-1
-1
-1
-1
-1
-1
-1
-1
-1
-1
-1
-1
-1
-1
-1
-1
-1
-1
-1
-1
-1
-1
531
-1
-1
431
-1
-1
-1
-1
-1
325
-1
-1
-1
-1
-1
-1
-1
-1
-1
-1
-1
2607
-1
-1
129
-1
-1
2688
-1
-1
-1
-1
329
-1
-1
-1
-1
-1
-1
-1
502
-1
-1
-1
-1
-1
-1
-1
-1
644
-1
-1
-1
-1
-1
-1
-1
-1
-1
-1
-1
-1
-1
-1
-1
-1
-1
-1
-1
-1
-1
-1
-1
-1
1060
-1
-1
-1
-1
2606
-1
-1
-1
-1
-1
-1
-1
-1
-1
-1
-1
-1
-1
-1
-1
-1
-1
-1
-1
-1
-1
-1
118
-1
-1
-1
-1
-1
-1
-1
-1
-1
-1
-1
-1
-1
-1
-1
2234
-1
-1
870
-1
-1
-1
-1
-1
-1
-1
-1
-1
-1
-1
-1
-1
-1
286
-1
-1
2866
-1
-1
-1
-1
2721
-1
-1
-1
-1
-1
-1
-1
-1
-1
-1
-1
-1
-1
-1
2258
2948
-1
-1
69
-1
-1
-1
-1
-1
-1
-1
-1
-1
-1
-1
-1
1963
-1
1067
-1
-1
-1
-1
-1
-1
-1
-1
-1
-1
-1
-1
-1
-1
-1
-1
-1
-1
-1
-1
-1
-1
-1
-1
-1
-1
2881
-1
-1
-1
-1
-1
-1
-1
-1
-1
-1
-1
-1
-1
-1
-1
-1
-1
-1
-1
-1
-1
1955
2972
-1
-1
1751
-1
