-1
-1
723
-1
-1
-1
-1
12
-1
-1
-1
-1
-1
-1
-1
-1
-1
380
-1
-1
-1
-1
-1
-1
-1
-1
-1
-1
-1
-1
-1
-1
-1
-1
-1
-1
-1
-1
-1
-1
-1
-1
-1
-1
-1
-1
-1
-1
-1
865
960
-1
-1
-1
-1
-1
259
-1
-1
-1
-1
-1
-1
-1
-1
-1
-1
-1
-1
-1
-1
-1
-1
-1
555
-1
-1
-1
70
619
-1
-1
-1
-1
-1
-1
-1
-1
-1
-1
-1
-1
-1
-1
-1
-1
-1
-1
-1
-1
-1
-1
-1
-1
-1
-1
-1
-1
-1
-1
-1
-1
-1
-1
-1
421
-1
-1
-1
-1
872
-1
-1
-1
407
-1
-1
-1
-1
-1
-1
-1
-1
-1
-1
-1
-1
-1
-1
-1
-1
-1
-1
-1
-1
-1
-1
-1
-1
-1
-1
-1
-1
-1
-1
-1
-1
-1
-1
-1
-1
-1
-1
-1
-1
-1
-1
-1
-1
-1
-1
-1
-1
-1
-1
-1
-1
-1
-1
-1
-1
-1
-1
-1
-1
-1
-1
95
-1
-1
-1
-1
-1
-1
-1
-1
-1
920
-1
-1
-1
-1
-1
173
-1
-1
-1
-1
-1
-1
72
-1
-1
-1
-1
-1
-1
-1
-1
-1
-1
15
-1
-1
-1
-1
-1
-1
-1
-1
-1
-1
-1
-1
-1
-1
-1
-1
-1
898
-1
-1
-1
-1
-1
-1
-1
271
-1
-1
-1
-1
-1
-1
-1
-1
-1
-1
947
-1
-1
-1
434
-1
-1
-1
-1
-1
-1
-1
-1
-1
-1
-1
-1
-1
-1
-1
-1
147
-1
-1
-1
333
-1
-1
-1
-1
-1
-1
-1
-1
-1
-1
-1
-1
-1
-1
-1
-1
-1
-1
-1
-1
-1
996
-1
-1
-1
-1
-1
-1
-1
-1
-1
-1
-1
-1
-1
-1
-1
-1
-1
-1
-1
-1
-1
-1
-1
67
-1
-1
-1
-1
-1
-1
-1
80
-1
-1
-1
-1
-1
-1
-1
-1
-1
-1
-1
-1
-1
-1
-1
-1
-1
-1
-1
-1
-1
573
-1
-1
-1
-1
-1
-1
-1
-1
-1
-1
-1
357
-1
71
-1
-1
-1
-1
-1
-1
-1
-1
-1
-1
-1
-1
-1
-1
966
-1
-1
-1
-1
-1
-1
-1
-1
-1
227
-1
-1
-1
-1
-1
-1
-1
-1
454
-1
-1
-1
-1
-1
-1
-1
-1
-1
-1
-1
-1
-1
-1
-1
567
-1
856
-1
-1
-1
-1
-1
-1
-1
-1
648
-1
474
-1
-1
-1
-1
-1
-1
-1
-1
-1
-1
-1
-1
-1
-1
-1
-1
-1
-1
-1
-1
-1
-1
-1
-1
-1
-1
645
-1
-1
-1
-1
-1
-1
-1
-1
202
838
-1
-1
-1
-1
-1
-1
-1
-1
-1
-1
-1
-1
-1
-1
-1
-1
-1
-1
-1
-1
-1
275
-1
-1
-1
-1
-1
-1
-1
-1
-1
-1
-1
-1
-1
21
-1
-1
-1
-1
-1
-1
-1
-1
-1
-1
-1
-1
-1
-1
994
-1
-1
570
-1
-1
-1
-1
86
-1
-1
-1
-1
-1
944
-1
-1
-1
-1
-1
-1
-1
694
-1
-1
-1
-1
-1
-1
-1
-1
653
-1
322
-1
508
-1
-1
-1
-1
-1
-1
-1
-1
-1
-1
-1
-1
-1
-1
-1
-1
-1
-1
617
-1
-1
-1
-1
-1
-1
-1
-1
410
-1
-1
-1
-1
-1
-1
-1
-1
-1
-1
-1
-1
713
-1
-1
383
-1
-1
-1
-1
-1
411
-1
936
-1
-1
-1
-1
-1
773
-1
-1
-1
-1
-1
-1
-1
-1
-1
-1
350
-1
-1
-1
-1
-1
-1
860
-1
-1
-1
-1
-1
-1
-1
-1
755
-1
-1
-1
-1
-1
-1
-1
-1
-1
-1
-1
-1
-1
-1
332
-1
-1
-1
-1
-1
-1
-1
-1
-1
-1
-1
-1
250
-1
-1
-1
-1
-1
-1
-1
-1
-1
-1
-1
-1
-1
-1
-1
-1
-1
-1
-1
915
-1
-1
-1
-1
-1
-1
-1
-1
-1
-1
-1
-1
-1
-1
-1
-1
-1
-1
-1
-1
-1
-1
-1
-1
-1
-1
-1
-1
-1
-1
-1
-1
-1
-1
-1
-1
-1
-1
425
-1
-1
-1
-1
-1
-1
-1
-1
-1
-1
-1
-1
698
-1
-1
-1
-1
-1
-1
-1
-1
-1
-1
-1
-1
-1
-1
-1
-1
-1
-1
-1
-1
-1
-1
531
-1
-1
431
-1
-1
-1
-1
-1
739
-1
-1
-1
-1
-1
-1
-1
-1
-1
-1
-1
753
-1
-1
129
-1
-1
532
-1
-1
-1
-1
329
-1
-1
-1
-1
-1
-1
-1
502
-1
-1
-1
-1
-1
-1
-1
-1
644
-1
-1
-1
-1
-1
-1
-1
-1
-1
-1
-1
-1
-1
-1
-1
-1
-1
-1
-1
-1
-1
-1
-1
-1
-1
-1
-1
-1
-1
-1
-1
-1
-1
-1
-1
-1
-1
-1
-1
-1
-1
-1
-1
-1
-1
-1
-1
-1
-1
-1
-1
-1
118
-1
-1
-1
-1
-1
-1
-1
-1
-1
-1
-1
-1
-1
-1
-1
-1
-1
-1
870
-1
-1
-1
-1
-1
-1
-1
-1
-1
-1
-1
-1
-1
-1
286
-1
-1
-1
-1
-1
-1
-1
682
-1
-1
-1
-1
-1
-1
-1
-1
-1
-1
-1
-1
-1
-1
991
596
-1
-1
69
-1
-1
-1
-1
-1
-1
-1
-1
-1
-1
-1
-1
145
-1
-1
-1
-1
-1
-1
-1
-1
-1
-1
-1
-1
-1
-1
-1
-1
-1
-1
-1
-1
-1
-1
-1
-1
-1
-1
-1
-1
-1
-1
-1
-1
-1
-1
-1
-1
-1
-1
-1
-1
-1
-1
-1
-1
-1
-1
-1
-1
-1
-1
674
815
-1
-1
-1
-1
