0
-1
-1
2041
-1
-1
-1
-1
-1
5
-1
1568
-1
1119
-1
1282
-1
-1
10
-1
-1
-1
-1
1441
2958
-1
-1
-1
-1
-1
2821
-1
-1
-1
471
2658
20
-1
-1
-1
-1
528
-1
847
-1
25
-1
-1
2247
-1
-1
-1
-1
-1
30
-1
-1
-1
1504
-1
2078
-1
36
-1
-1
-1
-1
1581
-1
-1
-1
-1
40
-1
-1
-1
-1
-1
-1
2404
-1
924
-1
-1
-1
1074
-1
-1
1064
1077
2492
293
-1
1094
2306
-1
-1
-1
-1
55
141
679
309
1653
2644
153
-1
2403
60
-1
-1
-1
-1
-1
996
1797
-1
65
-1
-1
1997
-1
-1
2602
-1
-1
70
1571
-1
-1
-1
-1
624
2591
-1
211
-1
2426
1516
-1
-1
1706
-1
-1
1554
-1
-1
-1
-1
-1
1638
-1
-1
378
1321
-1
-1
-1
-1
2596
-1
-1
402
-1
2992
-1
-1
-1
-1
-1
-1
-1
1326
-1
-1
1686
-1
-1
-1
-1
100
-1
-1
-1
-1
866
-1
1164
-1
-1
-1
-1
139
868
-1
-1
-1
2176
66
-1
-1
1519
-1
-1
2054
854
-1
244
-1
-1
2927
1851
-1
-1
-1
-1
-1
-1
1347
-1
-1
-1
1073
-1
-1
-1
2086
2878
-1
2957
-1
2442
-1
-1
519
-1
-1
58
148
-1
-1
-1
-1
-1
-1
-1
-1
-1
766
-1
-1
-1
140
1867
-1
1996
-1
1818
-1
2477
-1
145
-1
-1
-1
-1
2206
-1
2978
124
150
-1
2646
-1
-1
-1
-1
-1
-1
155
318
-1
-1
2287
-1
658
-1
-1
-1
-1
2007
-1
-1
-1
-1
-1
-1
1033
-1
-1
169
2276
-1
2614
-1
-1
776
-1
-1
-1
-1
-1
-1
-1
-1
-1
-1
-1
-1
1567
-1
1752
1813
-1
180
-1
-1
-1
-1
1503
675
-1
-1
185
2187
531
2653
-1
1004
-1
167
-1
-1
-1
-1
1966
-1
400
-1
749
-1
386
-1
934
-1
-1
-1
-1
-1
-1
-1
-1
-1
-1
-1
-1
740
-1
-1
205
1609
1210
802
-1
-1
1767
1916
888
210
1562
-1
-1
800
-1
-1
-1
285
-1
539
-1
-1
1597
2963
-1
-1
-1
1027
-1
2491
2962
-1
-1
-1
-1
-1
-1
-1
-1
-1
290
-1
-1
-1
-1
-1
-1
266
659
2211
2618
-1
-1
-1
235
-1
428
-1
-1
771
-1
-1
-1
240
-1
648
-1
-1
-1
-1
-1
-1
2253
-1
2606
-1
1548
-1
-1
-1
199
250
-1
-1
-1
-1
-1
-1
1667
-1
-1
-1
-1
-1
2923
-1
2479
-1
-1
260
-1
-1
-1
-1
-1
-1
-1
-1
-1
882
-1
-1
2772
2713
1263
-1
-1
1357
-1
754
-1
-1
-1
-1
-1
-1
-1
-1
-1
-1
-1
-1
2199
1776
1683
-1
-1
451
1274
-1
-1
-1
-1
-1
-1
-1
1761
-1
-1
-1
-1
-1
-1
-1
1919
-1
-1
-1
-1
2131
984
-1
295
1821
-1
-1
343
1753
-1
-1
-1
729
-1
-1
2981
-1
-1
-1
-1
-1
305
-1
2793
1781
569
-1
-1
-1
2507
254
1582
-1
-1
-1
1882
2541
2133
2308
2029
-1
1725
-1
-1
1664
-1
-1
-1
320
209
-1
2465
-1
-1
-1
-1
649
325
-1
-1
-1
-1
1858
2702
-1
-1
1673
2604
-1
-1
-1
-1
200
2805
-1
335
-1
-1
1308
-1
-1
-1
1699
1204
1096
-1
-1
-1
2694
963
-1
-1
-1
1613
-1
23
-1
-1
-1
-1
-1
-1
944
-1
1370
773
-1
832
-1
1511
-1
355
-1
-1
-1
-1
-1
-1
-1
-1
360
-1
-1
-1
-1
-1
-1
-1
-1
2887
-1
2042
1293
-1
-1
-1
-1
-1
370
-1
-1
-1
-1
-1
1139
-1
1521
203
-1
-1
418
556
-1
1629
-1
1231
-1
-1
-1
1453
-1
-1
-1
-1
-1
1991
-1
-1
-1
2192
1190
-1
-1
2279
758
-1
-1
-1
-1
-1
-1
-1
1808
-1
-1
-1
2476
-1
1986
-1
-1
-1
-1
-1
-1
-1
-1
-1
-1
-1
-1
405
2542
2238
-1
-1
-1
826
-1
2341
410
-1
-1
239
1800
-1
394
-1
-1
415
-1
952
-1
-1
-1
-1
-1
-1
420
-1
-1
-1
1844
-1
-1
741
-1
-1
-1
-1
-1
748
-1
-1
2823
-1
430
-1
-1
-1
-1
-1
-1
-1
-1
2856
-1
-1
-1
2194
-1
-1
553
-1
663
-1
-1
-1
1114
-1
-1
2671
-1
377
-1
2529
-1
1166
-1
-1
-1
-1
450
-1
-1
-1
2134
22
-1
-1
-1
-1
753
-1
-1
-1
678
2827
-1
-1
1053
1864
-1
-1
-1
-1
1796
-1
-1
2883
1253
-1
-1
1179
2028
-1
214
-1
470
-1
181
2627
-1
-1
-1
-1
-1
1806
-1
-1
-1
-1
521
-1
1905
-1
-1
-1
-1
-1
-1
2234
-1
-1
230
1908
-1
2575
-1
2398
1131
-1
-1
-1
-1
-1
1196
82
1672
-1
549
-1
459
-1
-1
2899
-1
1219
-1
806
-1
-1
-1
1633
-1
-1
-1
-1
2707
-1
1607
-1
-1
1297
-1
-1
2754
669
-1
-1
1091
-1
2647
1462
-1
532
-1
2184
668
515
2277
-1
586
-1
756
1574
2381
-1
520
-1
-1
1011
-1
-1
-1
-1
-1
1742
2298
118
-1
-1
-1
2859
-1
-1
2939
-1
1044
-1
2342
-1
-1
-1
-1
535
-1
-1
-1
-1
2815
-1
-1
-1
2002
454
-1
-1
-1
103
-1
-1
-1
545
-1
159
-1
2501
-1
-1
-1
395
-1
-1
-1
-1
-1
-1
8
-1
-1
1839
-1
-1
122
-1
-1
-1
-1
-1
-1
-1
-1
2502
1732
-1
-1
-1
2331
1536
279
2384
-1
-1
-1
-1
-1
-1
570
-1
-1
-1
-1
-1
-1
-1
-1
-1
-1
-1
381
-1
-1
-1
1315
-1
-1
484
-1
502
-1
2594
580
-1
-1
585
2229
-1
-1
2881
-1
2179
-1
-1
844
-1
1478
-1
2169
2251
-1
2064
-1
-1
-1
-1
1476
-1
-1
-1
-1
-1
382
-1
-1
-1
-1
-1
794
2371
-1
-1
-1
-1
-1
-1
-1
229
-1
-1
610
1701
-1
2742
-1
-1
1233
-1
-1
615
-1
-1
522
-1
-1
-1
1492
-1
958
-1
-1
-1
1723
-1
-1
-1
-1
1777
-1
-1
-1
2343
-1
-1
-1
-1
630
1874
2563
-1
-1
-1
-1
1618
2699
635
-1
-1
2429
-1
2986
-1
-1
-1
1056
2770
-1
-1
2905
552
-1
-1
-1
-1
-1
-1
2930
-1
2401
1838
-1
2589
650
218
-1
1416
2716
-1
617
-1
2693
655
202
654
473
-1
-1
1262
-1
-1
932
-1
-1
-1
-1
-1
-1
-1
-1
2763
2792
-1
959
2891
1718
-1
-1
-1
1739
-1
-1
-1
575
-1
2971
2494
-1
-1
1487
-1
518
-1
-1
-1
1248
326
680
1116
-1
2
-1
717
-1
2779
1512
505
1849
2829
-1
-1
-1
1118
2333
-1
690
-1
-1
-1
1459
2474
2579
-1
-1
496
1178
-1
2034
29
1286
-1
2997
2664
700
-1
-1
2603
708
2880
-1
-1
-1
705
-1
337
-1
-1
-1
-1
1738
-1
710
-1
2667
1168
2837
-1
406
1780
-1
715
-1
-1
-1
-1
-1
-1
-1
-1
720
1721
-1
1187
-1
-1
-1
-1
2416
-1
-1
634
-1
-1
2388
-1
-1
1123
730
-1
-1
2890
2857
276
-1
1046
-1
-1
351
759
-1
-1
-1
-1
-1
606
-1
-1
-1
-1
-1
-1
-1
2942
-1
172
-1
-1
-1
-1
-1
-1
2097
676
-1
-1
-1
-1
-1
-1
-1
-1
-1
2464
2073
-1
-1
593
-1
-1
734
-1
760
876
-1
2783
-1
-1
-1
-1
-1
2588
2079
2641
1971
98
-1
-1
-1
568
770
127
-1
1854
-1
-1
-1
-1
-1
775
-1
-1
-1
-1
-1
2481
-1
-1
1135
-1
2178
-1
2912
983
87
1946
-1
2369
-1
-1
2382
-1
1674
-1
-1
-1
-1
-1
186
-1
-1
-1
-1
-1
-1
795
-1
-1
-1
1368
-1
-1
-1
15
-1
2044
-1
-1
2139
-1
-1
-1
611
-1
-1
1327
-1
541
-1
-1
1252
-1
810
-1
-1
-1
-1
-1
-1
-1
128
815
-1
255
-1
-1
-1
-1
-1
1935
820
-1
962
-1
-1
-1
-1
-1
-1
825
-1
2317
2846
-1
-1
-1
-1
-1
-1
-1
-1
-1
225
1702
881
-1
-1
-1
-1
-1
-1
711
-1
-1
-1
1578
840
-1
-1
-1
-1
-1
1876
-1
2612
-1
-1
-1
-1
-1
-1
-1
1481
-1
850
-1
-1
-1
704
380
-1
-1
2561
855
1961
-1
-1
2990
-1
688
2137
-1
-1
1833
1291
-1
-1
2818
1656
-1
2984
-1
-1
-1
-1
1807
774
2408
-1
-1
870
563
-1
-1
-1
1787
-1
692
-1
875
1696
1692
2092
-1
-1
-1
-1
-1
880
-1
-1
192
-1
-1
-1
-1
-1
885
-1
-1
-1
173
-1
1032
2001
-1
890
-1
-1
-1
-1
-1
546
2769
1561
2016
-1
-1
-1
602
-1
-1
-1
-1
900
1143
2302
869
1070
2436
-1
-1
-1
500
-1
2249
-1
-1
-1
2407
1346
2128
910
1367
-1
-1
-1
-1
-1
2527
-1
915
2248
-1
2718
744
-1
1592
-1
-1
477
2319
-1
1889
-1
1587
-1
-1
-1
925
-1
-1
-1
-1
605
-1
-1
1247
-1
2299
874
-1
-1
1627
-1
-1
-1
935
-1
-1
-1
-1
1872
331
-1
2322
940
-1
1424
-1
877
1101
-1
1758
-1
-1
1348
-1
-1
-1
-1
-1
-1
-1
-1
-1
-1
-1
-1
-1
164
1741
1392
955
2312
-1
-1
-1
-1
2595
-1
-1
1199
-1
-1
-1
-1
1913
-1
1450
84
965
2643
-1
-1
2288
-1
-1
-1
1427
970
-1
-1
-1
2186
1079
238
-1
-1
1826
-1
-1
-1
424
-1
-1
-1
-1
-1
-1
-1
301
1599
-1
-1
-1
-1
985
-1
-1
-1
-1
-1
-1
-1
-1
990
2916
-1
2621
-1
-1
2767
-1
2118
-1
-1
-1
-1
1584
2895
623
-1
269
1000
-1
-1
-1
-1
-1
671
-1
-1
1005
157
829
434
-1
-1
-1
-1
-1
1010
-1
2674
1871
-1
-1
-1
-1
-1
1015
772
-1
945
1704
928
-1
474
-1
1020
-1
-1
-1
2841
-1
-1
-1
1819
1468
-1
-1
-1
-1
-1
-1
1036
-1
1030
-1
-1
-1
-1
-1
-1
-1
-1
-1
299
-1
-1
2564
2112
-1
-1
-1
1040
-1
2189
-1
-1
97
2838
-1
-1
1651
1622
-1
-1
196
-1
-1
-1
-1
1050
2061
-1
-1
-1
-1
-1
-1
-1
-1
-1
-1
-1
259
-1
796
-1
-1
-1
-1
1726
-1
-1
-1
1999
-1
-1
1065
-1
-1
2807
458
1708
-1
1414
-1
-1
-1
1687
1869
-1
-1
1112
-1
-1
1075
-1
-1
-1
-1
-1
-1
-1
-1
1744
1439
-1
1793
1846
-1
-1
2334
-1
2650
-1
-1
-1
-1
-1
455
-1
-1
1090
-1
-1
-1
-1
-1
-1
2304
779
930
-1
2221
-1
-1
-1
-1
-1
-1
1532
-1
1157
-1
2262
-1
2676
-1
-1
1105
-1
-1
2485
-1
-1
-1
-1
-1
-1
482
-1
358
697
-1
-1
-1
338
1115
-1
-1
1634
-1
-1
-1
-1
-1
1120
2036
-1
-1
-1
296
-1
-1
-1
1125
-1
-1
-1
-1
-1
314
-1
2387
1130
-1
-1
2900
-1
49
903
-1
1817
-1
-1
-1
-1
-1
-1
-1
-1
1211
1140
2411
-1
-1
-1
-1
-1
2592
425
-1
-1
-1
863
1223
1754
1047
-1
-1
1150
2497
265
252
-1
-1
-1
-1
-1
1155
2976
2518
-1
-1
-1
-1
-1
-1
-1
-1
-1
-1
743
-1
-1
1684
-1
1165
-1
1746
-1
-1
-1
-1
-1
-1
1107
-1
-1
-1
-1
-1
-1
-1
619
-1
-1
-1
-1
222
31
231
-1
-1
1969
-1
-1
2970
-1
-1
17
859
-1
1185
2177
-1
1745
-1
-1
-1
-1
-1
-1
-1
-1
-1
2093
-1
9
-1
-1
-1
-1
-1
-1
344
-1
-1
-1
1988
332
-1
804
-1
2524
-1
1698
-1
-1
2663
-1
-1
-1
2906
74
-1
-1
129
-1
-1
1343
-1
-1
-1
-1
2751
-1
1215
2910
-1
-1
-1
488
-1
-1
-1
126
-1
-1
-1
-1
-1
348
1832
-1
1225
-1
-1
-1
-1
-1
-1
-1
-1
1438
2780
-1
1333
-1
-1
-1
-1
-1
1235
2149
-1
1028
-1
-1
-1
-1
-1
2533
1374
2124
-1
2190
-1
-1
2423
-1
-1
-1
-1
-1
-1
-1
-1
281
-1
1250
-1
-1
-1
-1
2294
-1
-1
-1
2628
-1
-1
-1
-1
-1
-1
-1
-1
2609
-1
-1
-1
1594
-1
-1
2762
-1
1934
-1
-1
-1
-1
-1
-1
-1
-1
1270
-1
-1
-1
1715
2608
-1
188
-1
1275
1977
-1
-1
-1
-1
1383
175
-1
1195
-1
1801
-1
-1
494
-1
-1
-1
1285
1639
-1
1586
-1
-1
-1
2669
-1
-1
1307
817
969
-1
-1
861
-1
-1
1295
-1
-1
1449
-1
-1
-1
-1
-1
1229
1730
-1
2619
2616
-1
-1
2948
-1
-1
-1
627
2715
-1
1762
-1
-1
-1
1310
-1
-1
-1
-1
571
2182
-1
-1
-1
1779
2339
-1
-1
-1
-1
-1
2940
-1
516
-1
2188
-1
-1
-1
994
2183
-1
-1
12
-1
609
-1
2934
-1
-1
616
-1
2598
-1
1694
2235
-1
-1
-1
-1
-1
-1
2191
-1
2826
-1
998
-1
1340
-1
-1
828
-1
786
-1
1534
-1
267
-1
-1
1031
-1
-1
-1
1289
-1
1350
-1
-1
-1
1242
980
-1
1789
-1
1355
1572
1458
846
769
-1
637
-1
-1
99
125
2047
-1
-1
-1
-1
-1
401
633
1078
622
-1
792
-1
-1
35
-1
-1
-1
2071
2753
-1
-1
-1
2578
641
-1
-1
-1
-1
478
1272
-1
53
-1
154
-1
-1
2946
-1
-1
-1
-1
1389
1385
-1
-1
-1
2127
-1
-1
-1
1201
-1
-1
-1
1163
2874
-1
1322
-1
1660
2796
-1
-1
342
-1
926
1921
-1
-1
1400
-1
-1
183
-1
362
-1
2734
-1
1405
6
-1
-1
2062
-1
-1
1060
661
1410
-1
-1
-1
2091
-1
-1
-1
-1
1415
-1
1038
-1
-1
514
-1
2422
-1
1420
-1
-1
-1
-1
-1
-1
1019
-1
-1
582
2949
-1
-1
-1
-1
2056
-1
39
-1
-1
818
-1
-1
-1
-1
1968
1387
-1
-1
-1
-1
2467
-1
-1
-1
-1
-1
1431
757
-1
2138
-1
-1
-1
1158
1549
246
-1
-1
-1
1963
1055
-1
-1
1513
-1
-1
-1
262
-1
-1
2212
1455
-1
226
1541
-1
-1
-1
-1
-1
1460
-1
-1
-1
-1
-1
1583
38
-1
2478
-1
-1
1016
-1
2224
-1
-1
-1
2023
-1
1375
-1
-1
-1
-1
1419
2399
1475
2639
-1
2828
-1
-1
-1
-1
-1
657
-1
2652
-1
-1
-1
2166
-1
-1
328
1425
-1
2233
-1
-1
-1
-1
-1
1835
-1
-1
-1
-1
-1
-1
-1
2617
1495
-1
-1
-1
-1
1729
-1
497
-1
1500
-1
-1
-1
116
-1
-1
1551
-1
-1
2832
-1
-1
453
-1
-1
-1
-1
2498
2217
2781
-1
-1
-1
-1
-1
-1
1515
-1
-1
-1
-1
-1
-1
816
-1
1520
-1
-1
-1
-1
-1
-1
-1
-1
1525
-1
-1
-1
-1
-1
2790
-1
-1
-1
1151
-1
-1
2776
2508
-1
-1
-1
1314
-1
-1
-1
698
-1
696
-1
2119
1540
-1
-1
-1
-1
827
-1
2624
-1
2470
-1
-1
798
439
2629
-1
387
1463
1550
893
149
-1
-1
-1
-1
-1
2193
1555
-1
2282
1352
-1
-1
-1
2791
752
-1
174
-1
-1
-1
-1
-1
-1
-1
2586
1964
-1
-1
-1
-1
1501
-1
-1
1570
-1
1159
-1
-1
664
-1
-1
1518
1575
1394
-1
-1
1736
778
-1
441
-1
2146
-1
-1
-1
2972
-1
-1
-1
-1
1160
-1
2928
414
-1
-1
-1
-1
-1
1590
-1
-1
972
422
-1
-1
-1
-1
-1
1873
-1
-1
2632
-1
-1
-1
-1
2361
2819
-1
-1
-1
921
-1
2425
1637
1605
2130
2633
-1
-1
808
-1
911
-1
1610
1403
-1
-1
1267
-1
-1
2611
-1
2615
-1
-1
906
1904
2147
-1
-1
-1
588
-1
280
-1
347
-1
2800
-1
-1
-1
-1
2129
-1
-1
-1
-1
-1
1979
-1
-1
-1
-1
-1
-1
2514
-1
-1
2227
-1
-1
-1
-1
2861
-1
-1
-1
1640
1641
-1
-1
1498
-1
-1
1552
2484
1645
-1
-1
-1
-1
-1
-1
-1
-1
1650
2373
2161
1417
-1
2825
-1
2937
-1
1214
2613
2473
1983
-1
-1
-1
950
2103
-1
33
431
-1
-1
-1
1018
-1
-1
1665
-1
-1
-1
2311
-1
-1
-1
-1
297
1564
-1
1528
452
376
-1
-1
-1
1675
824
-1
-1
282
-1
-1
-1
2077
-1
2155
-1
-1
-1
-1
-1
-1
-1
1685
2291
1305
-1
2362
-1
2070
416
2798
2237
-1
-1
-1
2266
-1
-1
-1
-1
2269
-1
-1
-1
-1
-1
-1
1788
-1
1700
-1
-1
2759
2584
271
-1
-1
-1
1705
-1
-1
-1
-1
-1
-1
-1
-1
1710
-1
-1
837
-1
-1
-1
-1
722
-1
583
-1
-1
-1
2853
-1
-1
2929
1720
-1
2576
2418
-1
2293
-1
-1
-1
-1
-1
-1
1938
-1
1418
-1
-1
-1
-1
-1
-1
867
2031
-1
-1
-1
-1
1735
517
-1
-1
-1
2157
-1
-1
-1
1740
1388
-1
-1
-1
-1
-1
-1
-1
-1
204
-1
88
-1
-1
-1
-1
-1
1750
-1
-1
-1
232
277
-1
-1
768
2774
-1
-1
-1
-1
-1
-1
1278
-1
1760
-1
1666
-1
-1
-1
-1
-1
-1
1765
2811
-1
-1
2165
2787
2358
-1
-1
1770
346
841
1442
-1
308
-1
-1
-1
-1
-1
-1
764
2989
-1
-1
-1
-1
-1
-1
-1
-1
-1
2839
1508
-1
-1
1785
-1
-1
-1
-1
1929
-1
-1
302
581
-1
2428
11
656
2797
-1
2121
1222
1795
-1
1234
-1
-1
-1
-1
2651
2261
-1
1186
-1
-1
1803
-1
-1
-1
-1
1805
-1
-1
-1
2993
-1
-1
-1
2698
1810
-1
-1
978
-1
63
283
2353
-1
-1
-1
-1
-1
-1
550
-1
-1
-1
1820
-1
2017
-1
-1
-1
1994
-1
1454
636
102
-1
-1
-1
-1
747
2458
-1
1830
-1
-1
-1
902
542
2581
-1
1772
-1
999
2746
2803
-1
-1
-1
-1
1217
1840
2523
-1
2719
-1
448
-1
-1
2932
-1
1306
2945
-1
-1
-1
-1
667
-1
2326
1198
2568
1877
-1
-1
-1
-1
-1
1855
2493
334
-1
-1
-1
-1
-1
-1
1860
491
-1
-1
-1
-1
-1
-1
803
-1
-1
-1
-1
-1
-1
357
-1
1987
1870
1814
-1
-1
-1
-1
878
1989
947
1875
1035
-1
-1
-1
-1
-1
-1
-1
-1
-1
835
1747
1576
-1
-1
-1
-1
1885
-1
2259
2850
-1
208
-1
2284
-1
1121
-1
-1
-1
-1
2757
-1
-1
-1
2011
-1
-1
2489
-1
-1
-1
-1
-1
1900
-1
2268
-1
-1
-1
-1
-1
1434
-1
-1
-1
-1
-1
-1
2082
-1
-1
1910
2882
923
-1
-1
2662
-1
4
598
1915
495
2862
166
1774
-1
-1
-1
-1
1920
-1
-1
2376
368
-1
-1
-1
-1
1925
1428
2893
288
2516
1978
2645
-1
-1
1930
-1
-1
2069
-1
-1
-1
1646
-1
-1
838
-1
-1
-1
922
-1
-1
-1
1940
-1
1853
143
1647
-1
-1
1936
-1
1945
-1
-1
-1
-1
-1
-1
-1
2074
1950
805
-1
1023
427
-1
-1
2572
-1
-1
-1
-1
-1
-1
1290
-1
-1
1722
1960
-1
-1
-1
-1
-1
71
2394
73
-1
1102
-1
-1
-1
2679
-1
399
-1
-1
-1
-1
-1
-1
-1
1411
-1
-1
2258
-1
-1
2513
-1
2167
-1
-1
-1
1072
2164
-1
-1
629
-1
-1
-1
896
-1
-1
-1
-1
-1
-1
-1
2538
2305
2098
-1
-1
-1
-1
404
-1
-1
366
1995
-1
-1
964
2275
-1
391
-1
-1
2000
-1
2601
-1
108
524
971
-1
1619
2005
-1
-1
-1
-1
-1
-1
-1
-1
1145
-1
-1
34
2717
2817
-1
-1
-1
2257
2374
-1
-1
1062
-1
1042
-1
-1
2020
-1
-1
-1
2926
1149
-1
-1
-1
2025
733
1152
-1
2068
1798
-1
-1
-1
2030
1815
-1
2239
-1
-1
865
2688
2931
2035
-1
814
-1
2395
-1
-1
-1
1769
762
383
-1
-1
-1
-1
782
-1
-1
991
1886
-1
-1
178
579
120
-1
968
-1
-1
-1
-1
-1
-1
-1
1933
-1
2055
-1
-1
336
1181
2813
-1
-1
2346
2919
-1
-1
2163
160
-1
-1
2534
-1
2065
644
-1
686
-1
-1
-1
46
2834
-1
-1
-1
2096
-1
2528
-1
2106
718
2391
813
161
719
-1
-1
-1
2208
-1
2855
-1
-1
-1
-1
1631
-1
957
-1
-1
-1
1182
1751
-1
-1
-1
-1
-1
461
379
-1
-1
-1
-1
-1
-1
-1
2095
2836
-1
-1
-1
213
-1
-1
-1
2100
2046
-1
-1
-1
-1
2546
-1
-1
2918
-1
-1
-1
-1
-1
1998
-1
-1
2110
-1
-1
-1
1866
-1
1733
1479
-1
1880
-1
-1
591
-1
-1
-1
-1
-1
1517
-1
-1
-1
-1
946
-1
-1
-1
548
2654
-1
-1
-1
363
1429
-1
-1
-1
2441
-1
-1
-1
2250
-1
-1
-1
2135
-1
-1
-1
-1
-1
1069
2327
-1
1491
2242
-1
2894
-1
1276
-1
2009
-1
-1
1928
462
1943
-1
2022
-1
-1
-1
2352
2462
1719
-1
-1
-1
-1
-1
2732
-1
967
-1
-1
-1
61
682
-1
793
2160
-1
2059
-1
-1
-1
-1
-1
2520
-1
-1
2871
-1
-1
-1
151
-1
-1
2170
-1
1469
324
-1
419
2814
-1
1603
2175
59
-1
-1
-1
397
2205
-1
1773
2180
-1
-1
-1
1557
94
-1
-1
-1
2185
-1
-1
-1
-1
-1
-1
-1
-1
-1
-1
-1
-1
-1
2907
-1
-1
-1
2195
-1
-1
-1
-1
-1
1724
-1
437
-1
-1
2107
-1
-1
1669
-1
942
1941
-1
-1
-1
-1
2223
274
1542
2198
-1
2210
-1
-1
1063
-1
-1
361
-1
-1
2725
2808
-1
1499
-1
-1
-1
-1
-1
2220
-1
-1
-1
-1
-1
-1
596
714
2225
-1
-1
-1
-1
-1
2113
-1
-1
2230
-1
-1
-1
-1
-1
224
-1
-1
-1
683
-1
-1
-1
-1
-1
2469
712
2240
1292
2386
466
-1
-1
-1
-1
-1
2996
1067
2246
-1
-1
-1
-1
-1
191
-1
-1
-1
-1
-1
-1
-1
-1
-1
2255
1245
1883
1409
-1
-1
-1
-1
393
2260
-1
-1
-1
-1
-1
-1
672
-1
2265
373
1612
-1
47
-1
1104
-1
-1
1174
-1
-1
-1
-1
-1
-1
-1
-1
-1
2843
409
-1
-1
1254
-1
1191
-1
-1
2637
14
2812
-1
-1
446
-1
2145
2982
2739
2038
-1
831
-1
-1
-1
-1
2290
513
1892
-1
-1
2503
-1
-1
651
-1
-1
2635
-1
-1
-1
842
-1
-1
2300
-1
-1
-1
1891
-1
-1
2281
-1
-1
-1
-1
-1
-1
1901
-1
2099
-1
2310
-1
-1
-1
253
-1
1218
2892
-1
2315
-1
1037
-1
-1
-1
-1
-1
523
43
-1
1311
716
1897
-1
2314
1244
-1
2325
2842
237
-1
-1
2549
-1
2921
-1
-1
-1
-1
-1
-1
628
-1
2806
-1
-1
-1
-1
-1
-1
-1
-1
-1
-1
2340
-1
-1
-1
-1
-1
-1
54
-1
2345
-1
-1
-1
2656
-1
-1
201
839
2350
-1
-1
-1
-1
652
-1
-1
-1
2355
-1
-1
1496
-1
-1
-1
-1
2860
2006
-1
1328
-1
987
-1
-1
-1
-1
2365
-1
2396
411
-1
-1
-1
-1
1668
2370
1553
2123
-1
2280
-1
-1
2337
1054
2375
1206
2368
1944
-1
2126
-1
2366
-1
-1
-1
-1
-1
1894
117
1318
-1
-1
2385
-1
-1
-1
2965
-1
-1
-1
144
2390
-1
-1
-1
-1
-1
-1
-1
-1
-1
-1
-1
-1
-1
-1
2218
-1
-1
215
-1
1169
-1
-1
-1
1440
-1
-1
2405
-1
24
-1
-1
527
-1
-1
-1
645
-1
476
-1
-1
-1
646
-1
-1
2415
2521
2896
1353
1881
1277
-1
-1
1836
2884
2909
-1
-1
-1
-1
761
-1
-1
-1
-1
-1
-1
-1
-1
-1
2102
-1
2430
-1
-1
-1
1743
2969
-1
-1
-1
2435
-1
-1
-1
-1
-1
-1
-1
-1
1956
-1
-1
-1
-1
-1
-1
-1
-1
2445
-1
613
-1
-1
1688
1972
-1
2323
1713
738
-1
-1
1614
-1
-1
-1
-1
1332
-1
-1
-1
1888
2216
-1
-1
-1
2460
-1
-1
-1
2452
-1
-1
-1
-1
-1
-1
693
-1
-1
2902
-1
-1
-1
-1
-1
-1
-1
-1
-1
-1
-1
-1
1828
1437
472
-1
-1
223
-1
-1
-1
2822
-1
-1
-1
-1
1709
2582
2456
2979
-1
-1
-1
-1
-1
-1
-1
-1
-1
2490
1068
423
-1
-1
-1
-1
-1
-1
2495
-1
-1
2461
-1
-1
1386
735
-1
2500
-1
-1
-1
-1
-1
-1
2678
-1
2505
1824
-1
-1
-1
1177
-1
-1
-1
1887
2303
-1
-1
2998
2033
-1
1384
1483
2515
-1
-1
-1
501
-1
-1
2517
-1
-1
-1
48
-1
1043
1323
2488
-1
-1
904
-1
1652
-1
32
-1
-1
1771
-1
2530
-1
-1
-1
2766
-1
-1
-1
-1
21
339
-1
-1
-1
-1
-1
-1
2587
2540
-1
-1
-1
-1
833
-1
-1
-1
2545
534
-1
-1
1841
-1
-1
-1
-1
243
-1
1602
601
-1
-1
1484
-1
-1
2555
-1
42
-1
-1
-1
-1
-1
1829
-1
-1
2784
-1
-1
2087
-1
1714
-1
2565
-1
-1
-1
392
2051
-1
-1
-1
2057
-1
2689
-1
-1
-1
626
-1
2213
-1
-1
1862
-1
-1
-1
-1
-1
-1
443
-1
-1
-1
-1
-1
-1
-1
1002
182
-1
2950
-1
-1
-1
-1
2424
-1
2590
-1
-1
-1
-1
1954
-1
-1
1133
-1
-1
-1
-1
-1
-1
-1
799
-1
2600
-1
1965
-1
-1
2431
891
1175
-1
2605
977
-1
-1
-1
-1
57
-1
1232
2610
2336
-1
-1
-1
-1
193
-1
-1
-1
-1
-1
-1
-1
1117
-1
2295
1412
2620
-1
-1
-1
-1
2911
-1
790
-1
2625
-1
1985
-1
961
-1
-1
436
-1
2338
-1
-1
-1
-1
-1
-1
-1
-1
-1
-1
-1
995
-1
-1
1324
-1
-1
1951
-1
823
-1
2977
-1
-1
1136
-1
-1
-1
-1
-1
-1
156
1955
-1
-1
-1
-1
-1
-1
-1
-1
-1
2559
-1
417
2706
-1
-1
-1
-1
-1
1677
-1
2660
-1
-1
-1
691
-1
587
-1
-1
2665
2696
2830
2271
1258
1364
-1
3
-1
-1
-1
114
-1
-1
-1
-1
-1
198
2377
-1
-1
-1
-1
-1
1811
-1
-1
2680
-1
-1
407
1791
917
1848
-1
1007
2685
89
-1
-1
-1
-1
-1
-1
1763
907
-1
-1
-1
-1
1359
-1
1401
-1
2695
-1
-1
-1
-1
354
291
-1
-1
1493
-1
-1
-1
-1
2256
-1
-1
2383
677
822
-1
-1
-1
-1
1827
-1
2743
2648
-1
-1
-1
-1
-1
-1
-1
-1
-1
-1
-1
-1
-1
-1
-1
1859
-1
2720
-1
-1
-1
2925
2560
-1
1003
2486
-1
-1
2835
2448
-1
-1
-1
-1
-1
2730
1241
2975
-1
-1
-1
-1
-1
-1
2735
62
2231
-1
997
-1
2144
1153
2511
2740
-1
349
1624
2701
171
-1
-1
-1
2745
77
-1
-1
-1
-1
-1
-1
-1
-1
2917
-1
-1
1717
-1
-1
-1
-1
2755
1216
1918
-1
2711
-1
-1
689
-1
2760
2111
1922
1616
-1
2412
2936
-1
2682
526
2389
-1
-1
1981
2785
-1
-1
1087
-1
-1
-1
566
1171
-1
-1
-1
-1
1296
-1
-1
-1
-1
