-20633.9 -2315.59 27
-25365.5 10040.6 47
1087.32 -26064 2
9584.37 -6528.72 3
10459.3 24104.4 43
-22850 -4704.04 35
14683.1 -25342 37
7427.76 27498.1 18
27022.8 14187.9 33
7371.54 -12728.2 22
-1247.02 -12605.2 18
-755.027 22915.7 3
253.282 -10134.2 50
-13095.9 25074.8 3
-6488.04 23173.8 27
24694.9 14644.8 39
-20979.5 10553.5 44
13228.6 27969.6 45
-10846 743.327 30
-4923.48 -12918.2 21
-1796.63 -18013.6 7
16934.7 1929.19 25
13904.4 21881.3 31
-19053 12023.8 6
-12623.1 -4799.58 1
24522.2 -17869.8 16
8515.29 10155.4 19
-14.5022 4882.45 43
25502.9 -19703.5 50
-20058.1 -13880.9 24
25821.3 -16813.6 16
-20904.1 6811.51 40
-1319.82 -16618 1
-4116.14 25059.3 20
21596.3 -18916.9 3
-13828.8 15856.6 23
-2671.19 24173.8 33
10057.2 -13993 43
333.529 17783.4 38
25276.6 -3397.5 42
11323.6 25447.2 43
2095.84 -22207.7 21
21087.7 12865.9 44
16840.3 13536.1 0
1399.29 -24349.1 36
9390.03 -16824.9 46
21841 -20205.1 22
-15930.2 -10319 26
-3375.37 17172.4 18
27950.5 7307.34 31
-27950.8 12730.8 16
10219.7 -16505.3 42
18407.6 -23422.7 38
-16024.3 -23460.6 19
25062.5 -12924 35
15504.5 -4342.25 14
-27366.3 27061.2 12
-20358.5 5656.57 9
-19167.1 -13598.6 11
-15713 10976.4 40
14164.7 7472.07 2
-15287.6 11190.7 5
1462.9 4927.38 16
-19989.5 -821.79 43
3182.8 -10303.6 6
-10598.6 1012.68 21
-7267.33 -2975.51 24
-12359.6 -7294.45 12
9869.27 12802.1 36
-2200.95 -9992.63 23
9035.91 5915.82 50
9525.51 2335.77 26
-27162.8 8006.82 27
-13069.7 -14182.9 43
-2477.91 -26763.3 8
11638.3 4615.58 38
10958 14216.3 8
-241.3 -18867.5 46
13814 -27644.9 29
-24256.4 -6175.04 11
7104.24 11721.9 27
17692.2 10421.7 15
-22187.4 15449.3 11
-24044.4 12530.8 15
-1242.96 1119.36 22
-11987.2 10955.7 29
-9454.2 27265.4 27
19946.8 -6857.18 24
13381.7 2030.94 1
26507.9 -8326.15 31
-20947.8 25425.6 18
26558.1 -13914.5 21
22283.2 14594.6 35
-13237.3 -21472 10
2630.59 -18145.4 30
-23379.6 -6982.64 42
26507.4 -23500.2 25
24305.7 -7859.16 39
13958.1 10173.3 38
-15088 3505.71 33
-7197.92 -14913.3 33
13669.8 -25332.2 33
25152.8 6778.56 46
5238.56 -191.408 2
1073.79 -24340 22
-1806.48 -3027.93 37
-18402.8 24624.6 49
-24061.2 1474.92 8
-22109.6 -7360.52 21
11958.6 20825.5 38
11188.3 24373.5 30
2212.26 -5505.24 12
-4391.6 -11773.1 5
16913 9453.94 44
11847.6 -6562 4
-14959.4 -484.787 0
9222.57 -17537.8 49
16567.9 -18415.3 30
-8540.47 540.861 42
12680.8 16916.7 32
-25680.5 14955.6 3
24032.4 -16544.5 4
11561.8 -13340.4 36
-16763.9 -3578.61 23
26725.3 -26082.4 26
14177.7 18081.9 16
2045.58 -5399.46 50
19629.7 -10550.1 7
7813.3 24187.2 35
2325.94 -19083.9 48
-19296.8 -8757.65 5
1051.3 3443.09 43
9773.39 11113.8 1
9575.5 -24287.7 7
-15587.2 4816.88 8
10703.1 11966.9 3
23828.2 -3895.02 25
23477.2 12534.8 26
-18960.5 4164.18 13
11119.3 -22543.8 27
9406.06 4008.63 30
-19531.9 12956.4 1
1235.55 -26036.7 12
-6553.76 5441.44 31
15233.7 -745.855 33
-5177.89 -1132.16 36
-12507.8 -12314.2 35
24542.2 -4844.32 30
23534.1 17985.9 26
-19953.7 -13920.4 33
24412.4 20090.9 14
381.917 -4677.38 35
-21966.6 -22407.5 22
-11364.4 -9043.46 16
4098.24 -16661 5
20418.1 -7425.89 41
-19063.5 -19641.9 23
21487.5 -4914.11 33
-24632 22268.8 46
15122.6 4056.75 1
1244.02 -12476.9 44
-6206.37 1437.53 47
4472.3 21323.9 17
13615.1 21233.1 3
21227.4 -22968.2 8
-22600 3506.25 41
15084.2 22205.3 44
-21668 -6573.3 35
-23698 -1252.12 36
-6105.87 7210.93 34
-7705.59 16479.6 21
-76.6885 -2758.85 25
24239.2 -19813 5
26458.7 -14649 49
-16907.5 -17006.8 17
-3344.99 -3758.87 18
5607.43 -19667.9 34
11091.7 19559.6 41
-7042.03 -1132.4 32
8114.28 -6867.61 18
-9278.82 -19885.7 14
19844.4 -19928 30
23566.5 925.762 17
-11704 -21034.1 32
-2349.43 -19271.1 38
-27354.3 3411.21 14
-10045.8 12272.7 42
-1959.61 -25197.6 3
3706.23 -4337.06 42
-17853 24310.2 30
-2068.71 24889.3 20
-3088.39 13905.4 44
-22143.6 18669.2 29
26993.8 23602.5 9
1292.06 12308.5 30
18742.7 12905.1 32
1953.07 -9887.98 44
23406.2 25298.2 5
18837 -9356.01 26
17814 9122.01 12
5416.5 -14169.5 45
-18874.3 5734.69 31
9612.3 20791.9 34
-27997.7 7210.18 23
-26192.9 19884.6 18
4280.08 13690.2 14
-18120.5 22245.7 50
-26151.8 -716.137 29
-3667.84 -16623.1 24
25038.7 25382.7 24
25840.4 -15825 0
-25178 7916.95 29
-20773.6 103.81 33
1481.44 22571.2 34
-6344.38 18541.4 12
12785.2 -16731.9 43
-22088.5 -7785.82 39
9316.39 -8334.34 8
-18529.9 9595.68 20
4444.29 -3514.54 35
16351 -12195.7 13
1877.79 27929.2 38
-18782.4 15299.3 10
-26147.7 -22061.6 13
16395.7 -16020.7 14
-16345.1 14787.6 31
-8045.29 -16917.6 5
11097.1 13886.3 5
8659.21 -6584.87 10
-27004 15986.3 20
18566.9 -20741.9 17
-7717.28 -23483.3 29
19275.3 17769.7 32
-8270.39 -12233.5 46
13696.5 15479.4 12
19857.8 6072.89 6
-20535.6 -20942.3 10
-24026.8 25941.6 11
10301 19837.2 7
17310.9 -25450.9 3
-20094 -15260.6 20
8691.56 27236.4 41
-26217 26570.2 44
18724.7 12148.6 30
-15245.3 -2922.42 20
-26742.1 -6915.92 43
6130.22 6944.29 33
-13489.3 27274.3 10
3378.18 -21241.3 22
4804.81 -918.329 45
-7694.79 -11244.2 42
18363.9 17543.7 40
-2871.66 10859.9 41
-17156.5 24116.5 23
985.349 22359 50
-2325.07 -12375.1 20
-26249.7 -17211.8 41
12194.6 15964.1 36
7444.56 -27984.6 32
-1576.04 1658.7 16
-20271.9 -6332.87 43
-2414.78 -11620.3 49
27949.2 -8412.17 40
5641.13 -13905.2 10
770.505 6049.11 50
3067.54 -22007.4 26
4011.11 10007.7 3
21070.7 -19857.6 37
-5444.11 3105.35 25
23790.5 -13642.5 2
-8764.6 -18402 31
3832.5 -7057.51 18
-23150.1 -4582.72 5
10369.2 20824.8 27
-24626.5 -21832.6 50
11127.5 -1400.89 3
23406.7 20076.6 50
-21040.1 -17345.6 33
26498.8 -19076.6 7
26486 19723.7 3
25166.1 -12195.1 23
20503.8 -6453.11 38
9673.37 10268.4 16
10530.3 -18717.2 0
-18023.5 9423.32 34
-9889.32 -10033.8 4
-3073.23 8514.59 48
9011.92 -18460.6 0
-21891.3 3423.45 49
-26663.8 21625.6 45
2654.47 -725.316 41
4651.56 -1581.83 38
-18342.3 -6696.12 42
-27732.4 -2544.31 45
-13980.1 19015.2 21
-5271.05 1431.38 4
15799.3 -10759.9 9
6757.67 -9670.46 7
-2508.84 -18904 47
-26253.5 3643.43 50
-9320.09 -8157.72 8
-6743.39 5729.41 1
-23620 -497.167 14
-3398.06 -9767.59 0
-22351.3 25508.9 17
27187.4 -25654.4 49
-15658.1 -13744.5 22
-12174.8 21408.9 43
3226.18 22511.8 43
-14898.8 -13368.2 19
13749.2 14913.5 21
-2027.15 -17814.7 44
24134.6 -11694.7 32
2466.74 -24930.6 9
14851.7 -26189 26
26301.4 -15200 30
2770.79 15511.1 39
-25091.6 -23988.4 50
-12.7037 13912.4 48
23059.3 17658.6 14
23007.8 -5638.76 8
-16236.4 -7124.49 13
-14793.3 -9206.09 26
5984.73 -26781.1 41
2340.59 13791.9 40
-2619.22 -14323.4 35
9025.93 -12522 17
10550.5 15578.2 46
26557.4 -5042.35 8
-27351.6 23602.2 5
-23909.8 -6530.67 24
-5114.34 24700.4 35
-27376 -6306.55 38
3041.29 -21438.9 8
17265.4 -17266.4 21
1661.22 -1683.04 19
-377.733 -15890.3 22
27653.1 -8403.37 22
27001.4 4291.72 28
366.513 12859.9 4
-18316.1 -7021.19 13
19964.2 22028.5 40
-13958.2 2789.57 36
-756.845 20074.7 21
23278.5 3843.39 50
4908.98 -5139.38 2
-20714.5 26276.3 34
3576.28 -11599.1 15
27155.6 -9359.36 26
17233.4 5306.8 10
-18819.6 -16942 40
16195.2 -19039.6 12
955.908 20607.5 16
15691.8 25443.8 41
10440.1 7167.91 39
4774.41 16889.6 24
17562.9 -11491.6 29
22323.8 -13444.5 23
8851.62 3489.14 34
13734.8 26991.4 14
-27709.8 -24685 47
15755.9 -11950.9 37
-1501.34 23691.4 45
14134.7 -1786.01 24
357.843 18763.7 48
23432.4 -13278.1 20
15154.6 -2549.21 21
8237.37 18451.6 13
-17897.1 16111.6 50
-4203.78 7478.37 48
24973.9 -6877.98 12
-25670.2 -22736 43
25460.5 20664.8 26
27904.8 -16150.3 20
-7724.79 -16580.1 19
22355.6 17755.7 21
12597.9 -4754.38 30
9381.05 13389.4 0
-20710.1 9958.61 16
-2718.26 -13505.6 7
5531.67 -23872.1 44
-15862.6 15994.9 48
13466.7 -15935 1
14606.3 -4468.9 13
18807.3 6877.58 32
-21866.8 -27019 21
-22273.6 -3596.74 1
-9525.59 -6956.95 27
-23579.3 -25297.2 9
18954.9 -7372.42 43
-12400.4 11386.6 45
-4882.36 3048.83 27
12616.3 -14821.7 7
16887.4 -5543.13 44
-25835.1 -688.118 49
12873.5 21217.2 15
-19579.2 22775.6 1
24897.4 3814.12 10
4598.56 -19316.7 3
4161.16 -16238.1 1
-24347.3 15153.3 19
-8151.71 6847.81 35
-19351.9 3665.79 35
17229.4 13223.4 8
-27302.2 17107.6 47
3755.35 27316 37
606.229 -1412.59 27
-19684.4 1425.56 17
-26154.4 14424 25
-2060.27 10823.9 1
-18383.2 25033.7 37
-11832.3 8710.82 42
-3282.19 -24693.4 19
1008.61 13318.4 35
-7446.89 -21071.5 21
-26368.9 -21506.9 37
2782.21 11581.9 26
26636.3 25002.5 19
-17676 -10968.1 35
19568.5 16828.6 9
-14895.4 1550.59 44
-2311.79 -17492.4 30
17972.3 -25095.1 43
23744.6 17927.6 1
-12567.3 -22446.2 42
-27307.6 5899.27 0
7102.14 -10528.7 29
8490.84 13195.3 37
-20733.8 -10294 0
3886.33 -16139.6 31
21179.8 -6890.15 30
-6173.6 16678.3 3
5146.06 -9448.18 44
-1527.17 20762.1 36
-23969 -17590.9 2
10228 8479.28 17
-10247.3 26887.9 11
-15612.1 -24542.2 40
8469.42 -17855.1 37
1877.63 -12198.3 24
26189.4 21587.2 17
-27632.8 -10529.9 11
17805 2447.95 9
8101.27 -283.95 14
-8300.93 10820.8 4
-7810.93 -11378.4 29
-8338.64 -11800.4 46
13838.1 16454.6 47
16520.8 -10778.6 29
-22392.1 10657.9 9
889.039 2420.6 50
-27610.2 1513.18 32
-17286.8 -18385.9 22
-19928.7 20857 9
16874.2 18158.5 16
5776.21 17121.6 5
13670.4 8942.95 25
22316.3 -2629.68 13
-2540.76 25699.2 24
10362.4 22767.5 30
13615.9 -8630.14 19
18427.7 -20566.1 5
16477.4 -6714.37 17
-14372 -26636.8 6
11943.7 4456.25 47
5019.56 4280.1 3
-6951.25 -14646.2 41
-12619.3 -25498.9 32
8716.49 -8338.46 46
-23657.9 19708.4 24
-22623.6 -21108.1 22
-5788.81 9025.98 21
-13561.1 3915.97 39
-14954.9 7483.88 30
-22558.8 -8775.39 40
-4863.2 -13108.7 12
16801.8 4858.28 30
10105.8 18103 33
-6526.43 -17110.8 6
4048.99 6023.37 13
-21421.5 -25134.1 6
-18771.2 -8643.8 14
-15501.4 455.685 13
-12066.3 598.573 7
18053.8 10505 15
9201.71 -16872.3 35
-23388.5 -20879 9
19443.1 -11715.6 18
-16739.1 10620.7 2
-15248.6 21440.2 12
-17684.1 21095 32
3929.82 24264.5 45
-9972.38 -18167.5 49
12316.5 -18984.9 32
24548.3 15552.5 9
-197.813 -123.812 17
-7486.45 12619.5 47
-27927.1 309.606 21
8693.17 6940.04 19
24590.7 14896.3 13
-23076.5 3703.15 46
-24667.6 -1475.32 36
14124.5 -24386.1 31
-364.861 14990.7 29
-26612.9 -1884.34 49
-19332.9 -7459.11 42
-17619.1 17777.8 2
15196.6 -3689.04 16
23006.4 603.467 31
-13956 27102.1 25
-544.765 -12559.8 50
-26600.4 -24731.7 46
1960.65 -10856.2 14
-22862.3 -3061.53 33
4686.21 949.62 25
10512.4 -4499.64 2
-22375.8 4495.41 34
-21913.1 -24616 32
-18596 13654.8 33
-21546.9 5562.45 47
-24576.2 -7678.57 49
17581.9 22620.8 28
-1077.91 11170.7 6
-651.388 -16894.4 3
-27999.6 26458.7 21
23293 -26188.1 40
-15254 -13064.7 23
-6733.38 27222.3 29
-3967.71 -16037.4 13
-26786 -1144.08 6
-15644.2 -20338 28
12199 15935.9 13
27840.6 -16987.5 6
18700.7 -12501.1 31
-8295.03 -7916.73 25
-12904.6 4362.73 44
25401.1 20164 11
-13649.5 -14532.6 45
-7416.86 -27062.3 21
-12267.9 18270.5 47
20853.3 23323.7 26
-20529.3 7675.61 7
7151.59 20527.3 13
-26635.5 25695.5 18
2797.04 -11417.8 37
-2463.35 -18398.1 39
2714.98 -26549 24
26435.6 18579.9 40
-26362.8 20054.5 18
8252.67 -8620.61 12
17472.2 -22306 46
1268.58 858.656 10
-24299.9 26945.4 25
-8210.36 -9696.7 14
-2700.56 -212.01 44
18122.3 -25826.7 13
-19587 20515.2 31
17720.7 25154.6 1
-18356.4 -12069 14
-15045.4 -20166.5 1
6429.64 -19539.7 8
2761.79 5314.3 23
12877.3 -20033.7 45
7311.85 5623.1 6
-20829.9 21989.3 1
10340.8 5643.42 11
-18632.9 -24174.4 8
17520 -407.692 7
22813.6 -15090.5 24
17401.8 -11787.9 33
-15360.9 -22884.2 18
21005.8 -16892.3 35
-13570.9 25041.6 5
3744.1 -21633 45
6189.11 18358.1 11
19803 7973.82 32
20490.6 -22724.7 12
-2838.76 5314.4 24
-27692.6 -18684.3 44
18244 363.816 35
10617.3 -12815.7 9
27660.9 -20291.8 21
-22274.6 -3877.78 34
-10598.5 -6179.9 38
-4334.38 3707.02 3
-1928.85 6490.55 24
-15041.6 829.425 21
27491.6 17753.2 34
-16970.3 15808.2 47
-26303.6 -11077.9 37
-678.09 14827 22
8936.8 -18633.5 5
15580.3 -3135.27 26
8500.1 -19970.6 42
5724.97 -16824.4 3
-6723.2 19268.3 20
22433.1 -18208.2 39
17589.5 2735.48 24
1823.52 5235.87 46
-25908.5 599.44 20
-27383.4 -24714.3 5
-6514.82 -26929.2 18
17960.7 -10382.2 27
22207.9 1705.52 18
-19420.5 -25390.3 11
-15326.7 -17739.6 21
7461.16 10990.5 1
2203.52 -2081.98 32
12852.7 -9245.91 29
25969.5 7881.81 1
3012.91 -11748.8 19
-3235.98 23961.7 0
14185.7 -3996.35 4
20614.6 -1482.92 22
9687.7 2911.5 15
15820.1 2208.4 15
20357.8 -9297.29 7
27327.3 -12653 0
20741.8 -22769.5 41
26816.4 -16352 43
27745.7 -8595.51 39
3118.87 -10413.7 4
-16870 24065.4 6
-22427.8 4215.76 38
10111.2 -3187.26 47
23747.5 9323.45 35
15942.6 20080.4 6
-21267.9 14020.8 25
656.754 -27049.5 14
-17541.2 23954.3 39
-317.959 -23499.8 31
-25848.5 -3888.35 25
-23574.3 -7437.74 12
20733.6 -990.934 4
25481.9 -6211.76 9
27324.3 4194.77 23
-7445.23 14690 17
-1971.87 25924.9 11
-18094.4 17427.2 43
-27425 -2346.47 13
-2997.42 -25036.7 18
1533.13 -26110.9 49
-8206.44 19481.7 22
-2454.45 -26960.9 44
-27629.8 -8208.22 0
8817.14 7815.93 13
-824.517 -19997.5 38
22569.9 20876.2 49
4017.12 12258.1 22
20862.1 11551.6 20
17543.8 1365.77 20
-3264.52 13413.6 13
13515 -4171.88 21
-25963.8 21851.5 34
-11890.5 -14046.8 35
-4399.77 6337.3 24
-20997.9 -5331.36 21
16279.3 19880.2 2
-5584.15 6121.86 41
-7777 16665.1 5
-1342.86 3863.43 0
-9683.03 -14483.5 32
-17149.7 -24659.4 31
20549.4 16724.1 41
16545.1 -19995.3 20
-23660.8 15370.6 31
26349.2 21614.5 28
7572.58 -15437.2 21
-22189.9 -3380.5 47
-21340.2 18360.8 2
17698.2 3447.3 6
2208.31 -19814.8 29
7848.66 23285.8 7
20681.4 -4819.8 48
15657.8 25424.9 7
-13283.1 15080.1 21
-2525.86 13071.7 33
9229.89 -11448.4 28
10324.8 13962.5 0
-7279.22 -17617 10
22447.7 -10874.7 36
15273.5 -20729.2 7
17927 -12487.2 40
10286.7 13726.7 11
3875.96 23538.5 50
23084.8 11026.6 44
22998.9 7273.62 25
-13007.7 204.182 39
1452.02 7264.67 41
17255.8 2386.23 34
-7938.53 532.523 16
23781.6 -1236.38 22
-25300.7 11960.9 13
14544.9 19418.4 23
-16160.5 -2445.41 29
23469.1 4079.94 50
-6213.58 -8866.51 22
-5126.82 7856.51 22
-12115.9 -7637.47 15
-17506.6 -14149.6 42
1969.03 -6442.36 50
-18683.5 -17803.4 13
3236.15 22393.3 14
-18849.7 13785.3 41
18557.7 -3826.97 47
14859.5 -9119.24 29
20600.4 10202.7 29
27644.1 10825.7 29
-3416 -1952.71 22
16445.9 -19273.9 46
-20470.5 -19822.3 16
2395.28 -20453.4 47
12880.2 2997.04 50
26081.4 -18454.4 44
-15389.2 23412.2 4
-13408.5 22578.2 40
-11636.7 -15687.2 19
15245.4 -15216.9 27
5534.97 -2072.55 24
-16215.7 6087.29 22
3757.64 -11534.3 39
16433.3 -18581.1 42
2916.44 -12973.3 44
-11140.9 -2675.21 30
21432.3 377.87 46
15617.7 14759.4 8
-8250.7 11109.6 39
18642.6 2311.15 6
-6341.03 -15863.9 17
27207.5 -3200.94 41
20206.4 22859.7 13
27803.4 -22625 8
-25888 9503.45 36
-26440.7 -3052.72 15
20270.2 -23259 45
-11263.7 -22840.5 25
9690.06 -5502.12 9
7015.66 26311.2 7
15605.8 1957.31 47
18254.3 -22800.5 25
-25509.3 -2898.98 22
-23306.6 5317.86 26
9412.32 2111 3
1050.84 22335.4 46
-8754.32 23288.8 2
-11846.7 -16392.3 38
-11225 19707.6 12
15021.9 -23102.2 48
-19318.8 8452.31 12
19159.4 409.056 13
-1515.46 18600.6 50
-4501.17 -1372.47 29
-22003.7 10351.7 15
11286.5 -10278.3 37
-12550.9 -8379.4 32
-20984.6 8312.62 16
-7348.11 4162.55 39
7433.27 13630.2 13
8946.3 -24098.8 43
-10641.1 2215.27 18
-5122.89 5361.51 31
-21855.7 11480.7 7
16724 -18026.4 16
21436.4 3933.55 2
21868.4 11715.2 26
18546.5 -2400.84 48
-6785.08 -4616.73 46
25474.5 -12991.4 23
-21784.3 15119.3 8
17246.2 -14313.6 32
4144.42 -27780.9 38
884.328 12076.2 43
-1430.64 12819.7 0
-17870.6 1478.48 11
-23188.9 -25109.6 24
-910.096 4854.12 17
-18496.3 26900.6 1
20074.1 1961.92 16
14656.7 14851.1 35
3494.85 -10107.5 50
-14087.4 3819.13 36
-12484.4 -17269.5 24
-18284.4 18000.5 46
5947.79 -11139.9 7
-5641.87 25453.9 43
8279.38 14782.2 50
5822.57 15895.7 9
19246.1 -1013.76 12
25609.7 -20089.8 3
1734.1 -23126.7 31
-25513.6 17495.1 11
-5760.98 26811.7 18
-12998.2 19990.4 6
18503.1 524.748 50
11707.9 27530.8 9
21873.4 22178.7 45
-22191.8 -7437.24 20
-27294.5 4306.42 49
11814.7 5979.95 11
14463.2 15025.8 5
4104.5 -11280.1 2
-27435.5 -7301.44 7
-3684.12 -11911.1 35
20954.7 -16957.6 5
-17107.3 -25366.2 24
-20649.2 14938 39
13833.3 -7069.88 33
-27986.3 -11626.5 5
-6677.63 -16171.6 50
-4015.86 13271.2 26
-24066.3 2658.75 23
-11060.7 -3540.67 43
-11227.6 18111.5 10
-4461.9 -23957.6 11
13923.6 18537.9 9
17877.6 11367.2 4
22431 5820.71 22
16046.5 -11715.1 25
24390.1 16286.6 25
-7527.55 -3240.67 45
9794.33 -8624.74 0
24022.2 15191.2 39
-8315.93 -19005.5 24
-19306 8857.95 50
25798.7 919.611 25
2886.64 9002.42 17
-24640.9 -2875.63 22
5378.02 -233.869 15
-5853.91 -10990.2 3
14824.5 13565.5 43
6841.29 4100.82 13
-19906.9 4387.9 21
16437.5 -16496.8 20
-23357 -26224.1 50
2241.1 13826.3 6
-7231.17 22708.2 41
-6628.31 -16768.1 49
12509.7 12468.1 24
2928.96 8628.31 3
-22842.5 18987.1 50
1425.62 15814.1 35
16019 19431.1 12
-19017.1 25059.7 27
-18138.4 17887.7 1
12706.8 -3616.72 1
-1471.21 6908.13 40
27000.3 -6731.12 16
16378.2 -25472.5 28
-15591.3 -5015.3 14
-2400.49 7782.51 11
20986.8 16905.5 12
-5044.61 -21123 48
-5528.01 -6994.46 14
13314.4 16913.3 30
-17961.8 17069.5 25
-21301.5 -22541 18
-20069.5 24757.5 43
-5106.45 15662.1 4
14800.6 6664.61 36
18412.5 -18659.4 17
-15667.7 -14778.3 7
7880.61 8360.71 38
-16325.8 -24890.6 9
8656.38 -24195.6 39
-3770.78 22770.5 25
-12256.6 -22177.5 23
16765.4 -26038.8 30
-628.911 -20107.5 38
11385.4 -517.338 11
-90.1772 3178.05 15
-23084.1 6316.21 7
-25107.2 -9592.09 34
-7536 -21831.4 17
-11744.4 24965.8 18
-23323.2 24055.9 14
-8667.06 -1104.3 3
26780.3 10693.8 49
13293.6 199.668 21
4409.26 6296.57 13
482.777 -15527.8 10
12393.3 -22265.2 8
-889.79 -23002.5 44
-26545.5 23371.3 41
-17016.1 -12727.8 29
1960.67 12507 7
6167.29 24025.9 13
11960.2 -14047.1 30
21005.6 -7159.73 35
-22635.6 27141.7 20
-8454.63 -1641.13 48
-20124.5 -3640.05 1
9142.31 -9889.61 19
19845.6 4045.57 34
-6883.65 21962.7 2
-7262.53 21104.2 20
18457.5 17671.1 2
-5955.13 16114.5 44
-21021.6 -21488.3 15
-12001.9 19202.2 29
10337.6 12567.4 15
27388.5 -22039.5 45
-2977.73 -20600.2 43
2468 9560.56 43
-27770.7 19027.4 4
-1041.24 -17915.4 32
598.365 -3350.78 43
13316.9 20000 0
-12090.8 10500 41
3179.37 -20541.7 21
25568.5 12275.7 38
-21054 26642.6 31
-23346 -20359.6 3
10043 -15054.8 8
22178.3 5093.59 10
11696.8 -8439.34 32
-26074.9 18976.2 37
-16662.6 1154.84 4
-13718.9 16467.7 44
-10755.5 -16454.7 2
-24547.2 -9921.47 41
15090.6 -5928.13 16
-10980.1 -713.104 24
18046.8 26170.8 50
3133.89 20589.8 0
3878.47 11124 4
-9293.02 -13444.9 18
24340.6 -26942.4 21
27660.2 26141.3 8
-19882 10198.2 11
14280.1 -7955.1 49
-24368.3 9417.75 0
-9183.82 -21009.7 49
20171.1 -1684.77 43
-16230.2 25054.7 2
827.129 16047.5 39
4913.49 20646.3 50
-15466.7 -9206.72 17
11212 -8152.39 38
-18216.6 6655.3 47
-18327.8 24380.6 36
12748.4 1418 3
11340.5 -10585.6 25
21224.5 11665.2 26
-22214.5 -26524.2 47
18140.3 19739.7 44
24520.4 579.979 28
10740.4 -1333.64 12
-51.0402 -304.343 8
-4965.07 -13729.5 47
8278.03 -7476.63 29
17747.6 2363.85 48
8832.17 -15215.1 2
17619.1 25357.4 45
-10261.6 18412.5 28
5627.35 -16557.4 11
-4636.83 4019.25 39
7876.64 1397.97 3
15886.3 -25565.9 27
20459.4 4521 18
17912.9 8607.17 37
-16774.4 12046 41
249.108 8049.35 15
6028.89 -23487.4 17
-10718.2 -18584.3 44
26801.5 24270.3 31
-531.293 -15587 22
25539.6 -12153.5 47
-20039.3 6688.51 45
6596.68 -5296.57 44
-22906.3 -19901.5 29
-25627.4 -8694.56 2
6245.51 -22405.9 47
23839.7 12063.5 3
-1710.83 -626.846 18
26585 6908.09 40
1264.39 8815.42 11
-17281.5 -15806.7 25
3139.61 -4655.62 11
-14425.3 7213.64 25
20704.4 24646.5 26
9459.51 16669 14
-14277.1 -12035.3 19
-10393.3 -468.496 45
-19333.7 24476.4 24
-20989.7 11929.6 44
1434.66 22507.4 27
23197.3 -12085.9 11
14717.7 6070.56 21
-15594.9 21792.5 50
2985.03 -20805.6 10
10651 12009.5 43
-15969.5 14767.6 32
-9160.7 -2968.27 33
-13024.9 -8755.13 44
27602.2 21090.6 16
-27654.2 -26196.3 16
23711.8 -2226.81 9
20520.9 2584.96 15
18750.3 -3622.17 20
-153.378 -3255.32 25
21191.7 -14902.3 48
-4795.71 -11762.7 11
10823.3 16338.2 0
-6911.19 23148.6 50
-18955.4 12788.4 31
-21316.7 2749.63 37
-17547.2 -15389.4 38
3901.84 8251.41 48
528.952 -23631.2 9
-6189.48 -25798.1 43
14459 -23160.4 25
12280.9 22232.9 7
-15867.9 18115.7 23
20367.6 26803.3 42
-15573.2 14910.6 28
-22376.9 -12355.5 14
-22578.9 15683 18
-7307.06 -1345.17 39
7059.46 6556.86 19
2426 -1765.04 39
-13974.3 -21692.9 46
13902.7 356.222 20
-725.992 19309.9 45
13147.1 15829.1 11
26042 -25526.6 17
10712.5 13002.4 43
-452.474 23614.3 37
-21797.3 -9571.1 49
-24131.4 -11031.9 28
-9277.03 4489.5 46
-19030 -6073.53 34
24132.5 2116.28 33
-4138.56 -21617.5 27
23565.7 3463.51 50
14219 -22360.9 22
-9990.78 -11330.5 47
11590.3 -21532.7 0
1394.04 1260.96 48
-4682 -26373.1 14
2525.34 27053.5 47
-22147 -4948.81 12
-14713 4669.51 47
-15961.1 8175.22 4
1513.9 5052.14 39
8910.87 11152.7 36
-16325.9 9907.79 3
11502.5 27621.1 13
-23582.3 -1083.28 19
20602.9 -23278.4 3
11154.1 26750.9 5
8271.39 10655.9 31
-14184.4 -24295.2 46
22145.3 6504.82 38
-18607.5 11668.3 23
-20223.5 23313.9 30
-25322.2 -14485.9 46
17810.1 10897 49
3122.67 1231.35 2
22798.7 18058.8 20
19155.5 -15671.5 4
-4564.68 1509.75 31
-24511.3 -15382.3 44
-23986.7 18721.8 18
-8168.83 -17467.3 6
-15589.7 14584.5 34
-2921.8 -22601.8 6
8972.72 -4234.75 27
-5320.21 21039.8 2
3644.63 -22999.9 32
-2763.94 -22835.2 4
20572.5 -7183.68 25
-5288.4 -22540.6 25
9377.26 -5777.62 25
3106.74 27921.1 17
5716.81 -9972.57 24
5866.7 17992.9 31
-12929.1 -23053.4 30
19450.1 -18652.4 23
3778.55 -22719.1 48
16787.2 1242.04 13
15543.4 1645.19 13
22874.1 -26551.6 36
-24092.6 -16282 44
-14898 17216.3 27
-27076.3 25289 18
24391.5 6647.73 33
-24526.2 -14771.9 4
-4113.22 24229.4 17
-1384.28 20906.1 48
5372.29 14084.1 24
-1827.15 15617.7 39
8619.05 16817.7 45
22021.9 15936.7 25
22086.6 -5203.13 46
-19170.5 -27942.8 8
-3478.94 -6131.37 16
-17636.5 -22667.7 18
2497.22 8657.93 49
8940.38 -19324.5 37
25361.4 -6161.86 8
-1094.77 5263.23 6
-1373.37 21711.5 34
-24924.5 20467.3 12
10600 15037.9 38
20897.6 -17200.9 4
-26605.3 1370.92 48
13285.1 13224.5 25
19267.1 -9085.58 35
20230.1 541.251 48
9617.91 1356.98 38
12287.5 12761 19
-1894.3 19376.5 44
27691.9 -11696.9 50
12031.5 7361.12 38
-24213.4 -24383.2 24
-14044.4 -6429.1 49
2238.09 12068.8 32
-4889.21 -2588.28 35
-27245.1 7231.04 36
-2718.61 646.588 28
-2466.17 -8120.97 9
404.364 770.185 33
-539.926 -18781.8 31
-14110.2 3542.46 34
-12353.8 -18518.8 28
-9754.04 4633.47 6
10953.1 10523.4 42
12521.1 -14512.5 47
6986.33 1350.9 47
27497.9 -16362.7 33
10135.5 17351.3 3
5539.98 -1436.35 21
10570 -10430.9 46
-10920.4 -22596 44
9869.59 25691.7 11
18221.8 -3316 14
12930.7 6786.07 8
15838.2 -6124.82 14
19202.1 17643.8 43
4537.99 -9265.85 29
-21729.7 10077.3 48
21046.2 -7661.26 8
-27175.9 25081.6 6
10603.4 4841.81 33
26380.6 21524.7 29
6649.72 -4551.89 18
-18270.9 -6375.37 4
-6701.46 23799.2 11
25475.1 3680.46 4
-13381.1 -17528.3 42
10963.4 14994.7 39
-5144.48 6686.88 20
8687 17282.9 27
-1993.96 -22857.2 24
-14186.1 5548.09 31
-13088.7 26085.8 25
-4692.9 -3552.57 14
20665.6 27424.9 20
-2379.56 24680.1 31
-21797.4 7410.28 26
-2314.5 -26969.7 11
-2155.48 -17504.5 49
-27456 -18871.6 33
-4492.57 -18981.5 34
-7652.19 14719.5 9
-17132.8 -6200.46 29
-16797.5 -21885.5 5
-25615.1 -15075.6 47
22547 25339.7 29
-6382.19 7432.74 12
-8296.83 21304.6 28
-15081.9 -15233.4 29
-8066.27 -13633.3 41
236.1 20140.5 8
-20719 1814.86 9
19217.2 4634.57 22
-6136.54 -2282.44 24
-18137.4 -12940.6 35
-2852.09 21544.7 30
-26276 16694.3 45
-1410.15 714.984 4
-27450.7 10642.4 28
-21133.7 -16323.9 14
21928.3 -11358.7 24
6747.58 -9511.74 40
16943 -10859.3 17
-7272.08 -18930.6 48
18418.2 12592.6 43
-21250.9 2323.4 41
16843.7 8644.23 43
-10293.4 -9128.28 44
-24586.7 4657.99 24
24296.5 -23833.4 25
-2430.58 -13627.6 26
-13668.6 7190.3 24
-9738.88 6959.1 5
17028.9 23584.4 38
11872.8 -2876.36 11
-25041.1 -8571.19 3
6191.67 -13343.2 45
25646.8 -23997.6 10
26523.8 17422.7 25
11692.1 22789 3
3981.7 22851.9 47
-22059 20189.4 42
2600.64 -27510.4 48
-3868.64 6332.73 5
-22804.8 13515.4 40
20095.8 -9115.33 38
-16684.4 24580.2 32
-9896.59 -11365.5 22
6728.37 -3531.9 24
23196.1 22422.7 5
9446.75 -9289.41 26
13271.1 -859.729 24
-24407.3 -6922.58 43
-21528.2 5786.91 15
-20104.6 24177.2 34
-2804.88 20776.7 5
4690.02 -11800.2 48
27758.8 26106.2 32
12559.4 -22481.7 8
15234.5 12946.4 2
26225.7 -4468.72 16
24936.3 -20684.2 33
925.288 6647.22 25
-22577.3 5681.72 37
-23984.7 10691.5 14
-11656.5 -20102.7 8
19948.4 1941.34 7
4580.88 26970.3 49
-14124.3 -1247.07 11
3550.47 -17700.9 0
25421.3 12461.2 21
19748.8 -15625.1 0
25969.3 2901.45 15
141.378 23450.9 35
-19812.1 27875.9 37
23004.7 -17428.6 37
12404.8 -20464.3 32
22425.3 21053.1 2
14512.7 -13479.6 48
-15463.9 26552.2 24
16230.2 6005.6 47
-6740.43 22862 49
6289.21 10075.1 15
-19232.1 15572.8 14
-26627.1 27648.1 19
-7665.31 20993 1
-1739.23 12148 21
-16557.1 -1378.23 43
-5829.85 2467.63 4
-16991.5 -8870.89 6
701.64 3628.19 20
4036.57 -10743.4 7
-22708.9 15009.2 6
25913.6 -966.889 15
21683.6 10218.3 13
7338.22 7680.51 31
6280.69 -525.963 32
7782.29 -6563.92 25
16925.7 14668 37
-15634.8 19892.9 44
-9581.23 -14377.8 18
20565 -1243.96 7
-19192.6 14665.7 2
13536.9 8199.95 25
18221.3 95.9744 15
17792.1 -2111.19 44
6758.58 -5856.2 46
22098.8 16664.6 48
-24508.7 2308.83 22
-16218.1 26333.9 49
14234.3 13339.3 48
-6822.59 20031.6 24
-19101 -3741.84 24
8598.95 17844.6 5
14140.3 27092.4 30
22404.9 -17092.8 26
5543.14 10789.8 40
-26489.4 -8106.9 21
-16444.9 -21937 33
-25874.4 9384.21 47
-21258.8 -22228.2 13
-10469 -25604.3 0
-17358.5 -6111.75 10
-15978.2 2630.16 44
470.836 20090.2 3
16794.5 8675 4
-15947.8 -2857.72 42
-13212.9 7911.21 43
2051.53 -18571.6 35
16399.6 2892.4 29
8068.34 -26888.4 31
-14833.6 19306.2 39
-570.811 -482.047 42
8373.33 -14724.5 16
-17648.7 25865.8 23
20283.2 -25512.4 30
6779.22 -10246.1 19
-8335.87 5558.12 32
-21390.2 418.028 48
-15835.5 16905.5 12
16176.5 14686.6 16
-14475.4 -27999.8 3
-14592.7 -17485.9 27
23683.6 1710.61 45
27019.8 -18542.4 24
1898.12 -9045.28 40
-6092.96 -4645.58 12
16949 -23477.8 11
-19967 4168.55 29
27389.8 7508.29 47
-24520.2 10091.9 16
-7.90452 -3538.44 26
-13267.7 12226 42
-25051.6 11802.4 36
-23770.3 -26833.8 0
6376.04 -14644.1 21
15497 20854.5 22
19826 6984.06 30
-26939.4 879.508 23
-20788.2 22448.6 44
3406.16 -10910.9 44
-6513.33 -13828.5 11
11273.4 7535.8 9
-22981.1 14494.9 40
-23721.6 -21749.9 41
-226.86 -7182.77 39
-19843.3 -10979 21
-18352.5 24300.4 32
-13507 -12059 15
15073.3 -2197.82 44
-18307.5 -25388.8 35
2555.85 -15821.8 49
909.836 -12879.1 8
-2233.54 -18988.2 33
6758.34 20672.1 37
3489.48 8633.91 38
10726.2 12648.5 32
6822.73 19093.9 3
-6581.5 13937.3 21
-438.808 4928.25 30
-22360.3 -14765.5 50
-14082.8 -3461.13 37
-14519.4 -17156.7 17
325.153 16843.4 31
19268.6 -25876.8 11
21665.3 -25109.2 30
-26069.1 6681.58 41
6595.14 -20051 35
23444.8 -13296.7 42
-27194.4 -6146.94 33
-10140.3 -21278.9 8
9315.73 20446.4 50
-27442.7 9280.39 39
-19537.8 11639.8 44
5746.63 8550.44 35
-18882 291.394 48
-20013.9 -2657.01 3
-20048.4 -10483.9 1
-24683.2 22778.1 38
7759.33 16135.3 4
21049 -13326 1
18832.6 3099.05 30
5126.34 -20043.8 43
-10361.6 -1465.62 32
-3426.54 5226.69 8
-4028.39 -12767.7 30
-27519.9 -562.032 41
-16654.4 16634.3 44
9328.04 -3469.59 9
-23493.4 7307.18 28
-9597.92 -16988.4 44
-6303.58 17901.6 11
3653.74 19706 38
-15534.7 11035.4 25
11210.6 -13265.1 16
-14751 -25451.1 0
14586 3254.85 18
-8953.15 4799.74 1
-19771.3 27605.7 33
24821.7 -7065.98 41
3160.89 -12818.3 20
2374.41 -12966.6 46
19267.7 5464.93 33
12258.5 -19812.2 18
-16337.5 -27798.7 20
4270.92 24435.5 10
-6262.18 23638.7 3
14410.8 -214.238 10
17651.1 21379.1 45
-23128.7 14012.7 2
19142.1 -9424.49 49
-10303.7 -16003 30
8027.06 -22283 41
-10305.5 -16372.2 39
-7487.7 26956.7 44
23266 14605.4 48
25948.2 -3971.05 35
5356.85 23496.7 23
-3771.43 -13848.6 9
-25107.8 -944.188 6
3741.46 -27753.9 44
-14721.2 24055.1 2
471.59 -17011.3 49
-14068 -470.093 21
21550.1 -12798.2 21
-2804.34 -21275.4 10
-16361.9 23037.7 35
-1270.37 20471.1 19
18659.6 -8510.43 15
-15440.9 26720.3 47
24190.4 -1463.89 7
-21725.9 -7041.4 10
-454.376 14906.6 17
20824.3 6300.73 25
25821.3 25554.2 49
1226.89 23363.1 18
-11966 -24121 9
-3307.19 -24255.3 44
-6888.29 17683.1 33
10733.2 -21903 44
14517.2 27301.2 13
8267.8 -23994.7 4
-14527.9 -327.134 16
4575.93 -26572.2 25
-506.491 -22289.6 43
25177.2 17129 17
-5349.24 15595.9 11
-12102.3 20141.6 26
20950.3 13624.7 30
-7181.39 25580.6 44
20743.8 13824.4 28
18876.2 -26150 12
-9532.66 -11599.2 14
18000.6 -17220.4 12
13280.1 -20798.3 20
-3204.63 4255.65 37
36.8857 4662.41 41
12812.7 -16253.7 18
8759.45 2422.05 21
1587.41 5544.42 26
15501.4 9187.69 48
20955.5 -24848.6 41
7600.42 8313.3 26
3866.8 -6896.45 35
24884.3 -26422.3 25
27220.5 24632.1 10
12532.6 -26830.8 46
-13469.3 11360.9 9
-15314.9 -8614.43 4
-6664.48 8021.35 46
24641.2 -11022.6 17
10389.6 8196.15 18
-12059.9 -13541.9 11
10515 17784.6 5
19227.6 -20924.3 29
-20270.8 13846.4 7
-19438.9 7864.92 48
-22346.1 4502.31 38
21913.1 -22723.4 32
637.65 16947 36
-13815.7 -22342.7 46
15954.3 -13560 40
26619.7 26252.9 33
-21337.1 24788.6 9
-23356.6 -18813.9 50
11297 20229.5 44
9948.32 22808.8 0
25205.7 15211.6 44
23886.9 13203.1 4
-2638.9 26069.3 27
-11136.8 -22794.4 16
17294.3 -572.918 28
15863.2 -14288.2 12
-10865.4 7134.63 39
23553.7 -12052.2 17
14087.8 -18370.6 0
-3148.2 18810.2 46
11766.1 8008.21 49
-12868.7 -13514.6 22
-18565.6 -22602.5 47
2403.95 -15536.6 29
-10725.7 -7701.18 9
-8182.67 20000.9 13
-21238.3 8774.16 43
23978.6 3960.79 11
-1545.13 -27179.6 11
19779 -9075.04 43
-817.507 16260.4 32
17386.7 19826.7 49
20784.7 -23111.6 6
9242.01 24403.4 29
-20284.4 -22320.1 33
-22304.6 11570.8 9
8828.29 -8400.28 18
-12439.1 23125.3 50
4085.65 27604.9 21
-19903.2 17591.9 13
18901.6 -407.823 5
2614.92 -5441.43 19
-10965.3 17059.2 19
24331.3 26950.2 47
-12952.8 27133.7 50
2228.67 -4467.94 28
-18857.3 8000.48 32
-5109.63 -6878.37 6
-2517.82 -1738.47 37
12543.6 12798.8 37
8011.26 27535.2 26
3735.45 -2661.1 42
-23547.5 15478.1 43
-817.739 -13386.5 45
26234.7 -11982.1 19
2072.63 13864.2 24
-20184.5 17575.2 12
19380.4 -10817.5 46
1365.5 -4129.94 0
21836.2 -23509.1 42
17643.6 6329.33 4
18307.3 21089.8 4
-13119.9 -4234.58 30
-14006 -19848 31
11801.4 -23825.8 40
13172.3 8927.22 39
-50.309 10226 29
9626.84 -9025.84 31
108.152 -12199.9 0
18351.5 22388.3 40
19444 8309.45 19
-668.055 3157.45 6
27990.8 -22420.7 24
5625.22 14399.7 11
-19701.5 -11242.1 23
3918.42 24126.2 18
-9907.1 -18792.1 25
-11418.4 -25668.5 38
27051 26384.1 1
8883.66 -20107 44
-8132.98 5903.9 20
-17089.5 -15819.6 33
-23862.2 -11877.4 40
14555.8 24223 22
-18658.6 -17949 28
-17371 6479.11 2
-6060.19 3053.85 1
15245.2 -24662.5 33
26600.9 1246.32 28
-17267.7 -24286.9 19
9045.27 -12489.7 1
561.549 -4603.35 46
25788.8 3488.92 31
18659.7 20281.4 23
6635.67 -7531.83 0
-23351 11329.3 35
-27131.3 3556.88 0
10304.6 618.071 50
-14926.6 6240.74 25
-12284.7 -7916.97 21
-27313.7 26866.6 43
20479.7 26154.8 11
878.858 26965.4 24
7219.69 16991.7 6
-18224.7 -5672.7 50
-27382 9862.82 29
-2640.62 15715.1 50
26418.1 15092.8 11
-115.148 -19338.8 23
26664 -21744.6 20
2617.47 21591.8 37
27152.4 17.0695 31
14851.8 4335.3 32
-12058.8 -18039.6 18
2391.55 -153.446 22
5055.53 10757.5 4
12003.4 -17223.4 16
-13707.7 21901.5 34
20959.2 4711.54 28
17388.5 -3634.87 29
7231.3 332.642 17
-4520.12 -9378.42 40
13745.7 -16293.1 27
-16882 16148.9 9
9407.95 -18275.7 25
-23831.9 -12304.5 30
-21254.5 -8759.2 32
-25245.7 -19738.8 19
-16592.7 -27447 49
-12652.6 24218.4 2
4904.52 -27130.8 44
16611.8 7311.09 37
-5322.73 14178 33
21062.8 20386.4 49
18326.6 -11961.5 28
11519.9 -12727.7 30
-935.591 -15526 39
-18230.4 343.784 34
2732.62 9378.87 16
-7022.07 10278 9
26523.2 -9777.21 5
12642.3 4842.31 40
24307.8 24103.1 22
8456.92 12670.2 6
-8221.88 20652.4 40
-8946.88 -9952.23 29
8565.34 22123 8
5206.42 -15400.1 27
-18972.7 25324.8 5
25258.1 23670.5 30
-20502.7 10810.5 0
2650.56 8541.97 8
-17809.8 -6920.34 27
23263.4 21591.1 27
9278.9 25840 37
2830.5 -26077.2 3
27459.2 2955.92 32
-14792.7 -22942.9 39
-73.3987 5622.29 45
-17714 -24653.8 14
-19333.2 -16193.6 20
8436.34 -25376.1 25
23673.6 -14313.3 36
15915.5 26856.5 41
-5739.52 24806.6 29
15926.4 27905.4 30
24914.6 -27511.6 29
8965.87 -26725.5 26
-9226.28 -5882.43 1
27680.5 -21448.8 8
15889.5 -16230.1 22
-11553.5 6506.17 8
18262.4 -27238.5 27
5771.52 -25467.1 9
6697.76 1064.1 44
-12147 18264.7 9
-27506.7 26023.9 46
-5764.49 27667.4 9
2944.37 20380.3 7
8304.13 -9639.39 24
13521.2 15727.5 36
-6416.37 -17270.3 13
21611.1 -5699.1 2
-21652.8 14405.1 41
-21380.8 -4744.23 32
-11741.9 -18878.6 28
-4736.09 -13249.9 43
-2730.23 1133.46 34
12092 3353.73 2
6398.47 -14353.7 29
9734.79 21440.7 19
11383.5 7628.6 1
6576.09 12024.8 22
-16773.2 -8459.09 36
-9887.85 -4756.44 49
19184.8 -18015.8 26
12304.4 17734.8 7
-5474.81 26774.4 8
13957 1184.22 46
-24972.9 -3009.88 8
-11774.1 -25125.4 38
-8200.75 11421 11
-9491.37 27291.4 16
22311.7 -4847.36 35
6465.67 8831.17 48
13996.7 -21920.9 24
-3178.7 -27126.5 8
-10803.8 19247.8 12
-16021.2 21782.5 49
-27259.1 18652.3 26
4649.09 14432.6 3
18203.7 13180.4 14
-16592.6 -10565.3 30
24299.4 11515.6 32
-23861.8 -8592.58 33
-10184.5 19886.8 1
-7801.74 -7703.17 29
2113.92 21256.5 6
2683.43 -12406.7 48
-21504.3 26680.8 3
6097.32 -7643.13 30
17237.1 8468.02 49
7124.87 -15311.1 12
26261.6 -6291.14 18
9753.49 20107.9 18
-7165.59 -24150.1 22
-7025.83 12002.3 35
5909.52 10.5877 34
12784.7 -11813.3 2
-12526.3 -14661.7 8
7921.19 17132.9 26
-22925.2 -25125.6 35
13166.4 12280.8 14
21747.9 -2744.6 39
-14229.5 -6132.41 0
7731.88 -26409.5 18
2610.24 16318.8 8
-17255.3 12963 1
-8772.3 530.348 34
-13234.5 6512.56 4
3139.15 -1283.85 9
-25064.8 19118.2 17
-12165.1 10229.6 34
23731.3 -13756 50
-25282.1 -18952.1 26
-14522.6 26890.4 49
-982.617 20601.3 24
11454.4 -24195.7 39
-2137.48 -8563.81 14
20701.2 -19417.8 37
10809.2 6848.73 49
-20976.1 6740.78 29
21699 12181.5 23
13735 -11690.6 43
824.007 7596.45 19
18683.7 -18494.5 42
486.393 -22738.8 1
10370.6 26180.9 2
-23141.3 7572.38 8
14826.1 21673.8 17
-1311.16 16342.6 16
21413.6 20305.6 36
818.953 26879.4 34
-20561.1 15115.6 3
19595.8 2830.14 45
15827.1 -11336 14
-13199.7 -3053.43 4
19733 13808 31
-7794.42 1753.11 33
-2092.86 22155.7 49
-2445.32 -4456.16 4
3381.57 -9465.21 38
-18204.8 13084.5 25
10998.8 27219.2 33
27315.2 27433.6 50
-7245.08 12973.7 11
-21418.8 11064.3 9
25378.2 23420.6 30
10015.9 20563.8 11
22103.2 -12759.8 49
20955.7 -23711.6 2
1352.84 -19590.1 1
27349 -26522.6 20
-16462.6 24924.6 50
8013.19 -25138.5 41
-5162.78 19497.5 9
-15501.1 7098.55 48
14185.6 8829.89 29
-4046.67 19056.5 42
4437.58 -9328.46 40
8172.26 27617.8 15
-6848.72 18263.4 40
-10265.1 -21698.2 16
3780.04 -10494.2 47
-20613.3 12269.5 44
-19380.7 -20385 22
-19763.4 -20852.2 11
13410.1 -7201.89 1
-11771.1 -7740.44 20
-22296.5 -24754.4 4
-18145.6 26383.4 41
10984.5 -4181.39 28
6881.62 11776.2 43
-4757.74 11254.5 13
21255.2 -1708.74 33
-23866.4 -17640.4 8
1433.84 -13866.6 40
11071.7 20907.1 13
-26520.4 -7203.91 21
-1722.33 -16420.7 12
21496.8 17433.1 30
-8074.91 21141.2 24
-12711.7 -20433.3 49
-16663.8 -23090.3 26
-5126.94 3809.87 47
-10684.9 -18441.6 37
-23423.1 -17125.1 41
4485.49 5270.41 14
-19484.2 24093.6 30
-25998 -7463.86 20
-25680.4 9612.84 28
21481.9 -13776.9 35
-9822.73 -12940 45
-21016 -19019.4 16
23382.5 26509.9 39
-18590.5 27860.4 5
22194.3 -17996.3 18
-23053 14997.1 25
-304.526 -925.223 41
14649.1 -11844.4 35
14394.9 12647.3 13
-11480.3 -10708.5 31
-24492.4 -17778.3 40
11614.8 27398.4 23
-18367.3 -26459.2 22
8152.76 22692.8 8
-13460 -26466.3 14
900.902 -11633.4 1
20821.4 7188.43 47
22391.2 -11163.1 8
2950.32 -16573.6 17
-1449.07 11639 33
27942.8 4335.76 39
15883 24544 39
-22264.3 26992.4 30
11579.7 1440.48 42
-9335.61 14119.7 9
-13622.7 17539.6 29
26019.3 -2305.13 34
-3085.65 27420.5 4
-10491 9928.92 21
1543.59 -20425.5 15
7332.82 -1748.03 44
-24038.9 25732.7 27
10012.8 -20417.2 39
5037.39 25444.4 50
3464.41 4538.45 30
-5641.42 11611.9 27
1861.56 11389 32
17659.8 19162.7 36
-18437.6 27563.8 3
7406.74 -12401.8 20
-11318.4 14566.8 17
11002.3 25137.3 41
-20425.9 -27403.1 7
17324.6 -14409.7 40
1496.88 25750.1 38
-26968 27202.2 29
-24783.1 14643.7 22
18331.6 4545.56 37
-24497.3 18580.8 3
-8272.33 -1547.55 2
14231 -22891.2 13
24400.7 25074.4 49
-540.656 5922.6 1
21725.9 -16360.3 18
7698.61 -6731.14 16
-4714.61 -19497.8 36
-6555.15 -22363.4 34
-20841.7 26389.4 32
6201.03 -2196.62 12
10294 -8509.69 26
-20179.9 -24063.9 15
-2369.47 11385 21
-2172.34 22468.1 38
11850 19801.9 27
-26555.6 22605.1 43
5177.4 -2725.57 24
-19150.3 24625.2 7
23576.2 18510.2 45
13970.4 26123.6 43
-19149.7 -25961.4 42
26480.1 -627.407 10
23893.7 24144.5 43
20046.7 -19488.1 32
-2762.62 -1578.44 39
27936.8 22831.4 39
11800.5 25965.4 18
10557.1 -20429.3 8
-8129.07 6756.48 14
21343.9 -10548.7 29
15670.3 24257.3 36
8021.85 -1490.2 12
2699.92 -7818.51 49
1653.14 -5292.55 3
2199.02 3299.47 38
-2173.99 3404.32 11
-11181.9 -20064.6 31
-2959.58 -21868.6 8
-3392.87 -17268.1 45
245.899 -20737.9 27
-5460.46 25664.2 49
13417.6 20555.1 30
-16596.4 26588.3 15
-19480.6 12251 17
-25581.6 -2722.95 14
-3787.49 4338.11 24
-9777.14 -3706.73 0
26627.6 -3550.6 44
15267.4 22560.7 26
3897.22 -8970.08 18
-15992.7 18610.8 3
9271.3 23490.4 27
13607.7 24913.2 28
-13642.8 9030.07 33
5382.86 27358.2 18
-13139.9 -2508.57 31
-15491.8 15959 9
12734.3 -16751.4 50
5370.85 16036.2 18
-3066.68 -14258.4 9
-19661.3 8539.54 21
-17627.4 -25948.8 31
9564.12 -7796.67 26
9434.97 -17762.9 21
7022.22 -5930.02 38
6586.01 20985.6 40
-5188.97 14372.9 8
-5882.62 -8964.29 4
-22502.5 24677 35
3833.07 -14556.3 39
13918.5 14312.3 49
-10257.4 2895.2 21
-13631.7 17413.7 39
1415.19 10430 41
-20980.1 -14934.9 8
4104.25 -11394.2 42
21160.6 948.291 5
1640.35 1998.99 22
16616.9 14611.1 33
-2647.39 2720.71 2
19765.9 -9535.25 37
10503.4 -14433.7 29
-25592.9 -11882.7 10
10332 11140.7 4
-11784.3 -10632.2 26
-12934.7 487.639 43
3097.91 4167.66 16
-2505.58 -18453.1 13
20604.2 16096.8 27
-21912.2 12924.8 27
-35.8865 17541.8 11
-6777.55 -398.016 2
19077 26471.8 17
-24189.4 -18242.5 23
2849.76 15651.9 2
-5887.19 24996.9 36
-11946.7 -26979.1 20
-8249.61 11224.3 9
-1782.99 -10290.3 6
3034.36 9570.61 44
-21008 -17773.1 18
-4745.12 -19223.3 5
2125.09 -1868.56 35
14453.5 13895.5 45
-25155.6 7828.89 7
11471.6 14811.5 40
-17730.6 6588.27 41
9748.14 3896.56 48
-8102.89 17914.1 49
13627.5 15444.2 35
-8209.76 -828.879 37
-11489 17060.7 42
-7370.95 12984.5 23
-23037.9 -9571.96 36
4981.59 19163.8 1
-23089.4 -26389.5 17
18040.3 -12992.8 1
23220.5 7502.33 7
1723.48 -19780.2 49
3711.84 1712.52 23
11836.6 -11345.7 18
-6823.52 11848.4 26
-26455.7 8651.55 2
19919.1 27375.5 28
-891.46 -24249.3 34
-12548.2 -4740.68 35
-20353.2 -3061.37 35
-21324.1 9661.63 10
-7422.76 -3449.74 7
-4662.49 -12466.8 45
-20418.4 -26842.1 25
-22830.5 26542.8 33
21685.7 20334.5 20
-19672.8 11526.2 41
-24701.9 15110.4 25
-9999.6 -3829.21 13
-20139.7 15043.1 15
13589.5 -10452.9 16
-10776.3 -12706 6
-26919 -20360.7 37
-23718.1 -8710.63 11
-23486.5 11542.9 41
25922.4 -5266.02 1
-26273.9 800.556 39
8546.6 -25567 11
-23221 6719.75 13
18461.6 23512.9 15
-13606 -1860.55 5
5654.37 -17465.2 39
12013.1 5800.3 16
7832.7 -21865.5 5
23084.4 -15894.6 7
1076.7 -21559.6 47
-17799.9 2614.98 16
-24979.3 -5090.58 35
1482.41 -15788 7
-21462 -12294.9 24
11431.4 4897.38 16
7792.17 -8656.73 20
8235.39 27571.4 18
8572.55 14152.8 5
-19443.3 498.894 11
22515.6 -3451.54 30
-9581.97 4449.47 45
17178.6 10332.8 31
15066.8 22959.3 8
-14445.6 26984.2 6
-13115 4060.24 4
14110.6 10718.8 24
24435.7 -17363.1 20
-8823.94 6756.95 21
-19774.8 -22868.4 5
2051.47 1766.2 29
-18566.1 -14939 47
-8940.94 18931.7 18
-9892.87 25298 3
-24462.5 7487.25 31
-2017.13 14693.2 15
-11664.8 17956.5 36
-17739.7 13031.3 26
19492.9 12310.9 16
-18983.5 12705.7 40
7745.73 6679.45 8
-16613.9 3619.98 48
6582.82 15211.1 37
11266 -12944.3 29
-26366.9 12450.6 11
7658.27 25158.5 9
-6414.92 1737.34 46
10828.4 -10477.2 1
-18999.8 -24920.4 14
-5787.3 12570.9 17
13133.7 1973.05 33
-2824.67 16137 30
14305.2 -9572.05 35
-21499.5 -16702.9 27
-9809.45 -1729.14 27
13622.8 6737.94 36
-2550.38 1020.22 35
-23288.8 20596.2 47
-26438.8 -15178.6 0
-4331.63 -27850.4 45
24000.8 -24947.2 10
-8283.78 27458 16
-22767.1 4249.33 42
-3808.01 20403.5 5
7875.5 505.457 10
-5311.06 18448.9 24
10063.2 -26756.9 4
27778 25887.9 4
-13649.8 18545.5 23
-1540.37 -21782.3 4
-14327.4 23660.3 27
-17703.1 907.303 41
-23303.5 27548.2 20
-14853.6 -1843.94 4
-21184.5 2834.78 14
19257.1 11244.6 14
-16782.2 -21069.8 47
-15789.7 23041.8 46
-24132.8 -17206 27
-11886.1 27299.6 40
8460.74 6322.97 9
21875 -20886.9 42
5622.46 -1343.62 12
12136.8 15534.6 41
-5585.63 8911.27 50
1970.45 -27057.6 41
-16504.3 2211.07 4
18763.4 -1897.18 5
-15949.6 -9377.35 6
26417 26548.4 16
7168.69 6571.9 45
20360.2 14642.3 0
25041.6 7865.59 8
4313.6 -13152.6 4
9044.61 3067.11 0
-11545.7 6294.88 38
7979.07 -27841.2 34
13159.9 18093.4 39
-21758 -16977.3 10
9866.66 17822.4 22
-16565.4 17522.1 15
-3524.16 -2855.07 31
-2624.59 24200.6 35
12564 10358.3 14
12958.2 9278.78 14
10926.5 -2468.64 30
15864 -22792.3 48
-2057 13590.7 20
27255 -24660.4 15
-18496.7 -8281.87 46
-16259.4 -18764.9 35
-20521.6 23258.1 42
6612.94 26277.2 47
-21138.5 -18091.6 38
16885 16094.5 43
-13836.2 19995.5 33
11453.1 446.989 33
-15610.7 -142.719 33
22782.3 21751.2 29
20272.4 -9436.03 26
18027.9 26667.9 10
6470.71 24676.1 21
-4464.95 -8987.72 3
-25687.2 9590.11 37
6029.14 -2870.84 45
-12556.3 8697.85 48
-15326.1 15249.9 19
3462.15 -14431.2 16
-3303.05 -14521.2 17
17125 -16436.3 28
24860.2 -15679.7 31
-12946.9 4309.36 43
-16934.9 21270.9 21
-14823.8 22303.9 23
-18705.7 401.439 50
-9214.47 5383.34 8
-16207.3 1656.46 32
-9692.07 19390.2 50
25831.4 18476.2 33
2340.9 -27917.1 45
22144.7 14578.2 39
-3503.05 -740.359 15
-11398.6 3823.36 50
-18922.2 -26642.7 18
19965.8 -22701.3 13
-5299.02 6991.11 36
-25822.4 -23654.4 10
-16561 -17313.4 16
6981.55 371.527 0
10896.4 6091.96 43
8313.34 10996.3 38
-15847.1 -19983.1 4
10068.8 15285.9 9
27655.4 17251 49
6190.57 -23684.6 8
-22034.1 -5586.18 48
-23271.4 -17212.6 28
-9923.76 -20838.7 15
11067.1 -26451.4 39
20354.8 -20290 48
-4545.4 -19037.6 42
-8710.68 -570.024 21
2815.09 21975.6 47
-14294.5 3548.93 31
-10410.7 20661.9 32
-27350.8 4939.65 0
5200.34 -20744.1 34
-3167.54 -24523.6 18
-4678.47 1641.87 13
-12113.5 -7653.21 29
-3083.29 4887.79 22
-7066.07 -13.8562 17
24920.7 -20571.8 20
-20092.4 -4505.47 15
-9458.23 -13481.6 16
-27382.9 21043.6 10
-8764.38 21082.7 48
-13720.5 6647.89 35
7471.47 -7279.36 39
-21548.2 -24792.9 27
-1338.69 -15740.7 15
12988 -26514.8 38
15196 20090.5 7
5584.19 -17341.8 40
22004 17582 14
-5834.71 -6957 27
-27591 -14041.7 11
-21.0398 2102.69 29
-23636.4 20982.5 45
22066 -560.925 7
23259.2 -7584 18
582.249 25511 0
-25070.4 -14712.4 47
-20176.4 19608.1 20
-16080.1 -20010.2 47
-6330.7 -212.904 30
-20186 4553.22 1
5294.8 27199.9 43
-9039.3 25960 37
-14997.1 1765.48 18
4376.7 -2134.94 38
-8440.67 -20700 45
-23185.3 -11681.4 31
-3358.27 -20126.9 47
-220.207 7535.27 1
-24672.1 -22892.2 50
-8376.23 19134.9 18
-21065.6 3347.69 11
-15310.9 -1049.04 33
-25796.3 9505.13 11
15912 -7259.76 33
-25410.9 20062.7 42
18765.5 -1277.25 8
15785.4 -7825.78 40
8851.63 -17169.3 29
4297.19 6049.88 11
-545.617 -16841.7 45
4753.31 -16528.9 38
27299.3 -27322.6 16
5994.88 -9113.95 8
26962.2 -26544.6 41
-21966.4 -21806.5 41
5941.18 -22696 44
15998.5 -26673.2 11
-12082.9 16300.8 39
-10839.7 -8043.92 16
-7092.95 18008.7 17
-8645.37 -8171.83 47
26056.8 24950.9 45
20375.7 16214.9 0
14852.2 17740 36
-20827 -22443.4 33
-17613.4 18514.3 5
-982.186 -27794 42
2916.05 -11645.8 15
1297.22 6997.63 33
-21877.1 -16115.2 46
27643.1 16479.7 23
8322.97 26450.6 49
-13591.6 27515 23
3028.68 -21671 25
-12606 -8459.95 23
4032.66 -5212.56 4
-2154.97 11224.6 14
-22292.9 12387.3 11
9521.01 20046 41
-23571.3 20184.4 17
21563.3 -16561.5 50
18988.3 16375.3 7
-24419.3 -20083.9 42
-3152.7 24366.9 30
25282.1 -11563.5 0
3926.96 -12097 44
27929.2 22865.9 6
-2233.51 -11671.1 35
14048.2 -23845.3 47
5475.11 -4766.88 42
-14272.9 21908 33
4680.79 -9393.35 16
-14246.5 -5868.64 8
13503.1 -16371.4 2
13621.5 -11250 4
3031.42 13222.5 46
20517.9 25222.3 17
-12485.5 -9531.16 48
-14122.1 27833.7 4
10140 -3589.19 15
8728.64 20905.8 43
3657.77 23009.3 9
-21279.1 -1261.19 50
-25171.9 -527.137 14
22872.7 25094.3 47
11132.9 -6170.23 33
-25271.6 15837 29
4452.29 -1772.45 27
5169.28 4622.09 35
10385.5 -26099.2 23
-23993.9 -10634.4 43
18360.2 2910.23 47
-26584.1 -21776.3 45
14419.8 -21477.1 34
17965.1 -4193.36 49
24092.8 2364.51 7
20802.5 8377.45 39
20854.4 20082 30
15827.7 -3032.27 22
-15342.2 -21852.2 5
23782.3 -7666.51 30
-26887.9 -26567.9 40
-21264.9 9277.69 49
-3625.9 -23911.7 0
-21272.9 -8606.85 18
-7499.37 -24177.1 17
23390.1 4532.93 48
-19381.9 -12997 40
-16686.4 -2575.27 30
21708.2 -2379.04 25
9664.9 -11465 28
-17957 5282.15 41
-10674.7 8031.68 0
-899.219 -11865.1 25
-2326.29 9979.78 34
-21596.2 -8320.99 8
23223.4 -2892.12 25
5080.76 -11771.8 25
-2335.15 24001 41
14477.7 -23218 10
-7924.58 -19947.1 45
6516.58 -13871.2 20
-9685.73 4715.38 35
-18379.5 -1532.29 31
-8041.69 20136.5 48
-3507.56 -4340.15 46
3129.87 3098.95 29
-10556 15854.5 42
16553.2 -10168.8 30
11251.4 -14157.2 29
20122.6 1734.42 2
13960.1 -7675.51 45
-7.52626 1342.23 17
4738.91 -19738.6 22
11636.7 -7579.54 35
5040.51 11972.3 34
-15268.1 3553.93 6
-12675.9 23246 10
-9811.29 -24109.2 37
6874.42 3963.19 48
12966.3 15417.9 40
-600.9 16709.5 21
26182.3 -15117.5 19
-16850.4 -24879.4 29
7602.47 -7394.85 6
-10814.9 17014.5 50
-11198.1 13313.2 6
9035.47 -19087.3 47
14528.2 -891.896 41
-25104.9 25618.1 6
-5728.91 26053.2 36
20535.7 10656 32
-13443.7 18301.6 13
-6818.86 26179.6 32
-4887.56 22070.6 22
10332.3 -2417.65 46
2249.69 18471.5 13
3304.8 20389.1 39
19619.7 5838.64 41
-27408.3 27568.6 27
-4889.9 13912.7 2
23769.1 -1459.66 21
7872.16 -23278.9 47
-12516.3 -12308.5 21
21430.3 23548.5 0
-2550.1 17325.7 19
21715.4 -13054 34
21423.2 -1711.93 36
-10906.9 -16340.7 12
10994.6 -3951.2 32
8241.29 16024.9 48
4771.25 8750.26 34
12692.2 -23813.3 26
1554.59 3557.41 8
-25295.9 -18470.4 4
-20025.6 22498 35
-21435.1 26460.4 46
-25379.6 17084.1 44
18663.8 23730.3 27
16751.9 -4833.72 39
-11835.5 -2960.05 5
20087.1 -2899.75 10
6423.19 -10857.6 43
4571.57 -5409.14 4
-4382.13 11837.3 7
-22779.9 13049.1 44
11085.4 -7802.34 41
6260.06 11512.1 29
-19271 25212.7 24
23378.7 19789 33
22797.7 10022.8 29
23436.2 26177.7 3
-10173 26504.9 15
-11564.2 18250.5 48
14715.6 7913.52 27
19085.9 -12450.6 38
9549.68 301.159 45
21816.7 -20377.8 31
-15781.1 -23068.3 6
-136.573 -4596.6 48
-8967.9 20529.7 50
-27191.2 -19785.4 20
5628.75 21912.2 45
-25098.4 -25480.8 4
3785.18 -26927 2
-1915.86 -199.985 24
-12153.9 -24134.7 3
-16134.7 8424.62 47
-24419.1 -26994.4 40
24457.3 -6914.89 8
-7058.44 -23635.7 43
14837.4 -24952.7 29
-23161.8 -1944.74 42
-2015.85 -27211.2 37
7089.22 21898.6 42
7002.51 6205.09 40
1018.76 16253.3 27
13504.7 -10677 4
17598.3 24835.3 9
-6290.24 -17760.9 1
24598 17832.6 26
16912.9 74.9636 50
13547 11816.3 44
-24519.7 11234.4 11
9239.25 7589.77 19
-1565.08 -8580.68 11
-7799 2075.45 20
781.818 14070.3 17
-579.046 -15367.7 13
-8637.48 -5932.33 3
27595.6 6780.75 29
7849.08 -19621.3 33
-25445.9 19957.2 8
-23624.9 13558.7 40
13985.3 -23178.6 1
17222.5 24059.8 22
-4886.15 -24204.3 9
-5435.51 -20974.7 24
-7116.67 -22650.1 33
516.668 -22495 10
20048.8 23527.8 39
12010.8 10847 49
14600.8 -14489.6 40
-21773.6 2742.52 30
-4969.29 -3057.55 43
-18292.8 -17668.1 44
25276.6 14545.7 1
-1649.72 13827.9 31
-21247.4 18808.3 16
-25152.5 -4173.51 47
-26511.5 9572.38 20
-2523.43 1718.71 16
-17073.1 21163.6 11
17089.6 2224.34 4
13944.6 -21294.9 18
16240.8 9976.2 30
27323.9 -5872.81 47
-9322.71 -21168.2 19
5594.11 -23025.7 47
16189.7 -8966 29
-23541.6 1342.48 20
-21032.4 -18723.6 4
9781.07 -559.286 32
4343.06 26519.1 27
-4815.35 -26173.6 8
9776.99 -4270.85 36
-20587.1 -11846.2 7
14748.6 69.8901 24
23857.7 -25196.6 19
18015.2 15986.5 22
21179.9 -17176.4 22
12355.9 4921.51 28
8628.18 -19431.4 33
10896.2 17381.8 11
22269.3 20730.8 17
21169.3 -1812.84 21
22840.4 17847.2 44
22732.3 -6554.94 10
21815.8 6791.14 35
26245.6 -5201.53 19
88.6512 27071.8 21
22750 -6534.4 18
8666.84 24898.2 3
-21663.6 22346.3 8
-18545.8 16902.3 15
-23731.6 -6888.67 1
10212.9 -2652.42 22
-14225.3 24230.4 32
-27499.2 7629.19 10
-16475.9 14307.6 28
-20589.4 -6040.92 23
-2723.43 -6336.07 45
-8287.7 13187 12
9199.34 4045.3 30
-23423.3 -21676.4 44
-18073.6 -24038.4 50
16239.9 17614.9 8
-9378.78 7195.38 0
14981.6 26914.6 12
1594.43 -2199.97 11
-18285.9 -1522.16 33
-10078.5 4718.69 35
15604.9 -9018.15 47
5036.32 27557.9 16
-19600.9 -896.587 21
19937.5 -10579.7 12
-23841.3 -7716.82 24
-21521.1 20538.6 33
7468.67 -10382.1 29
10267.3 -27669.7 6
24219.3 25146.2 25
18998.1 18185.4 19
1373.56 3089.92 44
26246.6 -20878.9 10
21693.1 22578.9 0
25190.3 -19260.7 45
-7708.08 -5251.06 26
4855.13 -23682.5 40
-24686.5 -12284.1 38
-14808.2 16519.3 17
4314.13 19595.1 24
-4130.52 -5192.21 9
-6491.18 -21601.6 15
21055.1 -4702.77 4
18792.4 9579.68 30
1699.39 13411.2 26
-1865.46 -19150.5 48
23291.5 14745.7 2
-6261.9 22721 32
-27578.1 -764.095 8
12952.6 -14617.6 20
-12474.3 12649.3 44
-14497.1 -8282.82 31
-6847.8 6557.13 23
22230.8 13599.9 7
-5922.43 21858.9 46
-17601.7 1445.41 15
-13726.9 15377.3 31
-19948.4 14688.1 38
20376.1 7074.53 37
-21821.7 -9966.37 17
-23295.3 -24250.1 22
-7168.95 9360.08 35
-6024.41 9212.29 17
-14428.7 4448.52 31
26841 -23198.4 4
7297.36 20153.3 0
17084.3 12012.6 39
-26779.3 24482.1 9
-16059.1 18682.8 34
10075.1 -16670 21
-21137.9 27237.2 3
-21677 16614.8 1
14182.3 -8581.52 49
-11083.5 19370.6 5
-10610.1 20171.6 24
13395.4 -25685.3 34
-23045.1 -18047.1 5
-15738.7 4951.76 32
-4117.28 14766.9 20
-3539.48 -9353.5 14
-13266.9 23709.3 13
3705.91 8870.91 44
23027.7 3650.26 1
-14202.3 2260 39
-12544.7 13058 27
11720.3 -5543.26 42
-24939.5 24591.7 4
-11854.9 18522.7 31
4363.68 6745.26 47
-18545.4 21490.5 17
22779 -27303.9 47
15931.6 -10471.5 38
-22988.1 -20936.1 2
-10370.3 -4961.72 18
-21616.5 20518.4 29
2120.18 1785.35 16
-8812.21 -17483.6 12
-23948.7 23815 50
25099.5 14473.6 19
-20893.5 -25123.6 14
-7171.98 -4482.82 4
-17349.7 -18313 16
-14217.4 4828.77 37
-6245.52 23369.4 11
-6855.24 6716.12 8
18419.5 -5871.59 14
9985.06 18827.1 50
2092.52 -12791.1 29
-21793 -8907.43 8
-8609.04 27123.9 3
-23779.4 23982.8 16
-4552.04 -8183.57 20
27793.7 -17974.5 45
-9241.1 -26709.8 11
718.646 -19930.4 45
1643.97 -18348.4 35
-2328.83 -25840.2 10
8246.99 1493.17 32
8475.66 -6372.85 43
-11665.7 27376.7 47
19666 -7335.97 40
-26683.4 18424.2 3
-15437.8 -25996.2 19
-19587.6 8222.62 16
-5116.52 -19745 27
-7397.74 20720.8 16
17925.5 -8928.76 38
-1387.1 -17363 21
19168 -73.1765 27
-5486.36 22025.3 43
22099.1 9684.08 47
-25081.7 -16954.5 1
-22397.5 -814.905 47
-6352.86 26447.6 4
20180.3 -14416.4 39
24578.5 24535.7 14
26749.2 27760.1 0
-7290.83 -14006.7 37
-21908.7 27822.6 39
-21734.7 -11693.8 46
-22259.8 19733.1 45
15182.4 -1617.06 9
-11244.4 -14448.9 1
3202.64 4513.85 11
25347.5 1822.56 25
-23946.3 6546.34 11
-4152.33 1827.94 5
23462 -12549.6 2
10789.2 -20714.5 27
-1259.17 -212.083 43
-20792.3 -11729.5 9
-9574.58 12669.1 41
-21645.6 -13629.7 44
6567.96 -20931.9 16
-22583 20865.1 32
7936.36 17775.1 13
10132.4 3674.79 20
15713.1 -17137.2 9
-17839 -8489.42 31
25092.3 24680.9 43
23309.6 8894.67 0
12861.4 -660.953 6
-17059.9 22109.1 0
19895.7 13054.5 25
26975.5 27820.8 10
27470.5 1042.83 24
-3049.77 -22042.6 49
-22172.3 24918.5 8
12553.2 27757.3 7
-6679.16 12482.4 39
8903.2 -15318.6 0
-10338.1 -8407.37 12
6413.84 -27054.5 39
-11130.1 26321 4
-4093.45 -13838.6 9
24603.1 -19015.1 30
-24876.4 19962.7 40
-27449.5 17858.8 19
-22313 -20419.1 10
11552.5 12625.7 39
4440.76 12141.7 26
12371.8 22983.7 24
23029.8 -7475.27 50
2131.91 22724.2 31
24871.3 -9844.96 39
-17827 22644.8 39
6425.55 3265.02 21
16628.7 -25957.5 50
2761.92 15763.6 27
24296.8 -25374.7 46
-7137.56 -11815.7 16
-922.545 22125.6 48
11527.7 6181.38 35
-14938.8 -20453 1
13086.8 23979.6 18
-12685.3 -909.159 32
-9609.35 -25407.3 7
25487.3 -12985.1 16
17224.6 -23078.3 5
-24602.9 -13127.7 28
19077.2 -785.372 40
-24657.9 12353.4 3
16951.2 -14043 43
16714.5 7270.38 26
-7072.75 3785.85 37
12949.1 -13791.7 14
-9213.69 4255.81 39
25255 -18838.1 35
8092.9 -5836.39 43
-2006.83 -16995.1 42
-21016.6 312.498 14
-12013.9 591.268 48
-25971.7 -16342.7 32
-19891 -2158.57 33
16148.1 -12443.4 46
-13332.7 26470.7 0
-22041.4 17058.4 8
-24541 25051.7 7
-23650.9 -4178.43 22
-15466.1 -15265.6 46
16348 -2295.39 30
-22650.7 27831 13
-9354.03 3801.85 27
-12933.8 21612.7 0
-11030.1 18525 16
22773.2 -11642.4 17
-5289.82 -20744.4 30
-10541.8 -21063.3 44
21187.6 -23624 18
10720.6 -23711.7 2
7762.1 -9895.39 32
-26884.1 -11799.5 8
15489.3 -25506.2 22
-5045.01 -19639.6 8
25589.7 -11912.1 20
-20356.1 -12312.8 5
5410.61 -9356.65 17
-19145.7 18094.7 8
-9743.24 -7112.54 43
18725.2 16910.3 35
8033.2 -14020.6 29
-14249.8 -27862.7 11
-24549.5 -12610.5 40
-18924.7 24888.5 8
19616.8 11.8872 3
-25048 -19822.7 11
-2078.31 19856.2 43
-10831.7 22744 27
11571.7 24287.7 43
6674.15 22836.1 9
26772.8 -17881.3 45
16995 18086.1 29
-23217.3 4762.37 41
-19056.6 -13158.7 12
23380 27140.3 50
-21339.9 -5492.52 2
-12782.5 8840.5 38
-4637.44 18300.8 1
-2574.22 22697.5 29
18090.2 -24931.5 47
11695.6 -23109.5 39
14998.1 8547.85 47
26396.9 -10598.8 27
-12639.6 -14564.2 21
20312.8 -27304.6 36
18408.7 1174.47 50
-27756.2 -4785.44 13
12059.5 -21717.6 25
25699.2 -23985.6 41
-7638.61 -27056.4 10
26907.6 23599.7 18
-27361.4 3022.12 26
11102.5 22176.2 6
-6548.38 -19401.3 34
12109.8 6974.16 31
-2582.19 -841.646 45
-25692.8 6751.5 40
15696.3 15896.7 26
-23830.3 4580.08 4
11813.3 -15704.3 12
22561.3 7980.2 28
-18111.2 -6901.61 7
-18031.2 9235.24 11
-23236.4 7860.66 34
-712.811 -24261.8 46
16540.1 -27920.5 43
15171 14728.6 46
-2082.85 3976.63 50
7623.75 13644.2 23
-1489.28 27705.1 25
3815.85 10435 16
-26891 11386.6 46
6161.26 -14461.2 16
-18969.9 -13773.9 30
-7189.9 21820.1 12
-8034.77 -21012.1 11
8930.68 13865.5 45
-3910.15 26120.4 44
27343.4 27427.1 2
-18353.6 -17306.3 22
15500.8 -9118.6 39
6079.35 14690.2 20
11435.4 -19561 38
-22410.8 -8862.15 38
27594.8 7111.18 37
26900.7 -6081.94 7
23440.2 -2756.45 11
-19257.4 24003.9 34
5578.52 5207.68 23
27760 27300.1 47
12297 -10092.2 29
27167.6 4464.07 14
-18697.7 5102.2 40
6965.53 -3939.5 8
25091.8 12717.8 21
-4080.13 14721.6 42
-15767.5 6268.12 36
5340.98 -25187.8 0
-24903.2 -5268.98 7
-4678.65 -19598.3 29
27006.4 23426.4 17
488.804 8840.13 32
-447.298 -583.982 11
-565.265 -7383.22 31
-3498.61 22915.2 46
26430.3 24680.7 40
-1526.36 2537.46 2
-7502.26 27641 12
-20957.6 -23334.9 5
3618.4 5806.87 14
-13968.3 17981.8 15
905.057 -22207.3 27
-19517.6 -316.268 29
3576.52 5631.27 29
13418.2 11033 39
-6812.3 -15918.8 44
-15065.5 20833.7 11
-13328.6 14379.7 10
-13900.1 -18882.5 19
-12781 2353.16 37
-7643.39 -27685.4 20
11391.4 -18389.4 19
22710.5 -605.122 45
-17350 2805.91 31
-16010.7 -15493.7 22
16113 -7983.94 16
17204.4 13952.4 48
-3477.81 -4538.17 24
5731.48 -27570 3
4681.57 -10608.5 32
-15055.5 17747.7 1
4314.59 -279.937 24
-12450.4 -18515.4 28
9914.2 -9095.57 35
-4997.52 -17063.3 18
1179.45 -27176.1 14
-24232.3 24106.6 25
-17349.1 -26522.9 15
17861.7 14196.5 11
19598.9 -14310.1 34
16518.1 18753.9 0
-15381 22232.5 2
27999.5 15812.7 14
5522.49 18896.9 47
7066.89 19077 50
25940.6 8789.98 30
-18203.4 9634.61 4
14581.7 11027.6 8
18478.4 -17684.3 0
23064.3 -24519.8 25
-22738.4 1892.38 23
-13703.2 104.339 41
3297.82 2531.68 16
9049.33 -18917.3 48
-343.432 -4539 11
-7221.52 -17273.4 16
-11018.7 10801.4 14
-24073 -20203.2 0
-21689.9 -18848.7 26
-18567.5 -11653.8 46
17752.4 -18240.1 10
18737.7 -653.757 14
6513.16 18248 9
-10206.5 6115.24 42
-4553.18 6288.54 43
-19971.4 -15098.8 49
-17828.9 -22942.4 45
-10672.8 14812.4 3
-21489.8 -9296.14 25
26303.6 -13609.4 49
6759.83 -22665.1 7
9445.61 23106.6 19
-1330.37 8028.12 47
11353.5 -4236.17 6
-8280.23 -4244.27 35
15472.4 9465.11 10
25751.6 1403.96 43
7468.85 5000.17 8
-2212.11 11098.7 25
23162.4 3796.8 0
20477.7 -22594.4 18
22968.8 -9446.99 11
-20512.8 -18700.1 6
-26462.1 -26512.8 17
11804.4 -7598.73 47
-313.649 3825.57 33
-11668.5 355.601 11
-19858 -5417.94 22
-8289.54 -14175 10
3804.75 22009.1 50
-15656.3 10143.8 46
-4950.91 -15333.8 22
-13432.5 19804.4 15
-26494.5 -13247 38
16980.7 -2036.71 11
27711.4 13963.7 18
11532.8 2506.55 39
2689.08 14096.4 9
-23601.8 -20595.1 19
26182.3 -2282.39 25
21532.5 7613.78 29
-27080.3 8167.85 44
20905.3 -14697 29
-14477.8 -22671 18
16852.4 7925.71 10
-7945.73 -5509.51 48
795.076 -923.378 18
-23378.3 -25884.7 42
14386.7 -10441.8 33
-13313 9295.74 19
11290.3 -16576.4 25
-15908.9 -2766.7 7
-12058.1 3409.35 37
24216.3 25898.9 21
2526.33 -7111.9 2
-27060.2 4474.73 24
-27078.8 -11261.4 33
-16618 24566.1 19
18888.9 -24099.5 33
6398.53 8434.84 0
-13408.7 -13958.2 15
-25540.8 -25948 43
-325.527 -17724.8 43
-9476.48 -20045.3 19
379.16 -8529.83 24
-14866.9 451.24 47
-27951.8 -16100.3 20
-3753.68 1361.41 4
18632.9 8245.69 12
15693.6 5475.28 39
4920.55 -24240.4 17
-11787.9 -3908.17 28
-20813.7 13444.3 24
8124.65 25694.9 8
-7038.33 -16051 9
-17784.4 3341.5 18
2800.14 6676.64 16
-7344.35 -3507.26 45
12416.2 5801.35 32
-15654.5 16477.8 45
-19942.3 27836.1 41
21762.5 7002.73 9
27325.2 2559.36 31
18477.6 2768.55 20
19106.7 24211.9 4
-12598.5 -19050.6 47
10512.8 -12492.6 8
-6478.38 -24699.5 28
16841.6 24245.5 9
8253.85 -27296.9 1
-3785.97 20143.6 4
3127.55 20357.2 10
15876.8 2085.31 17
10456.9 18963 39
-8462.15 -26781 43
18021.5 12288.1 24
13791.1 -12730.4 39
-27461.5 -1880.32 8
10669.4 -9472.17 33
23358.1 23935.4 5
-7718.48 23830.6 33
-16294.8 26119.5 31
-20136.2 -19714.3 38
-24848.2 -2939.27 17
-11548.9 -27279.9 6
-19750.8 -7804.31 11
15801.2 -21883.8 31
18866.6 25254.9 5
26080.7 684.616 49
18583.4 5808.02 32
-15871.3 5405.87 47
-16925.3 2804.22 5
11073.5 -16663.1 25
-25025.6 8609.55 22
-25614.6 8690.83 42
-17073.1 3705.73 34
-11810.1 -6020.24 34
7339.16 11095.4 25
7257.95 -3665.53 19
19275.8 2885.52 26
-10899.9 21658.4 37
8418.87 -17634.4 49
-13261.6 -19999.9 2
12071.7 -11371.2 36
47.8222 -15891.3 6
26907.8 -13924.4 22
562.649 4229.82 49
16994.2 24595 3
13597 -12773.4 44
17159.3 -16138.7 45
25711.1 21521.7 35
25235.1 9286.79 35
-9549.21 16391.6 2
-7775.77 -15440.1 27
-11020.1 24965 6
-5647.73 -15224.5 13
-11208.4 -16632.1 39
-15884.4 27334.9 19
3621.75 10003.1 35
-3081.7 -15165 4
-7307.51 -14389.1 50
19731.9 -27068.2 32
-19934.1 -3410.68 44
-13249.7 -11109.4 14
39.3858 314.718 48
12440.4 1021.8 8
-1767.85 2749.05 28
-24881.7 11418.8 28
-20011.7 6961.81 46
-3780.03 -27650.2 50
21368.6 20222.2 34
25064 -9280.98 2
-24710.5 -23981.3 5
-26521.7 8690.51 37
16491.5 5509.58 3
-24033.1 4700.34 9
11776.5 -1699.11 28
12331 12072.4 37
-833.916 -18853.8 0
-19185.4 -15821.5 3
-22111.2 -4881.26 26
-19878.3 20744.8 27
23922.6 -21321.2 23
26349.1 -18649.6 15
-12272.1 -12190.4 44
10994.2 6981.15 36
9842.49 -19289.4 13
10499.8 -17118.4 42
11545.4 10668.9 25
-250.514 -12004.1 38
-3172.98 16307.3 37
-9404.13 6421.03 31
25654.6 -23830.5 19
-21766.9 2698.59 21
-26150 26976.9 48
-7051.08 -25399.3 27
24857.6 10193.4 40
20531.9 2912.2 26
-14404 20117.5 14
21616.3 20069.6 45
-2322.83 6662.85 9
3820.14 -17558.2 43
-20403.5 16374.5 45
13357.5 6917.35 29
8755.73 -339.794 26
-726.622 -13378.2 18
-4313.74 -14344.8 13
-22914.5 3152.35 30
27381.7 -8955.57 36
-14189.5 14419.9 14
16539.6 6609.62 10
-12291.6 -8153.44 22
20964.7 -6742.51 46
-12817.2 -9765.09 38
-16139.2 6177.2 21
27905.3 3354.14 8
22042.6 4005.52 33
-10725.7 13277.8 25
-10341.8 23715.2 0
-2557.48 3267.55 8
-14956.8 7125.08 46
20745.3 10879.1 30
-9550.83 -23836.8 24
-4010.04 2786.13 35
-21792.8 -1660.28 10
26497.9 -5375.11 14
4367.34 -4494.68 27
-5048.72 27040 44
-8254.35 -99.1459 37
26555.7 -2698.06 37
-16230.2 -21058.4 17
14667.2 -10903.9 49
11180.1 -14586.4 38
7182.42 22672.2 0
24049.7 20388.7 33
6364.32 -9203.38 17
11794.1 17268.3 7
18694.2 16538 49
24412.2 1897.02 43
-2865.11 12150.6 10
-14629.6 5316.5 5
4311.45 -16554.4 6
-25734.8 9895.37 17
18348.7 778.317 4
14878.7 -19019.6 12
21775.7 -1257.18 9
8598.63 -14915.1 4
-27278.2 -5524.24 27
8436.03 10017.8 5
-27669.5 -15180.7 20
19783.8 -5828.87 5
-7980.67 -3493.63 49
-25220.5 1618.45 12
-5505.83 17226.4 29
21485.3 -2419.48 18
-10325.8 -20013.9 42
19118.2 -11868.9 17
26285.9 -18836.2 14
26174.7 21036.5 3
1300.92 -2870.67 47
-16721.4 2875.78 30
-25862.9 -1795.44 32
3812.69 -25660.5 7
17374 5009.4 48
-1121.2 9881.7 12
1999.37 -21836.4 43
-70.4325 14600.5 24
-6081.58 -11717.5 40
5728.3 15921.8 2
17063.9 25031.8 8
-22759.8 -13054.1 32
4237.31 16910.6 40
-4186.25 -3046.8 4
7090 -7272.69 39
-670.824 -20234 38
5316.97 -16314.2 9
-13450.4 -4045.31 20
9360.96 -208.978 39
19872.8 10102.9 31
20196.1 -26791 43
7611.59 -4779.53 2
-10662.4 7449.03 7
19397.7 4465.75 39
8838.6 21963.7 18
-10025.8 -2220.07 10
-6448.51 -7977.23 16
20121.4 1610.91 49
27341.5 -7027.82 14
20049.8 4105.03 26
13586.4 -4045.59 16
12661.4 -13951.7 13
-14690.5 11157.7 9
5902.53 16054.8 48
24709.5 11527.3 6
25510.2 -22031.3 18
-3391.98 -14806.2 39
-12942.4 -16242.3 40
7065.22 -93.6486 20
6774.37 -25334.1 4
-9889.12 20382 32
22657.5 -3043.7 0
2177.5 -21395.6 6
6517.56 8664.07 40
-12428.4 -2748.63 29
17042.9 -12007.5 37
-22829.4 -21119.8 46
-4054.82 -21110.4 37
-12527.6 2770.76 3
-16707.5 8329.07 13
-7548.07 -25776.9 11
-25017.3 -13734.7 18
-13409 4018.02 20
21717.4 138.235 50
20727.2 -3334.4 38
23924.4 23458.5 49
-10857.5 -7567.05 22
18776.6 20913.7 11
18229.4 -17527.4 3
9604.7 7271.33 41
19551.6 27599.5 40
-24115.3 9353.31 33
15174.6 7790.85 37
13527.4 2504.72 11
-27966.4 -9440.8 4
-19664.5 26245.5 22
26810.5 -5506.17 49
-26623.6 13694.6 29
-20804.8 8442.86 21
18221.9 18703.6 46
11208.4 14754.2 31
4460.47 -17742.2 32
13318 -10518.1 37
13934.6 -7980.55 17
6478.81 -22713.1 37
1467.65 -10547.5 47
197.71 22456.8 17
-17102 -19371.2 37
27000.6 5098.65 37
26500.9 -5418.32 16
-25946.1 15868.8 5
-14259.5 2913.52 46
14308.2 -12484.7 26
14871.4 151.315 46
22335.4 22228.2 38
-14020.2 -25142.1 36
3715.55 14487.4 26
-22011.8 13251.7 34
22848.1 -12976 3
8537.78 -16207.1 17
2609.83 -4665.79 9
25409.1 26217.1 46
-15673.5 7217.52 33
23101.4 8422.2 10
-6910.73 -18017.2 4
-6475.25 24931.8 7
13130.1 -9771.68 39
-27358.3 25378.6 12
-7165.88 -5152.59 3
-25193.8 3973.91 8
8595.46 22193.3 13
-17883.3 -27370.3 50
9405.84 -14272.8 44
-9050.2 17895.3 17
-18400.9 -12994.6 25
10888.5 26136.4 35
15640.9 -24737.1 13
1395.82 -21226.7 43
1568 -13734.4 23
23212.7 1067.48 44
-5794.52 -330.985 8
-19923 -23382.7 39
8287.89 -4801.19 27
15434.7 6013.41 13
10225.8 16064.4 42
-5385.72 -27414.6 34
2588.39 -14619.8 36
-11185.2 -7300.38 24
2332.93 -1489.23 27
-23540.4 -19668.9 18
5065.84 -8495.14 45
17404.1 14917.5 31
23084.1 -20191.9 21
-13712.7 -27154.9 32
16277.4 12379.5 45
2972.8 -17928.1 42
-16503.2 -7298.33 4
-688.304 -7880.02 25
12079.7 -16664.2 8
6253.29 7479.65 16
-9341.38 -24409.2 35
171.514 24153.5 29
-17139.5 25497.6 49
4506.04 -24155.6 40
6852.34 -27946.1 9
-9217.62 -21117.8 26
14401.8 -20122.7 8
14322.6 20063.3 50
-24123.7 14320.1 16
5071.1 18615.5 23
15711.1 11833.5 0
19763.3 -22876.8 30
-24381.3 3623.57 1
6630.83 19017.5 6
-17625.8 -5191.08 26
8433.05 -13254.7 21
384.821 26059.3 28
24904.3 -22709.1 46
24572.3 9900.35 43
-25474.9 8179.05 12
-19814.1 -9634.14 2
-15269.2 6280.58 23
-19841.9 -10965.7 21
-19417.8 472.868 21
24807.1 11416.1 38
-13896.6 -21372.6 2
20803.4 8854.59 50
107.713 -16087.3 14
-25988.5 25916 27
5513.43 21584.2 23
-6036.14 -9323.19 19
-7060.4 2551.53 14
-2379.4 10578.6 21
4520.24 -2727.84 41
22949.2 17234.7 3
2228.38 -12356.3 3
25229.3 18953.8 0
-12946.5 16925.8 17
-14145 21865.5 45
2409.54 20834 15
-8846.18 -8297.05 17
-26139.3 4031.92 29
20585.9 12064.2 14
-7326.16 -19819.7 5
21526.3 2884.55 11
398.787 3.9168 34
2956.89 -3460.23 50
-68.841 15400.5 29
-14479.7 995.464 13
15630.5 17043 26
9812.44 2027.46 50
6104.88 -6772 2
18666.4 5778.5 39
-582.085 23315.7 5
-18133.5 3763.53 1
18915.3 -19726.2 8
-23710.4 -20227.8 32
-10039.4 -8240.73 12
-9666.88 7010.54 27
-15853 12416.3 48
5713.45 -8223.38 23
10610.9 -6819.16 45
19741.8 1207.38 44
26335.9 21243.6 11
939.542 -19781.1 35
8977.45 22083.7 18
-15175 -1616.29 20
-15484.7 -2150.37 6
18249.4 16846.7 31
-22587.2 -7259.03 45
2495.53 -7885.16 49
25913.7 23223.1 16
2881.21 -2955.68 21
9990.21 -14984.8 10
27117.3 22430.2 18
-20765.5 6612.52 4
902.394 15674 34
-11823.9 15041.1 35
-23953.3 27709.2 36
15235.1 7470.93 36
-21421.2 19828.3 23
-20732.1 -9126.03 28
10661.9 12037.1 6
24110.8 -3435.87 15
2245.6 -9391.46 45
16903.2 15934.9 49
13148 26941.2 11
-7923.59 -16844 10
26134.8 12170.1 2
-17469.9 -16369.2 35
-12898.9 5750.92 25
-11152.3 -11980.4 44
19691.1 -7814.31 11
21712.6 -21138.7 12
-1407.66 16149.8 23
6901.4 -14031.2 19
7439.59 -2659.8 11
24125.4 1152.65 22
20836.7 -18200.3 6
-25221.3 -9320.08 15
5227.68 17860.9 50
12836.6 -14714.9 10
-15225.4 -10418.7 30
-12344.5 -16985.9 31
-21314.1 -2845.19 29
644.202 6609.63 10
-27736.4 -1557.56 1
-4715.76 -16585.5 39
17640.4 -6382.13 3
-14760.3 -17370.3 11
22353.3 -22299.9 37
20961 27140.6 3
-9318 -9708.19 42
-13928.2 -27576.9 50
784.903 22833.1 14
23009.8 -5407.74 25
-5312.81 -17866.3 19
-4869.04 -27845.4 20
-16062 -25948.8 30
26521.2 20516.1 45
19358.6 12744.5 22
14004.2 27077.9 12
4650.78 -9416.26 22
-20386.4 -17207.6 3
-11691.7 23222.8 12
1538.5 -7126.54 33
-11269 13083.9 16
-6004.18 -8971.22 0
-906.658 -14547.4 23
21454.1 -18678.6 29
-5457.56 -5369.37 0
17200.4 -10009.4 21
-7170.99 -13183 48
13278.3 23535.3 2
12055.2 -9731.88 36
17198.2 -23841.2 7
12493.2 -18645.2 31
-10069.7 21554.5 27
-15832.2 26688 11
-21435.6 -23929.2 38
-20691.1 -18633 13
-17510.6 26850.5 0
14857.7 15918.9 7
11037.6 -23238.5 2
22929.5 -27117.1 49
-13240.6 -11685.8 15
26698.3 -9993.95 3
-8626.77 -4570.05 46
-20616.5 -4257.25 40
11339.8 -1226.56 19
-18508.6 15270.1 22
-15662.4 -7684.89 3
-26443.4 5880.87 25
-12792.2 -15059.1 45
-891.008 -822.758 29
5565.41 8483.96 38
-3934.39 -4947.93 25
3129.59 -26868.5 30
9888.74 1272.88 26
7996.07 24470.3 33
-24237 -19571.7 28
8696.27 26192.4 25
19099.9 -1286.53 19
-10411.4 -10984.1 45
7400.02 -6519.32 45
-26641.3 -11684.3 37
8937.33 8168.67 6
-13225.6 -9435.61 32
-10903.7 -23946.1 34
-27334.2 -6830.01 32
25259 16858.6 9
24368.1 13481 24
-26275.8 8790.6 39
-3466.67 -2129.76 15
-26549 4677.45 16
22334 494.97 2
27532.7 -23339.6 35
-12857.3 -23622.2 44
15399.5 1463.55 38
-2589.26 -4150.84 37
-12180.1 7532.73 13
10932.5 -15202.8 38
-9.54504 -5904.56 20
21065.6 -20075.1 22
1263.73 -15299.7 34
17028 -27267.9 36
3846.95 -7438.88 46
-4611.6 -7777.07 20
25409.4 13778.2 34
-21975.5 -15489.6 34
9688.43 9092.23 15
1528.05 -18757.4 47
13561 -19727.3 42
-8878.12 18256.1 31
27315.5 -15482.3 43
-4416.56 25797 41
24731.1 27395.4 28
13278.6 -13717.2 32
5837.45 -16903.3 20
18577.8 -5573.9 32
10707.5 14244.1 26
-15814.2 -25460.2 13
-24059 2005.62 22
27579.4 23840.9 38
-23753.7 -24065.7 40
-8301.09 22080.9 27
-6537.01 -10427.2 2
22628.8 5978.67 43
-16262.9 18425.6 24
15649.9 -25730.5 6
-9664.07 17849 22
-6885.11 -8147.53 11
16700.5 24801.8 6
-14350.6 12976.1 49
-17716.4 -1341.57 43
14639.6 -23203 35
-22746.4 23105.2 48
-4166.46 15712.1 4
-14754.5 24544.7 50
20458.5 -22024 28
-9961.94 11543.1 44
-16670.3 5248.05 29
25409.7 -25488.8 33
7566.4 -16109.3 35
6677.11 25674.5 2
-15631.3 -9132.68 28
-24657 2661.63 16
13687.3 14703.4 18
11402.9 -14691.4 12
11312.5 16226.3 21
-4923.47 8567.01 34
15809 18666.5 39
-14851.5 -13582.6 1
-20749.5 -3924.38 35
-20141.6 -2432.1 28
22035 -19440.5 47
3257.36 -16118.6 46
8852.8 20222.8 43
15447.2 22020 12
-16021.3 -24758.1 49
2043.32 14670.4 22
5788.98 -23915.7 40
-4563.09 -9055.61 34
21457 16582.9 22
-13160.1 -12223.4 48
-6288.95 -11994.9 27
-3467.5 360.595 36
-27396.4 26659.8 40
11509 8439.1 14
868.536 9368.17 6
10781.1 -10690.3 4
-25038.7 16887.1 37
7200.35 -5927.21 30
25817.4 11603.8 5
21596.6 5931.95 42
14263.7 -7864.23 12
-23194.4 5787.11 18
9753.74 3893.83 6
9821.53 -10040.4 6
25132.6 25545.4 16
-5066.3 -18755.5 26
21226.3 17522.7 25
11711.3 -7536.65 28
-2148.62 17334.3 49
4931.29 -10053.5 9
-24435.9 -8867.85 1
-13746.6 -22892.5 45
-10970.1 16440.6 37
11634 11375.9 34
-1140.09 -18199.3 22
-24471.6 5017.37 17
13690.9 -16746.6 22
5637.5 -223.281 24
-7948.15 26978.4 19
-12381.5 11588.5 25
-1823.36 23613.8 30
21574.4 24254.1 38
766.452 -4201.73 23
12470.5 8731.43 1
22610.3 -504.655 2
-13499 3248.62 25
1127.1 -16991.1 2
9354.58 -2007.64 48
1806.34 -18524 50
20163.6 -20364.1 36
8355.59 27943.4 1
6034.53 7083.22 17
-8608.79 -2226.5 13
-23715.4 5195.03 33
4752.28 -26442.9 16
20156 24119.3 16
17326.4 15366.2 14
-5237.81 -16057.3 15
15907.1 -13716.9 36
-1604.57 704.997 4
21401.5 -21910.4 33
-17696.1 -11955.7 15
-8553.49 -21464.1 30
-18968 -12024.2 37
7028.13 -2024.36 47
18488.3 -13666.9 36
-271.524 -16212.1 43
6133.53 -12699.1 9
17285 -1142.36 33
-11592.3 11970 0
16152.2 4549.95 2
-11618.8 728.113 1
-26853.2 -4409.86 50
23634.7 -15884.5 8
-24807.5 9198.16 5
-11886.7 -17454.6 47
-12804.3 12288.9 35
-17945.3 26270.1 40
-10446.1 6822.25 1
-420.378 -26547.2 1
6992.77 27096.1 35
21811.1 1791.6 10
-23792.4 -13689.8 43
16052 -10850.8 45
9983.49 -16731.1 3
23145.4 13877.5 24
11906.2 -27489.3 14
10407.9 24674.8 1
-9074.48 -16597.7 6
-18240.4 17082.9 25
24596.2 4316.52 50
-18343.8 -9997.58 49
6523.63 -3302.77 13
10502.1 12311 17
23445.5 1875.73 23
-12222.6 12676.7 5
11286.3 24141.7 1
-27697.4 1558.8 17
4434.22 23831.4 45
8088.4 -22728.5 6
-23081 19973.5 2
10856.6 23740.2 27
-23435.2 -9869.88 15
23122.5 5954.29 27
9299.43 21052.4 43
540.167 -5430.73 30
-24500 -1659.23 26
-16953.4 26103.9 47
23028.6 -3277.29 46
27489.9 -1280.91 3
-27320.1 -15274.9 5
3341.44 839.496 23
-22375.7 874.609 50
24280.8 -16850.7 9
-10559.2 27303.3 45
8001.21 -14586.3 40
-12672.4 721.058 46
-22946.4 15089 4
24345.2 -27527.5 41
9971.55 -1440.44 9
9331.19 -22936.2 40
-24401.8 17129.7 27
20552.1 -23921.5 3
19895.3 -3065.36 25
13332.9 -336.152 31
-4703.58 -24765.7 35
1745.09 -5108.52 15
-27636.2 20363.2 0
-14514.3 5401.02 24
-19701.7 25989.4 29
4498.36 -21532.1 9
9231.66 -9648 45
-13137.3 -4268.86 15
4774.52 18708 11
3622.72 17349 18
-6714.01 -13711.9 11
24253.5 25454.3 50
22667.9 25801.6 9
1296.4 22361.6 39
-20615.4 3097.41 5
14751.7 12180.3 6
-16380.3 26916.1 35
26641.7 -11936 10
18713.9 24108.3 0
25251.4 -20794.1 34
8309.11 -5850.06 38
-5925.65 -20784.7 25
-2047.81 -3781.42 30
7458.53 -24838.3 46
25002.5 -4221.56 25
27537.6 15470.7 32
25855 -7848.74 45
1087.26 20459 38
22193.6 -26454.3 45
12184.7 6847.42 29
-22819.2 19773.9 6
-15220.1 18599.6 35
10068.5 -20879.2 6
20474.4 -4623.96 37
21995.3 5123.89 15
15393.6 -22671.4 12
12383.3 1051.76 8
6366.93 -20431.9 19
-4286.14 12045.4 31
-18124.6 5184.01 17
-4273.9 -4494.07 36
18478.6 -23739.9 28
19749.6 10259.4 30
11174.6 -3948.75 19
-23960.9 -16521.4 1
13783 -19493.1 6
21347.8 -18696.6 8
17795.7 -22215.1 10
-7236.33 6991.09 35
13605.6 17386 23
-26218.4 5118.93 41
-27045.4 -24013.2 27
-18589.5 -10889.2 18
-9509.56 -19587.1 46
11909.3 19213.1 41
-7983.35 25581.7 9
-15429.1 27379.3 35
10428.9 27111.8 21
22329.5 16259.1 12
-12708 24910.1 33
50.0331 899.17 18
-21394.6 21397.1 15
702.058 15300.4 27
-294.923 9440.21 37
22123.9 6134.66 33
-15676.6 -7665.96 38
11339.2 -23356.9 25
23359.2 -11526.2 10
-16613.1 -9174.25 4
11871.4 13564.5 27
-27561.6 25523 30
-10015.4 -21395.6 7
-17595.4 9637.91 4
10145.9 15905.3 3
-10849.1 16044.3 40
2687.82 -12678.3 20
-6059.16 -15620.8 15
-10238.3 -23751.9 49
19633.4 7236.47 17
-14706.8 -19170.6 47
-10203.7 -4939.71 49
12134.5 10382.7 30
5983.27 16419.5 20
-12432 -3721.81 25
-11893.3 -10873 11
-21731.4 10689.2 29
-19395.6 -27734.5 35
20239 -6833.87 24
-8654.62 -2592.56 20
3681.97 11350.6 5
-27325.7 -23027.2 23
-9229.42 13866.2 4
-2734.09 -13235.6 8
-1031.79 20845.8 43
-1931.16 26590.1 44
-16200.3 -3752.82 9
21164.2 -15098.5 3
-10966.6 -3934.82 28
-24219 -23397.7 12
-5121.22 22673.6 21
-4250.2 -18433.9 0
13657.7 12808.1 27
9333.84 22593.9 25
-8722.17 -1875.09 37
-3554.06 -15529 43
-11560.6 16100.3 31
-9433.72 -20443.6 43
4990.24 -12419 13
19352.1 14927.4 30
9648.07 8656.78 31
10216.4 384.282 42
1496.32 7696.12 15
26150.8 19993.4 1
-13768.4 16521 44
-14997.4 1106.62 31
13481.8 8411.9 6
14734.5 -24978.7 39
-2045.23 -6612.03 3
14606 20873.4 7
-16099.5 -20401.7 23
-4471.26 16458.7 8
14121.2 21491.4 31
-17019.1 -23534.9 4
1449.5 315.299 6
-7597.28 -22116.5 40
-13821.5 -3275.74 18
16495.4 21425.5 41
9292.39 24427.9 46
-4419.57 -2758.9 24
19599 -23030.3 27
9112.47 26585.4 22
7883.6 -17769.6 19
6876.13 -20129.1 12
25425.2 -12268.8 17
23687.7 -7451.44 6
-6159.16 22592.7 6
-15599.4 -23045.3 1
-22134.6 -7477.65 13
17751.8 1072.51 19
-26521.7 -8940.91 5
10823.8 -12052 19
18587.9 -5781.64 14
24710.6 15047.4 31
26847.2 10625.7 27
-23790.2 8930.47 38
-19798.2 16300.4 33
-7267.77 -2163.03 16
-26730.4 13458.9 43
-9540.42 -21488.5 12
22174.9 21818.5 39
25061.8 25316.2 26
-20106 -8639.42 30
5791.48 3867.2 7
2270.27 4166.66 0
-1877.27 -14088.2 14
1596.07 25281 49
-18163.2 15647.5 36
6350.53 -25536.7 14
5972.66 -15361.9 0
18499.9 -10047.7 47
9103.39 684.042 40
18153.9 6182.71 4
-21761 4102.79 43
11610.3 4278.89 35
-23749.3 -5567.31 31
2338.86 -16101.3 4
5162.13 6811.58 42
-10871.7 13324 18
2265.64 1132.6 21
1780 -20280.1 48
27593.2 2555.39 22
12451 390.499 35
-8582.45 -4907.6 30
9699.76 716.999 35
-24943.5 -19278.8 23
-270.007 19200.7 5
25220 1637.64 50
-8312.28 -11533.2 4
15796.1 15421.1 38
1875.59 -8818.98 35
22253 -1851.18 46
-7334.73 -19833.3 2
8551.31 -7091.14 13
-13993.6 13246.8 9
3505.61 25671.5 8
-12995.4 -26202.8 18
-21921.8 -12339.2 9
23320.9 -17530.6 5
3228.65 16179.4 16
-22829.4 19242.4 31
4880.05 13946.7 12
-997.398 21385.3 39
8095.79 -9370.97 1
11420.6 16681.9 8
19746.3 5693.5 13
-10660.4 -726.652 21
49.3919 -13164.4 27
-3521.31 -19652.2 19
-12117.8 -7645.93 39
26882.9 -2938.9 23
-6824.52 -14442.6 46
9439.21 -20699.1 9
18376.4 -19179.3 15
-20398 26715.8 29
-13658.3 -6174.74 15
-18296.7 -21964.6 18
1354.48 -720.683 10
11975.2 7197.25 29
-26313.8 -2062.5 25
-21004.2 18081.2 6
25984.3 -35.3067 46
-21331.5 -2324.21 48
5734.69 13283.3 7
19975.1 16100.1 27
7672.38 16130.2 29
24450.3 23278.2 44
5319.02 -13466.1 50
-25206.1 -20530.2 44
26749.9 15316.2 14
-917.004 -24097.1 18
-8842.15 13017.8 24
-12448.7 9636.51 33
-474.616 -17596.8 12
-2829.36 13745.7 48
-9456.26 20242.9 45
-24638.7 7736.38 19
-4687.1 10162.8 31
6955.6 -19653.3 2
-428.162 14474.7 36
16386.5 -19384.1 42
10561.4 8549.77 25
22387.1 -13522.3 5
15816.1 -23865.9 37
7334.02 6305.68 50
-14231.2 7790.99 39
12755.7 10192.9 32
14826.3 -10430.4 4
12615.8 256.981 31
1922.57 22711.6 42
21697.8 -8113.47 22
27580.5 18612.8 33
9270.26 22100.4 19
-20310.3 -8084.13 12
-3004.58 15560 22
-5665.58 16487.9 47
-18709.5 -7039.44 40
20140.1 22064.7 33
4938.25 -1722.15 32
-23801.5 4810.53 13
22556.8 5470.02 9
19399.3 -12220.2 46
10633.5 -23890.2 22
-21604.6 17391.8 10
8828.82 -15237 25
7073.83 4395.65 37
-1369.19 -13062.8 1
6720.02 -278.271 50
27392.5 -15796.7 26
8776.5 14594 26
10568.7 -10708.7 28
-20443.9 7103.21 17
11461.5 27679.1 35
-21893.4 14500 15
-9543.07 10009.4 29
26881.3 -20310.5 41
6205.96 -2094.75 41
407.532 3684.01 8
733.634 16979.9 30
18297 2014.11 50
2647.94 16384.3 42
-13629 -8587.26 12
22164.1 20739.9 3
-18274.4 12851 20
-19194.5 -10399.8 13
-2940.29 -18352.2 28
-12392.1 7744.04 34
26109.8 -27025.1 29
-15223.8 -13626.8 39
414.596 5660.13 12
15288 23494.3 36
22149.9 -5212.62 3
20202.2 -25777.3 3
-27214.4 1767.99 6
8955.52 9867.73 2
15319.4 5548.8 42
20471.6 -26819 22
18438 893.776 37
-24101.8 -3960.17 48
-26156 8612.27 13
-4990.43 10066.2 31
13916 -15056.1 40
-1018.71 -12283.8 41
1611.89 -19993.2 2
-20914.5 -22247.5 24
7292.44 7109.54 12
-7546.56 -26931.9 29
27708.2 23096.7 19
4200.29 4236.44 49
-27162.5 11049.8 41
9013.95 -1356.69 16
18940 24025.2 2
-16073.2 -6278.18 13
26443.5 13803.6 15
2426.4 -9193.92 8
-4722.73 -14816.3 38
23114.9 -2496.69 9
-14233.6 -23407.8 11
-18659.1 -18702.6 19
-5806.65 7644.24 37
10747.6 -1217.77 0
17167.8 -16289.8 26
12962.3 -21865.9 50
3421.27 -19025.8 20
-4812.92 16527.3 37
-4358.16 8413.35 28
20452.1 3315.53 29
-22287.9 -26813.2 10
999.707 -16194.9 0
61.5085 22599.9 14
-20401.8 -11823.9 42
1883.37 6859.88 16
15029.8 27741.4 20
-4296.89 -21135.7 7
4240.96 -8905.7 34
24320 -17356.7 15
-6990.05 5024.39 22
15312.5 -3775.79 14
-9829.33 -12060.4 44
15377 -21361.5 19
-21913.8 -1624.74 44
-24460.1 708.051 0
-4348.49 -24095.3 46
-13968.9 27777.2 6
8753.84 26381.7 16
18728.7 -6558.81 1
-12223.3 -11233.5 2
-25179.6 -10758 39
-22994 -27469.3 13
-2412.16 9019.1 18
4260.58 2644.57 10
-12905.2 11696.8 0
18608.8 3905.74 36
26771 -11672.7 11
-13126.6 18958.7 25
-12064.6 -11310.3 50
-22729.7 23351 36
1376.55 11561.9 26
18114.2 15091.6 43
-14778.3 8699.54 22
-26463.7 4117.14 7
25237.6 -7477.32 18
-14810.9 22250.7 24
-5060.88 637.065 35
-7161.62 5786.85 14
24980.1 27471.6 21
-27129.9 -18624.5 41
-17581 1044.3 46
-19181.8 11969.3 39
24162.1 1481.97 14
6881.19 14729.4 7
7109.26 2082.35 23
9826.27 8561.54 1
-15642.5 8698.66 9
-16432.5 26278.9 23
-9688.74 20443.8 10
-26230.5 -24261.9 45
-7177.47 25644.9 8
14735.4 24093.8 33
-16353 -10152.9 17
-169.386 -7459.48 36
-24478.4 -14018.9 4
-1907.49 -7258.42 3
-5743.15 -13881.9 10
24058 -2976.9 2
27996.1 20238.5 29
12951.3 5908.46 39
3300.51 22284.7 36
7828.65 14834.1 29
-26365.8 27949.2 37
26528.1 9786.58 35
-6922.97 -7685.92 38
-17523.2 20147.5 13
-4272.35 11350 46
-4890.47 21061.2 24
-14384.8 -11910.9 38
-23395.3 -8077.14 17
-16445.7 5268.85 41
-15896.3 -22473 40
20409.3 -4857.58 31
-26894.6 -27175.7 20
20290.4 -12717.3 36
-12298.5 20852 35
21269.9 25717.4 47
-5873.65 -14696.2 41
-27257.8 25789.9 35
24242.7 10402 21
7421.68 -5714.5 22
22234.9 -17826.9 10
17895.3 -12733.9 37
4492.63 10622.2 24
4150.7 11083 39
-1967.72 -16779.6 26
-9639.05 13975.7 49
22567.3 -10554 49
22245.1 26939.9 42
-27468.9 -27536.9 50
26231.7 3075.39 25
4733.06 16805.4 11
-5059.38 18019.1 24
-17373.2 19853.8 6
-4247.36 17382.8 26
-7734.89 -25928.2 41
-14265.4 -2908.59 28
27255.8 11023.4 45
-5722.6 2027.45 50
-5068.56 3348.17 18
-18511 -20026 9
-7966.03 3002.52 32
17476.5 -7999.71 29
-2521.13 -7122.37 45
-10415.2 12236 41
7210.92 10363.4 41
15455.7 26442.6 29
-4798.35 -27546.2 9
27160.6 7916.71 25
15794.9 -6751.73 6
4297.19 -24922.8 27
-8361 12137.8 17
20524.1 23431.5 45
4231.64 -5894.54 20
-8830.3 21938 33
-11799 -25894.2 0
17967 -292.522 36
11367.6 -24990.6 9
17047.2 18577.8 8
-2747.5 13387.8 26
-22010.3 6238.85 47
-9785.72 -18296.6 11
-27337.7 22614.3 30
17828.3 20895.9 45
9805.18 -27153.5 2
5176.56 -18616.4 13
5619.01 -1218.38 42
13226.8 24028.6 4
-13621.7 -7099.75 35
-24958 18196 28
-22819.7 15234.7 41
16814.4 -25833.3 14
-1293.1 -26572.1 28
1230.13 12867.4 15
10751.6 -27338.7 24
19584.5 -3926.23 7
14998.4 1208.2 5
17694.5 22627.9 35
14719.6 -16243.5 20
23423.1 -12251.7 22
-25554 -3919.35 10
5086.49 -13760.9 25
12256.2 -3079.49 13
-19532.5 -902.264 36
4333.53 21475.5 42
-15377.5 12250.2 4
25751.4 -12946.5 46
13340.9 14531.9 44
-1781.14 -1465.29 37
15366.1 14371.2 33
18061.8 16714 40
25857.2 -9712.63 25
16768.7 1872.53 25
-19852.7 -20149.6 4
-2485.61 -18476.4 13
4971.29 2918.94 27
18268 -22998.5 3
445.437 -22009.8 41
1548.09 16093.2 24
-11548.1 -10075.3 33
-26450.3 -27624.9 29
-17246.6 24827.3 39
19963.3 27389.9 45
26284.8 -13257.7 26
-5763.97 22426.6 13
9204.16 -25977.8 46
-27319.2 -23934.9 1
-6529.66 21886 1
27686.7 999.419 22
-19650.6 21384.5 26
-9252.52 20433.4 3
-10847 1737.52 49
-7652.78 -22542.4 48
-2565.29 -20973.9 36
-685.092 -14765.5 0
-14215.6 1938.04 7
3367.34 -133.978 14
-18755.1 6409.03 0
9218.62 -23060.6 22
16847.3 23871.5 47
19455.2 12362.7 43
-23656.6 -1071.6 45
9831.86 1543.04 30
-26467.7 25665.9 23
-5376.03 10020.7 48
-16604.6 20109.3 41
-6219.51 27931.5 22
-14053.2 1168.58 11
19823.6 16487.3 38
4847.06 -27817.5 39
4262.34 -8428.67 43
17523.6 -3764.83 29
-23271 -3525.88 15
5985.08 -7206.77 28
4290.89 22359.1 1
-5861.64 -3724.55 34
17583.7 -10016.4 15
-23482 15093.7 24
-11151.2 4306.45 49
27002.8 27815.3 28
-16033.8 -10424.3 45
10343.5 16921.5 2
-26533.7 -26831.9 29
-13451.9 -19481.1 36
7404.65 5651.88 39
14825.8 -6708.26 9
3061.55 3717.74 14
20947.1 11022.6 33
-27095.9 16637.9 49
7614.39 -10113.2 13
26568.3 -5345.87 3
21506.5 -3788.96 17
-20089.4 26415.2 18
16999.5 21948.6 42
-22931.8 -14846.1 42
-2502.24 -11610 3
21493.5 -14009.9 40
-16611.1 -701.245 1
27343.1 12347.8 19
24440.7 14790.6 27
9268.11 14962.1 0
-12074.4 298.072 48
-6922.4 -4889.69 50
8060.09 6752.94 11
-1813.77 -24793.8 14
-22951 6566.71 16
9591.4 10053.5 40
22686.1 3261.63 20
26098.7 3368.06 17
13750.8 -19598.3 28
11694.4 24623.1 25
12921.6 -18025.6 28
-6909.43 13233.3 7
10863.6 22253.1 10
-4232.64 4280.42 8
-20175.5 -13865.4 7
-25867 16572.1 9
2524.32 17509.2 22
-18341.8 20417.9 21
-19179.3 17974.5 4
-14106.1 -10426.4 13
-15636.4 11133 40
18945.8 -18580.1 8
-18186.4 19870.8 11
-17450.2 1261.51 5
-21451.6 21425.4 41
13062.1 -22341.6 11
-26872.8 23575.2 0
5626.74 -25619.6 20
21745.9 -19400.1 2
-8885.36 3126 35
-18250.3 -22801.6 8
27741.7 1615.95 24
-12221.1 20658.9 37
-2863.71 3757.32 8
10033.3 -25399.3 26
20341.3 -16055.8 37
21250 -15537.5 14
10610.3 -22664.2 20
19506.8 -6406.45 39
27996.8 -15733.2 29
20571.9 27367.4 6
-27113.1 7407.05 27
11906.5 12091.8 27
-13829.7 6223.03 9
19087.9 23190.3 25
-12556.1 -1861.59 40
-14429.4 -2588.8 27
20282.9 -26754.6 39
12667.1 -18139.3 22
73.712 10897 48
-1012.98 -20481.2 30
-14241.5 -24781.9 41
7696.33 -20056.7 50
-21285.6 8005.83 12
-24370.2 21650.5 18
11552.4 -22160.7 27
188.28 1200.87 46
-14902.3 -8376.64 23
10306.9 -3542.35 17
11837.4 -23829.8 29
-15950.6 22559.8 13
18821 -20838.7 14
-15419.8 19260 45
-17064.6 -24070.6 16
15799 21724.4 26
6598.02 6754.76 39
18925.3 -18191.1 46
-11325.1 -17597.1 9
-14475 13681.7 37
27906.7 10938.5 21
-19963.1 15374 32
27927.2 -16404.7 2
3022 -13696.8 37
-24236.2 211.51 49
15591.2 -20108.4 24
16900.4 -4604.79 24
21701.6 12649.4 46
-9489.44 -26978.2 34
26666.7 -11060.3 0
-11319.4 -25920.6 4
19674.1 -23733.2 29
-3072.33 26253.5 42
-17015.5 -10993.1 10
21469.2 -1971.08 47
3202.82 21404.4 24
13343.7 1073.51 35
-26145.3 -3112.82 13
8419.5 13282.7 50
-11090.3 14024.4 28
-18750.3 16213.8 33
-22414.5 -17550.2 13
19513.1 -27484 44
26935.4 -19596.5 4
-25444.8 -16164.8 1
-19189.2 -23360.4 23
18153.1 -26503.8 1
12552.9 -11610 1
9827.23 19449.4 38
11304.2 2451.2 8
6685.57 9594.59 3
4833.56 8547.31 38
-18736.6 -8981.8 42
24037.6 -857.069 13
-21354.1 -277.867 5
15915.2 3379.35 37
13827 5968.92 46
13976.8 812.215 13
10083.6 6717.17 24
23685.6 -21284.9 19
17730.3 2669.46 34
25879.1 -11517.8 37
-12406.3 -1034.28 4
17034.3 22094.3 28
-21040.5 5516.24 3
23087.7 18428.3 14
1747.5 -25793.1 17
-25469.5 -7955.66 41
-14126 5378.52 37
11147.6 -10212.6 22
23959.9 -14790.2 29
3739.39 -9856.05 23
-7256.55 17370.6 42
-17108.1 -25697.9 47
15958.1 10102 19
-8452.5 -7045.41 50
16752.7 -64.8316 2
22712.5 -16565.6 38
11973.2 17464.6 2
-3272.79 -5509.83 43
4979.33 5769.92 9
-16068.6 27593.6 2
17559.9 2436.08 32
-13498.7 14892.8 9
-20111.7 8870.22 34
-16688.1 -24781.8 44
-8272.23 4163.24 50
-24044.9 -10195.1 36
-17186 27007.2 1
19382.1 18297.9 8
7961.2 6148.44 40
-15287 801.548 3
-12422 23483.5 24
21257.8 743.958 39
16467.5 7737.01 29
25618.4 24770.5 38
9569.59 -19844.6 33
-26807 -12747.9 27
7145.3 -4762.26 11
-19503.7 -21106 3
727.16 -19361.6 30
928.886 15745.1 50
11953.7 -6600.16 31
-16027.3 27716.3 43
3908.32 -6337.48 23
2814.61 9788.29 10
19228 -5554.16 28
24656.2 11738.9 32
26589.9 -14270.4 30
14996.9 16890.5 39
-16585.8 14504 26
-14200.1 11957.6 13
-17049.3 -4173.01 3
2178.33 -21219.8 45
7230.75 -27909.5 7
218.475 9959.9 36
16956.9 4577.25 12
18198.3 9979.38 28
-6604.38 -24229.8 26
8216.92 3884.14 11
-9793.53 14444.7 36
13781.6 1871.91 15
-12115.7 -8446.67 22
-11586.3 -5980.8 26
3725.71 831.461 2
-6290.87 10338.5 17
23377.7 16773.4 32
-10549.2 -4129.5 6
2193.86 5944.18 25
-17419.9 -8984.16 6
17306.2 -11084.9 33
-17126.3 -16313.6 19
20369.6 13829.6 6
2019.04 -2249.05 25
-17972.1 20617.7 19
1599.2 21315.7 44
19177.1 -12628 26
3639.66 3745.52 31
-18858.3 -18747.8 41
-22434.4 -22042.8 45
-15236.4 4200.03 1
16748.6 9058.66 11
-19834.8 -22437.7 19
-3145.56 3270.7 6
-13471.8 -2147.03 6
-15698 -2381.55 37
-1820.41 -18639.7 13
-16415.8 27936.5 48
3014.27 8933.41 32
7955.28 -8509.48 30
-12923.6 25929.7 33
4399.57 12775.9 44
6008.46 3514.28 11
-27744.4 -25116 29
-2361.86 -23271.1 13
-22667 -9472.84 23
17290.9 6927.26 27
-2167.65 8794.04 41
4008.63 -7986.41 29
-17012.8 13664.9 33
-20557.6 25567.4 47
-24302.5 -19917.7 35
4177.15 16603.7 34
20494.7 9069.22 20
-21046.7 14361.3 35
-1153.47 -9392.93 22
-26479.2 -21344.2 29
-23230.5 -3773.48 50
9214.58 14446.6 14
21702.1 -10914.7 36
-4023.64 -6056.58 39
12443.5 -13490.9 28
-20937.3 -2489.32 19
-1857.55 -26836.4 11
-8735.91 2789.85 40
-1671.55 -6076.35 42
-4765.89 26104.9 12
-22557.6 9242.3 17
2237.01 -16527.6 7
-20955.9 623.338 29
-16974.8 13045.7 43
-788.139 -25648.9 31
20806.9 7949.89 23
17620 -7629.16 40
-10146.8 -6407.98 15
-24292.9 5062.65 47
16368.6 19179.3 34
6086.27 -24142.6 36
22654.1 -7502.71 38
-23523.1 -23915.9 37
-10190.4 12799.9 4
9621.21 -3378.98 19
19274.3 13391.4 30
-26232.2 -27873.6 48
-14505.7 12528.4 29
11113.3 -26652.7 18
8053.85 20560.7 14
18728.2 277.87 45
24263.8 7496.21 15
-19724.7 -26090.2 8
6382.76 -9599.21 27
-10903 24408 48
-1900.99 -17390.8 3
21560.9 -16535.3 43
7383.97 23752.7 14
2356.64 -12218.1 27
10995.4 -9.15438 38
-21378.8 -13319.3 2
1279.39 -19216.9 1
-7347.24 11918.2 23
-25749.7 24206.3 21
-7500.63 19254.9 18
14974.8 -558.078 0
-957.897 -8383.56 19
-1999.7 17451.5 6
-990.24 23915.1 0
13185.4 6800.03 18
23990.1 -553.444 20
-4809.22 -11089.8 8
-3823.38 -10829.7 12
-23455.4 15485.3 1
1029.63 21438.1 30
24773.9 -25840.9 50
-21298.7 -25646.5 17
-26329.7 -6073.84 29
-24043.3 10650.2 46
23954.2 -22561.8 6
-18694.6 20802.1 36
24076.9 17163.4 34
-27541 -15736 37
14648.9 -10411.6 35
27192.8 2116.68 39
25318.5 -12914.3 30
8502.76 9494.17 47
-10198.2 22197.4 24
-24425.9 -12840.2 42
26364.5 -14857.5 19
-16996.5 23693.9 31
-5759.46 -26869.5 14
-18101.9 19600.7 8
-10995.9 27630.4 3
17301 -26383.4 9
-19398.9 -17082.8 26
16200.9 -18206.6 11
-21907.4 20345.4 33
-6857.76 -320.844 10
7295.07 13736.7 11
-22871.4 336.903 31
-3427.36 -17923.3 13
-12959.7 9011.86 9
-18930.4 -23352.1 48
-7886.4 1355.34 13
-20526.4 16576.7 30
-20668.4 -8010.63 15
-10806.6 1423.26 33
14943.2 -15948.5 48
23354.1 15658.8 5
6423.86 12819.5 49
-17094.5 2606.77 43
-27957.1 -2789.3 18
-23761.8 1069.29 21
-10418.1 -25672.4 29
24910.8 14177.2 21
25431.4 -6127.7 21
3368.6 -6647.78 17
13106.4 -19438.4 27
-517.812 20444.5 21
15363.5 -4439.31 7
-25370.9 4912.63 46
-22893.4 -21287.8 26
16084.5 -1163.34 17
7387.42 -4328.74 17
-5597.74 -14767.6 18
-23481.7 23342.8 13
4666.43 11324.2 8
-7525.39 21033.3 5
-9719.79 -5996.3 43
-2473.06 14422.3 50
18495.1 -24191.6 0
14671.5 -4081.03 34
-21397.9 10125.6 23
-8298.26 19802.3 33
-4629.09 -25519.9 17
-930.106 -6701.69 7
3234.16 14815.4 50
6254.86 4261.13 18
598.762 27821.9 28
19032.7 -19801.2 33
2613.88 -15180.2 27
10434.1 -19720.8 40
-22390.1 24794.3 45
7314.49 -18790.8 46
-20378.4 -7282.99 35
12310.7 -24001.1 8
-15973.8 1969.57 31
-4895.47 21495.3 39
27948.4 17644.6 4
23273.2 -2734.99 33
10042 -13740 39
7852.26 -21757.8 22
773.21 -9062.94 24
18367.3 867.803 48
6308.5 24256.3 21
27231.8 -17779.7 18
6524.21 -8028.55 47
-12429.1 10872.4 30
19922.4 5377.71 24
11376.1 -11255.7 19
-10062.8 -17648 45
-15561.9 8821.49 2
-6750.04 -27807.7 36
19468.8 16144.7 47
20233.7 -24437.7 6
-6888.84 -26799.5 15
11326.3 -24316.2 30
26184.8 -21693.4 39
26268.2 10432.6 29
18120.9 -10310.7 50
-19365.7 566.883 32
17421.2 -4205.52 16
-15928 -4699.42 4
-14905.7 21892.8 4
15269.5 1772.5 23
1479.03 -2624.38 43
7460.89 -9207.36 7
-18464.9 -8287.44 11
-22460.4 -24912.7 29
-27976.1 5961.94 42
-17283.2 -443.387 21
-23769.2 18908.7 24
13983.4 19569.7 43
-7445.54 8115.47 7
4184.49 -8785.88 32
-13328.6 -18539.2 21
-9547.58 -9830.84 0
-18735.7 13213.6 11
23028.6 26537.5 3
-20084.9 813.308 30
9945.18 -8197.8 6
8251.4 -17646.6 16
-16364.2 20902.4 41
11249.6 4944.32 21
1973.13 -17794.1 2
11354.6 6105.26 42
-16599.3 -22655.7 48
9267.68 -11899.5 7
-8632.54 -10968.3 31
383.401 -1696.51 17
11374 -4421.9 19
-25691.6 -4675.99 6
25319.8 -15691.6 2
-2651.06 -17907.2 4
13877.6 24635.6 13
23264.2 -22594.5 17
-26741.4 -23903.9 18
1214.38 21037.8 23
14695.2 -8698.13 49
-5732.83 -16349.2 35
17095.1 -7381.57 5
-17519.3 10198.8 20
25881.5 15944.6 44
6023.83 -26584.9 36
3855.04 -10913.4 5
-12346.3 -11565.6 19
16122.4 3025.98 34
-6964.77 26399.3 29
-15512.2 8805.09 6
21443.3 16907 36
22882.7 -16486.4 25
-27553.8 20105.6 34
-14032.7 -16189.7 28
-10260.9 -1231.11 0
3664.66 -17457.9 48
-16533.4 17688.4 11
27268 -14147 32
5520.99 7285.15 48
4366.59 -20727 41
25679.5 21593.9 18
12069.6 -25506 26
-10602.9 19781.2 16
10849.4 -18636.6 9
-10650.6 -16178.4 48
-24877 22372.6 4
-3298.78 25444.8 6
-24717.7 14154.1 25
7638.48 -13558.1 19
8162.54 -11909.1 14
8651.5 4611.69 29
27145.6 -3002.9 13
8311.04 20644.9 28
-24200.1 22314.7 35
27017.4 13381.5 31
-4632.56 23395.1 49
-10995.5 -15432.6 40
8494.15 12984.1 17
-12320.5 -16216 33
-23877.6 27681.1 14
12258.9 6038.64 43
-7534.27 -12002.8 8
-22927.2 27744.2 12
245.11 10730 42
-8869.73 7587.37 33
26739.1 -27049.4 15
5553.71 -13661.9 12
-3553.23 27335.2 24
-313.15 -21148.8 11
-17588 -12901.5 22
11775.2 9437.51 47
26986.3 13671.3 31
-5809.23 1688.07 6
15561 1842.55 25
-21957.4 -26205.3 31
-26881.2 27121.3 14
-18680.9 -19388.5 27
-3954.84 -7079.65 36
25985.7 21249.6 1
2940.08 22013.2 10
-18300.9 19688.9 31
-10356.7 -27937.9 33
-25699.3 7221.27 39
25640 4431.63 27
-21118.7 -27064.7 35
-16736.1 12786.5 1
13084 -14601.4 13
19751.3 14114.5 30
23453.7 6466.35 10
16273.5 -19825.9 12
-1043.27 5440.92 23
13792.1 -6591.54 10
2970.83 -16505.4 41
-11090.7 -21079.3 3
-19856.6 -4577.73 31
-1186.72 -22263.9 27
-18503.2 -18184.3 48
21717.2 16585.3 7
5872.05 9439.7 30
10637.6 -2429.92 11
7946.56 -18008.9 29
-20333.6 -15925.3 47
21165.3 -19040.9 43
23219.9 2244.85 12
17499.1 -15233 36
3427.45 -9041.31 49
-16012.9 10034.6 6
8001.33 -17905.8 27
12061.6 8890.64 40
-13372.7 -11022.8 13
18834.9 -20824.6 26
7029.05 -25796.7 13
-8820.02 1770.96 0
-837.739 -21381 27
-23592.7 6600.72 27
24118.6 1732.56 24
18464.2 -6485.63 50
-24881.1 -11202.8 13
-3199.21 -6166.64 37
19223.8 -9167.69 2
-11183.7 11677.5 10
-21131.8 -15050.7 20
-26936.4 -3385.51 21
-22213.3 8229.81 24
-9668.11 -11376.8 2
22098.4 -14089.5 45
3268.92 7186.81 22
3636.61 27327 1
13027.4 11754.3 12
-8002.65 16450.8 40
25161.6 13513.7 15
23692.5 17950.9 0
-6228.12 13847.9 30
7746.27 4299.23 41
27917.4 4817.37 15
15036.5 -18970.9 43
2052.6 13829.6 5
21859.2 27647.3 7
14275.7 10815 18
-10476.8 8217.74 43
-16301.4 12598 23
3809.04 -18137.7 46
755.706 -16617.6 7
-15592 9840.81 49
-16678.3 -20431.7 22
11388.9 -19880.3 47
3586.4 -21664 30
-15999.4 27178.8 26
3677.2 21016.7 6
1672.77 14694.1 29
7927.71 -7975.21 47
-4241.96 25653.4 37
23194.4 -21113.2 46
-19459.8 1982.33 22
20986.4 3188.99 30
22364.5 12461.7 28
-4800.76 -196.2 31
-3341.76 -242.396 38
19961.3 16902.4 17
-9427.32 -5489.31 1
-6157.11 -24526.1 30
-25453.1 26399.9 39
-9313.76 -1191.44 46
-14669.1 7810.61 33
-149.948 19311.6 20
3642.74 -26638 39
24775.2 -15812.9 33
-6751.58 26661.8 19
13014.4 11535.9 36
12494.4 24594.3 43
27620.8 -2738.31 33
4436.11 21874.4 27
22003.8 19764.4 15
-24321.2 12776.8 6
-4646.91 -24303.8 16
-9163.81 52.8854 18
-1486.59 -16890.7 9
1912.6 -15596.3 33
1726.99 -20811 30
15226.6 -22455.5 2
24088.5 25454.5 1
-5104.13 24063.5 28
6314.68 3005.23 22
-6597.55 25039.9 30
9733.98 17566.9 39
17411.8 10493.2 40
-7266.7 12577 9
16379.5 11868.8 32
-22761.1 5341.75 35
-3406.84 26886.4 39
27899.5 -10196.5 13
5476.29 -7553.02 33
23529.1 -17447.1 9
2189.27 21242.2 42
-5924.46 -14502 4
-7529.59 -17872.9 20
-13577 6035.71 49
-27001.8 -7713.15 30
15557.3 -11564.7 32
-13871.4 -4394.69 27
-9675.67 19075.2 21
-26430.2 7176.75 21
-8900.88 -12672.6 6
8033.95 -4979.22 5
9729.64 -1272.96 23
12730.8 13073 1
11707.4 20413.1 50
-15686.5 4226.11 43
-8401.74 -19100.8 44
-21555 299.245 15
17664.5 -19966.1 8
-3001.22 -6234.51 18
-3948.1 -8418.1 0
-3401.63 23316.8 22
-10112.8 4149.44 43
-7104.11 18159.6 32
27366.4 6731.94 47
-5055.52 -22278.8 4
23683.5 -4933.89 36
4993.21 14765.2 46
-23174.9 -4088.38 24
-19713.1 13834.1 22
23304.6 5135.08 33
-11009.8 -11365.4 23
-15379.5 9011.48 3
20920.9 -23216.1 39
-23731.9 -18406.7 10
-18550.8 4112.47 38
15407.2 -22119.7 42
7053.68 12205.3 32
17366.9 -17712.7 24
-11384.5 26536.8 43
-1662.86 -21448.3 16
-26861 24390 28
10544.7 -11634.4 37
19440.2 -8832.65 30
-9792.01 -15016.9 28
2557.56 -2908.38 31
23086.3 -3615.12 26
1716.08 19651.4 18
-14146.6 21892.3 47
18975.7 23859.7 19
-23370.4 -17086.7 18
-8544.39 -3347.52 42
19433.3 -3687.76 36
4762.99 25343.6 37
23261.6 -11034.9 33
-19439 -9493.28 16
-10380.9 -6977.31 22
-4804.51 25134.8 3
10025 -22068.6 8
7990.09 -12801 30
-26187.6 8733.53 33
4389.17 22425.4 46
7219.45 -25178.4 42
-10400.6 12844.5 23
7866.47 5809.88 9
14906.6 -15694.5 10
-15473.2 1169.19 20
-11141.1 -8200.37 18
-20930.2 -18125.4 32
16892.3 484.896 1
26046.2 27178.1 16
13937.2 -3756.83 50
6102.15 -1185.99 28
-6569.27 27825.7 35
4488.79 5321.98 38
3743.15 -2161.24 43
27158.6 24402.7 18
16099.6 -6076.04 47
-14599.6 -2815 33
-7825.47 -2851.41 36
-15644.5 -22923.7 26
-12664.9 -11076.5 8
17598.4 -8269.27 34
22700.7 -2902.11 25
2955.41 -14965.1 4
-6634.72 25854.1 49
540.808 14578.3 40
-26742.5 -18568.9 26
20324.8 25129.3 21
-14014 22245.8 0
-25911.3 13192.4 44
25086.5 -3542.56 14
-27562.5 9633.9 44
10528.6 23221.9 49
19228.7 1647.88 3
937.991 12658.4 30
1426.32 -16908.1 48
26722.5 -11261.2 37
23156.8 21217.2 16
15952.1 -21593.5 38
-5720.68 -10624 49
-3298.29 -16577.6 7
22912.4 1775.44 17
-15341.7 -18802 27
1135.38 2652.4 28
-26076.1 9531.57 8
-27992.5 23286.5 18
17702.7 -10759.5 15
9469.6 -4430.12 46
-11843.5 -3057.28 47
-15439.2 -194.02 13
18104.1 31.0998 42
-8898.08 16878 1
-17392.7 -24529.4 30
27826.9 -5191.13 26
-3488.44 14241.3 33
-15202.6 1028.88 14
6752.86 14864.4 34
-17024 27127.3 4
4919.92 -14853.2 34
21386.4 -5981.02 22
613.977 -9816.84 11
-11970.7 -17550.2 12
-10486.9 -19434.3 39
12146.7 -14418.1 14
-27824.8 -4398.04 27
-18794.6 17027.8 49
10352 1657.99 5
-719.63 -19828.1 30
26105.7 2912.65 33
26346 -13147.9 25
23770.5 26890 44
27438.5 3288.73 27
14254 6944.69 39
-26849.2 -9756.66 14
-17332.4 23631.9 1
-8086.64 -2989.42 15
-19888.8 27184.9 19
-18448.5 -18664.5 41
-5104.77 22961.2 36
12568.5 27075.2 22
5489.71 4532.05 34
-18893.7 739.703 25
-25182 -11919.4 9
9329.39 2198.36 14
15350.9 7531.26 41
13378.4 -19379.7 8
-8327.56 13874.8 33
17271.7 -4053.37 50
-12093.6 -1156.51 20
-6912.42 -3762.71 11
-10229.2 14721.8 44
-23067.9 -19889.9 2
10327 -15885.6 41
-15369.4 -24581.2 3
-20987.4 -11128.7 26
-24768.4 -2769.69 12
-3266.68 11676 38
-2109.4 4548.46 30
12427.5 15292.2 3
17448.3 18862.9 37
-10349.3 -4607.57 33
13139 -25593.7 9
20596.3 -20657.5 33
-5845.46 11775 24
-19295.4 -18133.7 6
-1133.43 27579.1 34
20786.4 -23986.2 32
-21130.1 8809.48 22
19380.1 21549.5 1
2252.53 -8377.16 15
10247.8 18130.7 50
-8534.25 12704.5 22
-8555.1 1235.65 17
27276.1 5391.27 28
25730.6 -16972.2 37
6459.54 6796.22 10
2248.82 5646.28 4
-4429.77 18662.5 29
1343.44 21225.6 42
-4823.04 15139.1 6
-5108.07 -20761.6 22
7959.25 -3142.59 16
24117.4 -1766.63 14
22765.1 13687.1 16
-25001.1 -6350.98 20
7161.19 19001.9 22
5577.81 -8407.48 10
-20191.2 16110.9 39
-15914.4 -1334.48 50
-8734.14 -8088.93 41
11162.9 -15391.3 8
-4390.51 -21865.8 0
-5755.89 -14968.9 48
25111.3 -4231.35 28
20114 10477.9 9
-23657.7 -19206.6 5
3778.32 -15710.5 20
-21732.6 14827.7 33
-19401.7 -13306.4 47
11949.6 -13046.2 0
-17231.4 -25578.3 41
-17014.9 26668.3 16
-25467.9 -4489.48 4
-22658.3 3500.28 1
22871.6 11561.2 15
-10041.7 11498.1 17
-14729.8 -15542.8 37
20184.7 18542.6 30
17030.2 1.59111 49
-20354 -24675 46
-12872.6 -13754 29
14900.2 -649.989 21
-16313.9 -4897.57 31
-16556.3 -11429.2 16
-17223.1 27704.1 9
11235.6 -5363.18 44
-13215.7 18013.2 35
27198.3 -15030.5 23
-8523 -7833.2 28
23853.7 13011.3 26
25040.5 20312.7 43
-10510.8 25860 37
-21674.9 -9144.88 45
15936.8 -11082.4 20
22361.3 23269.3 9
9840.71 -26159.4 20
-6955.69 9962.52 25
20768.5 -22915.5 50
10775.6 569.332 18
22761.4 16870.7 41
-11684.4 -27232.6 16
11804.4 27548.4 23
7843.02 -23262.6 41
-26759.5 -7261.98 50
-12448.3 18681.1 9
15054.3 -18084.9 38
16798 12412.4 39
1944.33 19720.5 5
-23774.7 25731.1 2
-9371.81 -18005.3 34
4069.34 22421.3 35
11128.4 -9750.74 3
-880.035 -2518.84 27
1126.62 26821.6 17
-13122.9 -11110.7 45
-19126.8 -27446.9 50
18104.3 16425.8 15
18152.2 9578.04 5
-7383.73 -9889.16 26
-18130.4 8089.21 13
27348.8 8675.23 7
10013.9 3449.48 39
-21547.1 -3776.32 6
-7375.8 -10102.1 31
-24188.5 -6974.55 13
-12436.3 9744.1 48
19173.9 11431.6 21
-17617.2 16891.1 47
-13769.1 -4158.91 15
-2243.37 -12312.8 6
-9535.51 4322.02 32
-3219.45 7735.58 7
9226.04 13679.3 50
-21758.4 -25964 2
23927 21416.2 1
-15268.2 -22853.8 25
-3563.74 24871.2 49
26323.3 9607.51 48
5708.4 -12459.5 5
-20343 14294 24
21938.4 -1493.93 6
9952.31 14533.1 12
25558.9 -22348 16
13865.4 -7683.01 32
21408.2 -5966.11 46
9273.63 -25422 36
-12948 10917.9 12
4744.37 500.011 28
1279.97 -21208.2 19
1995.53 25408.9 18
11214.4 20946 46
2461.24 -11325.5 22
18114.3 -23569.5 35
19393.4 -18189.4 20
11945.7 26162 19
-25270.1 3803.6 2
9445.97 -7091.55 7
-15072.2 -23327.9 11
-10201.9 12584.5 21
26234.1 10522.2 23
-13693.2 6320.18 17
-20210.8 -15980.5 18
10826.5 25342.9 27
25853.8 15946.1 17
-26191.9 16311.8 4
-6585.06 -6205.32 6
7799.84 19235.3 24
16451.8 -5519.97 41
-14454.3 9836.63 36
-19037 -2465 35
21304.7 -24328.1 1
2831.97 666.151 21
1459.86 -25262.9 24
24405.4 11643.8 5
-3431.13 -24567.1 15
11881 -23351.6 5
-8455.8 21209.6 1
1474.98 11801.7 24
7963.17 2954.75 14
20011 18432.8 33
-17032.3 20445.1 29
-27268.9 -17273.2 20
20092.3 10647 47
3269.46 -23869.6 32
-26730.1 12987.9 25
-1128.48 -6639.37 43
10911.3 -24965.7 33
10252.4 -6197.57 23
-13019.7 13695.7 47
11441 -20020.9 36
-1706.13 -22630.5 26
27924.2 13705.7 46
-2244.37 -22713.7 27
-26580.4 5166.7 7
-9112.72 -27682.2 20
13864.9 24871.2 49
-6568.52 -1559.32 26
4546.61 -9632.39 29
-22522 19713.4 50
-22504.4 -24023.2 27
-7531.83 -3816.76 50
-19456.7 21108.5 35
9498.14 10379.9 39
-24560.2 10898.6 23
