-73.9878 40.7361 27
-74.0106 40.801 47
-73.8833 40.6114 2
-73.8424 40.714 3
-73.8382 40.8749 43
-73.9985 40.7236 35
-73.8178 40.6152 37
-73.8527 40.8927 18
-73.7584 40.8228 33
-73.853 40.6814 22
-73.8945 40.6821 18
-73.8921 40.8687 3
-73.8873 40.6951 50
-73.9516 40.88 3
-73.9197 40.87 27
-73.7696 40.8252 39
-73.9895 40.8037 44
-73.8248 40.8952 45
-73.9407 40.7522 30
-73.9122 40.6804 21
-73.8972 40.6537 7
-73.807 40.7584 25
-73.8216 40.8632 31
-73.9802 40.8114 6
-73.9493 40.7231 1
-73.7705 40.6544 16
-73.8475 40.8016 19
-73.8886 40.7739 43
-73.7657 40.6448 50
-73.9851 40.6754 24
-73.7642 40.66 16
-73.9891 40.7841 40
-73.8949 40.661 1
-73.9083 40.8799 20
-73.7845 40.6489 3
-73.9551 40.8316 23
-73.9014 40.8753 33
-73.8401 40.6748 43
-73.8869 40.8417 38
-73.7668 40.7304 42
-73.834 40.8819 43
-73.8784 40.6316 21
-73.787 40.8159 44
-73.8074 40.8194 0
-73.8818 40.6204 36
-73.8433 40.6599 46
-73.7834 40.6422 22
-73.9652 40.6941 26
-73.9048 40.8385 18
-73.754 40.7867 31
-74.0231 40.8152 16
-73.8393 40.6616 42
-73.7999 40.6253 38
-73.9656 40.6251 19
-73.7679 40.6804 35
-73.8139 40.7255 14
-74.0202 40.8904 12
-73.9865 40.778 9
-73.9808 40.6769 11
-73.9641 40.8059 40
-73.8203 40.7875 2
-73.9621 40.8071 5
-73.8815 40.7742 16
-73.9847 40.744 43
-73.8732 40.6942 6
-73.9395 40.7536 21
-73.9235 40.7327 24
-73.948 40.71 12
-73.841 40.8155 36
-73.8991 40.6958 23
-73.845 40.7794 50
-73.8426 40.7606 26
-74.0193 40.7903 27
-73.9514 40.6738 43
-73.9004 40.6077 8
-73.8325 40.7725 38
-73.8358 40.823 8
-73.8897 40.6492 46
-73.822 40.6031 29
-74.0053 40.7159 11
-73.8543 40.8099 27
-73.8033 40.803 15
-73.9953 40.8294 11
-74.0043 40.8141 15
-73.8945 40.7542 22
-73.9462 40.8058 29
-73.934 40.8915 27
-73.7925 40.7123 24
-73.8241 40.759 1
-73.7609 40.7046 31
-73.9894 40.8818 18
-73.7607 40.6752 21
-73.7812 40.8249 35
-73.9522 40.6355 10
-73.8758 40.653 30
-74.0011 40.7116 42
-73.7609 40.6249 25
-73.7715 40.707 39
-73.8213 40.8017 38
-73.9611 40.7667 33
-73.9232 40.67 33
-73.8227 40.6152 33
-73.7674 40.7839 46
-73.8633 40.7473 2
-73.8833 40.6204 22
-73.8972 40.7324 37
-73.9771 40.8776 49
-74.0043 40.756 8
-73.9949 40.7096 21
-73.8309 40.8577 38
-73.8346 40.8763 30
-73.8779 40.7194 12
-73.9096 40.6865 5
-73.8071 40.7979 44
-73.8315 40.7138 4
-73.9605 40.7457 0
-73.8441 40.6562 49
-73.8087 40.6516 30
-73.9296 40.7511 42
-73.8275 40.8371 32
-74.0121 40.8268 3
-73.7728 40.6614 4
-73.8328 40.6782 36
-73.9692 40.7295 23
-73.7598 40.6113 26
-73.8203 40.8433 16
-73.8787 40.7199 50
-73.794 40.6929 7
-73.8509 40.8753 35
-73.8773 40.6481 48
-73.9814 40.7023 5
-73.8834 40.7664 43
-73.8415 40.8067 1
-73.8424 40.6207 7
-73.9635 40.7736 8
-73.837 40.8111 3
-73.7738 40.7278 25
-73.7755 40.8141 26
-73.9798 40.7702 13
-73.835 40.6299 27
-73.8432 40.7693 30
-73.9825 40.8163 1
-73.8826 40.6115 12
-73.9201 40.7769 31
-73.8152 40.7444 33
-73.9134 40.7423 36
-73.9487 40.6836 35
-73.7704 40.7228 30
-73.7752 40.8428 26
-73.9846 40.6752 33
-73.771 40.8538 14
-73.8867 40.7237 35
-73.9943 40.6306 22
-73.9432 40.7008 16
-73.8688 40.6608 5
-73.7902 40.7093 41
-73.9803 40.6451 23
-73.7851 40.7225 33
-74.0071 40.8653 46
-73.8157 40.7696 1
-73.8825 40.6828 44
-73.9184 40.7558 47
-73.867 40.8603 17
-73.823 40.8598 3
-73.7863 40.6276 8
-73.9973 40.7667 41
-73.8159 40.8649 44
-73.9928 40.7138 35
-74.0026 40.7417 36
-73.9179 40.7862 34
-73.9256 40.8348 21
-73.8889 40.7338 25
-73.7718 40.6442 5
-73.7611 40.6713 49
-73.9699 40.659 17
-73.9046 40.7285 18
-73.8615 40.645 34
-73.8351 40.851 41
-73.9224 40.7423 32
-73.8494 40.7122 18
-73.9332 40.6438 14
-73.793 40.6436 30
-73.7751 40.7532 17
-73.9448 40.6378 32
-73.8998 40.6471 38
-74.0202 40.7662 14
-73.9369 40.8128 42
-73.8979 40.6159 3
-73.8707 40.7255 42
-73.9745 40.876 30
-73.8985 40.879 20
-73.9034 40.8213 44
-73.9951 40.8463 29
-73.7586 40.8723 9
-73.8823 40.8129 30
-73.7983 40.8161 32
-73.8791 40.6964 44
-73.7758 40.8812 5
-73.7978 40.6991 26
-73.8027 40.7962 12
-73.8624 40.6739 45
-73.9794 40.7784 31
-73.8422 40.8575 34
-74.0233 40.7862 23
-74.0146 40.8527 18
-73.8679 40.8202 14
-73.9757 40.8651 50
-74.0144 40.7445 29
-73.9062 40.661 24
-73.768 40.8816 24
-73.7641 40.6652 0
-74.0097 40.7899 29
-73.9885 40.7488 33
-73.8814 40.8668 34
-73.919 40.8457 12
-73.827 40.6604 43
-73.9948 40.7074 39
-73.8437 40.7045 8
-73.9777 40.7987 20
-73.8671 40.7298 35
-73.8098 40.6842 13
-73.8795 40.895 38
-73.9789 40.8286 10
-74.0144 40.6324 13
-73.8096 40.6641 14
-73.9672 40.826 31
-73.9272 40.6594 5
-73.8351 40.8212 5
-73.8468 40.7137 10
-74.0185 40.8323 20
-73.7991 40.6393 17
-73.9257 40.6249 29
-73.7957 40.8416 32
-73.9283 40.684 46
-73.8226 40.8296 12
-73.7929 40.7802 6
-73.9874 40.6383 10
-74.0042 40.8845 11
-73.8389 40.8525 7
-73.8052 40.6146 3
-73.9852 40.6681 20
-73.8467 40.8913 41
-74.0147 40.8878 44
-73.7984 40.8121 30
-73.9619 40.7329 20
-74.0172 40.712 43
-73.859 40.7848 33
-73.9534 40.8915 10
-73.8722 40.6367 22
-73.8654 40.7435 45
-73.9255 40.6892 42
-73.8001 40.8404 40
-73.9023 40.8053 41
-73.9711 40.875 23
-73.8838 40.8657 50
-73.8997 40.6833 20
-74.0149 40.6579 41
-73.8298 40.8321 36
-73.8527 40.6013 32
-73.8961 40.757 16
-73.9861 40.715 43
-73.9001 40.6873 49
-73.754 40.7041 40
-73.8613 40.6753 10
-73.8848 40.7801 50
-73.8737 40.6327 26
-73.8692 40.8009 3
-73.7871 40.644 37
-73.9147 40.7646 25
-73.774 40.6766 2
-73.9307 40.6516 31
-73.8701 40.7112 18
-74 40.7242 5
-73.8386 40.8577 27
-74.0071 40.6336 50
-73.8349 40.7409 3
-73.7758 40.8537 50
-73.9898 40.6572 33
-73.7609 40.6481 7
-73.761 40.8519 3
-73.7674 40.6842 23
-73.7898 40.7144 38
-73.8419 40.8022 16
-73.8378 40.65 0
-73.9753 40.7978 34
-73.9361 40.6956 4
-73.9033 40.793 48
-73.8451 40.6513 0
-73.9939 40.7663 49
-74.0169 40.8619 45
-73.8757 40.7445 41
-73.8661 40.74 38
-73.9768 40.7131 42
-74.022 40.7349 45
-73.9558 40.8482 21
-73.9139 40.7558 4
-73.8124 40.6918 9
-73.856 40.6975 7
-73.9006 40.649 47
-74.0149 40.7674 50
-73.9334 40.7054 8
-73.921 40.7784 1
-74.0022 40.7457 14
-73.9049 40.697 0
-73.9961 40.8823 17
-73.7576 40.6135 49
-73.9639 40.6761 22
-73.9471 40.8607 43
-73.873 40.8665 43
-73.9602 40.6781 19
-73.8223 40.8266 21
-73.8983 40.6547 44
-73.7723 40.6869 32
-73.8766 40.6173 9
-73.817 40.6107 26
-73.7619 40.6685 30
-73.8752 40.8298 39
-74.0093 40.6223 50
-73.8886 40.8214 48
-73.7775 40.841 14
-73.7777 40.7187 8
-73.9667 40.7109 13
-73.9597 40.6999 26
-73.8597 40.6076 41
-73.8772 40.8207 40
-73.9011 40.6731 35
-73.8451 40.6825 17
-73.8377 40.8301 46
-73.7607 40.7218 8
-74.0202 40.8723 5
-74.0036 40.714 24
-73.9131 40.878 35
-74.0203 40.7152 38
-73.8739 40.6357 8
-73.8054 40.6576 21
-73.8805 40.7394 19
-73.8903 40.6648 22
-73.7554 40.7042 22
-73.7585 40.7708 28
-73.8867 40.8158 4
-73.9767 40.7114 13
-73.7924 40.864 40
-73.9557 40.7629 36
-73.8921 40.8537 21
-73.7764 40.7685 50
-73.8649 40.7213 2
-73.9882 40.8863 34
-73.8713 40.6874 15
-73.7578 40.6991 26
-73.8055 40.7762 10
-73.9791 40.6593 40
-73.8105 40.6483 12
-73.8839 40.8565 16
-73.813 40.8819 41
-73.8382 40.7859 39
-73.8655 40.837 24
-73.804 40.6879 29
-73.781 40.6777 23
-73.8459 40.7666 34
-73.8224 40.8901 14
-74.0219 40.6186 47
-73.8127 40.6855 37
-73.8957 40.8727 45
-73.8205 40.7389 24
-73.8868 40.8468 48
-73.7757 40.6785 20
-73.8156 40.7349 21
-73.8489 40.8452 13
-73.9747 40.8329 50
-73.9087 40.7876 48
-73.7683 40.7122 12
-74.0121 40.6289 43
-73.7659 40.8568 26
-73.7542 40.6635 20
-73.9257 40.6612 19
-73.7809 40.8415 21
-73.8279 40.7233 30
-73.8433 40.8186 0
-73.9882 40.8006 16
-73.9016 40.6774 7
-73.8619 40.6229 44
-73.9649 40.8323 48
-73.8237 40.6646 1
-73.8182 40.7248 13
-73.798 40.7844 32
-73.9938 40.6064 21
-73.9957 40.7294 1
-73.9344 40.7117 27
-74.002 40.6154 9
-73.7973 40.7096 43
-73.9482 40.8081 45
-73.912 40.7643 27
-73.8278 40.6704 7
-73.8072 40.7192 44
-74.0129 40.7447 49
-73.8265 40.8597 15
-73.9828 40.8679 1
-73.7686 40.7683 10
-73.8664 40.6468 3
-73.8685 40.663 1
-74.0057 40.8279 19
-73.9277 40.7843 35
-73.9817 40.7675 35
-73.8056 40.8177 8
-74.0199 40.8381 47
-73.8704 40.8918 37
-73.8856 40.7409 27
-73.9833 40.7558 17
-74.0144 40.824 25
-73.8984 40.8051 1
-73.977 40.8798 37
-73.9455 40.794 42
-73.9043 40.6186 19
-73.8837 40.8182 35
-73.9244 40.6376 21
-74.0154 40.6353 37
-73.8751 40.8091 26
-73.7603 40.8796 19
-73.9736 40.6907 35
-73.7943 40.8367 9
-73.9602 40.7564 44
-73.8996 40.6564 30
-73.802 40.6165 43
-73.7742 40.8425 1
-73.949 40.6304 42
-74.02 40.7793 0
-73.8543 40.693 29
-73.8476 40.8176 37
-73.9883 40.6942 0
-73.8698 40.6635 31
-73.7865 40.7121 30
-73.9182 40.8359 3
-73.8637 40.6987 44
-73.8959 40.8573 36
-74.0039 40.6559 2
-73.8393 40.7928 17
-73.9378 40.8895 11
-73.9637 40.6194 40
-73.8477 40.6545 37
-73.8795 40.6842 24
-73.7624 40.8617 17
-74.0215 40.693 11
-73.8028 40.7611 9
-73.8495 40.7468 14
-73.9285 40.8051 4
-73.9261 40.6885 29
-73.9286 40.6863 46
-73.8219 40.8347 47
-73.809 40.6917 29
-73.9963 40.8043 9
-73.8842 40.761 50
-74.0214 40.7562 32
-73.9717 40.6517 22
-73.9844 40.8578 9
-73.8073 40.8437 16
-73.8607 40.8382 5
-73.8227 40.7953 25
-73.7811 40.7345 13
-73.9007 40.8833 24
-73.8386 40.8679 30
-73.823 40.703 19
-73.7998 40.6403 5
-73.8092 40.713 17
-73.9577 40.6084 6
-73.831 40.7717 47
-73.8643 40.7708 3
-73.922 40.6714 41
-73.9493 40.6144 32
-73.8465 40.7045 46
-74.0024 40.8518 24
-73.9974 40.6374 22
-73.9164 40.7957 21
-73.9538 40.7689 39
-73.9605 40.7876 30
-73.9971 40.7022 40
-73.9119 40.6794 12
-73.8076 40.7738 30
-73.8399 40.8434 33
-73.9199 40.6584 6
-73.869 40.7799 13
-73.9916 40.6163 6
-73.9789 40.7029 14
-73.9631 40.7507 13
-73.9466 40.7514 7
-73.8016 40.8035 15
-73.8442 40.6597 35
-74.0011 40.6386 9
-73.7949 40.6868 18
-73.9691 40.8041 2
-73.9619 40.8609 12
-73.9736 40.8591 32
-73.8696 40.8757 45
-73.9365 40.6529 49
-73.8292 40.6486 32
-73.7703 40.83 9
-73.8895 40.7476 17
-73.9245 40.8146 47
-74.0229 40.7499 21
-73.8467 40.7847 19
-73.7701 40.8265 13
-73.9996 40.7677 46
-74.0073 40.7405 36
-73.8205 40.6202 31
-73.8903 40.827 29
-74.0166 40.7384 49
-73.9816 40.7091 42
-73.9733 40.8417 2
-73.8153 40.7289 16
-73.7778 40.7515 31
-73.9557 40.8906 25
-73.8911 40.6823 50
-74.0166 40.6184 46
-73.8791 40.6913 14
-73.9986 40.7322 33
-73.8659 40.7533 25
-73.8379 40.7247 2
-73.9962 40.7719 34
-73.994 40.619 32
-73.978 40.82 33
-73.9922 40.7775 47
-74.0068 40.708 49
-73.8039 40.8671 28
-73.8937 40.807 6
-73.8916 40.6596 3
-74.0233 40.8873 21
-73.7764 40.6107 40
-73.9619 40.6797 23
-73.9209 40.8913 29
-73.9076 40.6641 13
-74.0175 40.7423 6
-73.9638 40.6415 28
-73.8298 40.832 13
-73.7545 40.6591 6
-73.7985 40.6826 31
-73.9284 40.7067 25
-73.9506 40.7712 44
-73.7662 40.8542 11
-73.9542 40.672 45
-73.9242 40.6061 21
-73.9476 40.8443 47
-73.7881 40.8708 26
-73.9873 40.7886 7
-73.8541 40.8561 13
-74.0167 40.8833 18
-73.875 40.6883 37
-73.9004 40.6517 39
-73.8754 40.6088 24
-73.7612 40.8459 40
-74.0154 40.8536 18
-73.8488 40.703 12
-73.8044 40.6311 46
-73.8824 40.7528 10
-74.0055 40.8898 25
-73.928 40.6974 14
-73.9015 40.7472 44
-73.8013 40.6126 13
-73.9828 40.856 31
-73.8032 40.8804 1
-73.9769 40.6849 14
-73.9609 40.6424 1
-73.8576 40.6457 8
-73.8752 40.7762 23
-73.8265 40.6431 45
-73.8533 40.7778 6
-73.9888 40.8638 1
-73.8387 40.7779 11
-73.9782 40.6213 8
-73.8042 40.7461 7
-73.7787 40.669 24
-73.8047 40.6864 33
-73.9625 40.6281 18
-73.7874 40.6596 35
-73.9538 40.8798 5
-73.8705 40.6347 45
-73.8587 40.8447 11
-73.7932 40.7902 32
-73.7899 40.6289 12
-73.9022 40.7762 24
-74.0218 40.6502 44
-73.8007 40.7502 35
-73.8374 40.681 9
-73.7553 40.6417 21
-73.9957 40.7279 34
-73.9395 40.7158 38
-73.9094 40.7678 3
-73.8978 40.7824 24
-73.9609 40.7526 21
-73.7562 40.8415 34
-73.9702 40.8313 47
-74.0151 40.6901 37
-73.8918 40.8262 22
-73.8455 40.6504 5
-73.8135 40.7318 26
-73.8476 40.6434 42
-73.8609 40.6599 3
-73.9209 40.8495 20
-73.7805 40.6527 39
-73.8038 40.7627 24
-73.8797 40.7758 46
-74.0132 40.7514 20
-74.0203 40.6185 5
-73.9199 40.6068 18
-73.802 40.6938 27
-73.7816 40.7572 18
-73.982 40.6149 11
-73.9623 40.6551 21
-73.8526 40.806 1
-73.8779 40.7374 32
-73.8266 40.6997 29
-73.7635 40.7897 1
-73.874 40.6866 19
-73.9041 40.8741 0
-73.8202 40.7273 4
-73.7893 40.7405 22
-73.8419 40.7636 15
-73.8123 40.7599 15
-73.7905 40.6995 7
-73.757 40.6818 0
-73.7887 40.6287 41
-73.7594 40.6624 43
-73.7549 40.7031 39
-73.8735 40.6936 4
-73.9697 40.8747 6
-73.9965 40.7704 38
-73.8398 40.7315 47
-73.7742 40.7973 35
-73.8118 40.8538 6
-73.9909 40.8219 25
-73.8853 40.6062 14
-73.973 40.8741 39
-73.89 40.6249 31
-74.0129 40.7279 25
-74.002 40.7092 12
-73.7887 40.7431 4
-73.7658 40.7157 9
-73.757 40.7703 23
-73.9243 40.8254 17
-73.898 40.8845 11
-73.9756 40.8398 43
-74.0205 40.736 13
-73.9029 40.6168 18
-73.8811 40.6111 49
-73.928 40.8506 22
-73.9003 40.6067 44
-74.0215 40.7052 0
-73.8461 40.7893 13
-73.8925 40.6433 38
-73.7799 40.8579 49
-73.8692 40.8127 22
-73.7881 40.809 20
-73.804 40.7555 20
-73.9042 40.8187 13
-73.8234 40.7264 21
-74.0135 40.8631 34
-73.9457 40.6745 35
-73.9097 40.7816 24
-73.9896 40.7203 21
-73.8101 40.8527 2
-73.9154 40.7804 41
-73.9259 40.8358 5
-73.895 40.7686 0
-73.9351 40.6722 32
-73.9711 40.6188 31
-73.7896 40.8361 41
-73.8089 40.6433 20
-74.0024 40.829 31
-73.7617 40.8618 28
-73.8521 40.6672 21
-73.9953 40.7305 47
-73.9912 40.8447 2
-73.8033 40.7664 6
-73.8779 40.6442 29
-73.8507 40.8706 7
-73.7889 40.723 48
-73.8131 40.8818 7
-73.9525 40.8275 21
-73.9007 40.8169 33
-73.8441 40.6882 28
-73.8388 40.8216 0
-73.9235 40.6558 10
-73.7804 40.6912 36
-73.815 40.6394 7
-73.8022 40.6827 40
-73.839 40.8204 11
-73.8698 40.8719 50
-73.7774 40.8062 44
-73.7778 40.7865 25
-73.9511 40.7494 39
-73.8815 40.7864 41
-73.8054 40.7608 34
-73.9267 40.7511 16
-73.774 40.7418 22
-74.0103 40.8111 13
-73.8185 40.8503 23
-73.9663 40.7354 29
-73.7755 40.7697 50
-73.9184 40.7017 22
-73.9132 40.7896 22
-73.9468 40.7082 15
-73.9728 40.674 42
-73.879 40.7145 50
-73.9784 40.6548 13
-73.8729 40.8659 14
-73.9792 40.8207 41
-73.7992 40.7282 47
-73.817 40.7004 29
-73.7893 40.8019 29
-73.7554 40.8052 29
-73.905 40.738 22
-73.8093 40.6471 46
-73.9871 40.6442 16
-73.877 40.6409 47
-73.8265 40.764 50
-73.7629 40.6514 44
-73.9626 40.8713 4
-73.9531 40.8669 40
-73.9445 40.6659 19
-73.8151 40.6684 27
-73.8619 40.7374 24
-73.9666 40.7803 22
-73.8704 40.6877 39
-73.8094 40.6507 42
-73.8745 40.6801 44
-73.9421 40.7342 30
-73.7853 40.7503 46
-73.8133 40.8258 8
-73.9282 40.8066 39
-73.7988 40.7604 6
-73.919 40.665 17
-73.7575 40.7315 41
-73.7912 40.8684 13
-73.7547 40.6295 8
-74.0131 40.7982 36
-74.0158 40.7323 15
-73.7909 40.6261 45
-73.9427 40.6283 25
-73.8419 40.7194 9
-73.8547 40.8865 7
-73.8134 40.7586 47
-73.8006 40.6285 25
-74.0113 40.7331 22
-74.0007 40.7762 26
-73.8432 40.7594 3
-73.8834 40.8656 46
-73.9306 40.8706 2
-73.9455 40.6622 38
-73.9425 40.8518 12
-73.8162 40.6269 48
-73.9815 40.7927 12
-73.7963 40.7504 13
-73.8958 40.846 50
-73.9102 40.7411 29
-73.9944 40.8027 15
-73.8342 40.6943 37
-73.9489 40.7043 32
-73.9895 40.792 16
-73.9239 40.7702 39
-73.8527 40.8199 13
-73.8454 40.6217 43
-73.9397 40.7599 18
-73.9132 40.7764 31
-73.9937 40.8086 7
-73.808 40.6536 16
-73.7853 40.7689 2
-73.7832 40.8098 26
-73.7992 40.7357 48
-73.9212 40.724 46
-73.7659 40.6801 23
-73.9934 40.8277 8
-73.8055 40.6731 32
-73.8686 40.6024 38
-73.8842 40.8117 43
-73.8954 40.8156 0
-73.9745 40.7561 11
-74.0001 40.6164 24
-73.8929 40.7738 17
-73.9775 40.8896 1
-73.7919 40.7586 16
-73.8179 40.8263 35
-73.8717 40.6952 50
-73.9563 40.7683 36
-73.9486 40.6576 24
-73.9765 40.8428 46
-73.8599 40.6898 7
-73.9157 40.882 43
-73.8486 40.8259 50
-73.8605 40.8318 9
-73.7959 40.743 12
-73.7652 40.6428 3
-73.8802 40.6268 31
-74.0113 40.8402 11
-73.9162 40.8891 18
-73.9511 40.8533 6
-73.7994 40.751 50
-73.8321 40.8929 9
-73.7832 40.8648 45
-73.9953 40.7092 20
-74.0199 40.7709 49
-73.8316 40.7797 11
-73.8189 40.8272 5
-73.8687 40.689 2
-74.0206 40.7099 7
-73.9062 40.6857 35
-73.7876 40.6592 5
-73.9709 40.6151 24
-73.9879 40.8267 39
-73.8219 40.7112 33
-74.0232 40.6872 5
-73.9207 40.6633 50
-73.9078 40.818 26
-74.0044 40.7623 23
-73.9418 40.7297 43
-73.9426 40.8434 10
-73.91 40.6225 11
-73.8215 40.8457 9
-73.8024 40.808 4
-73.7805 40.7789 22
-73.8113 40.6868 25
-73.7711 40.8338 25
-73.9247 40.7313 45
-73.8414 40.703 0
-73.7729 40.8281 39
-73.9285 40.6485 24
-73.9814 40.7948 50
-73.7643 40.7531 25
-73.8746 40.7956 17
-74.0071 40.7332 22
-73.8626 40.7471 15
-73.9167 40.6906 3
-73.8171 40.8195 43
-73.8556 40.7698 13
-73.9843 40.7713 21
-73.8094 40.6616 20
-74.0009 40.6105 50
-73.8777 40.8209 6
-73.9233 40.8676 41
-73.9204 40.6602 49
-73.8283 40.8138 24
-73.8744 40.7936 3
-73.9985 40.848 50
-73.8816 40.8314 35
-73.8114 40.8503 12
-73.9801 40.8799 27
-73.9758 40.8422 1
-73.8273 40.7293 1
-73.8956 40.7846 40
-73.7585 40.7129 16
-73.8097 40.6145 28
-73.9636 40.7219 14
-73.9001 40.7892 11
-73.7875 40.8371 12
-73.9128 40.6373 48
-73.9151 40.7116 14
-73.8244 40.8371 30
-73.975 40.8379 25
-73.9911 40.6299 18
-73.9851 40.8783 43
-73.9131 40.8306 4
-73.8173 40.7833 36
-73.7999 40.6503 17
-73.9639 40.6707 7
-73.8506 40.7922 38
-73.9671 40.6176 9
-73.8468 40.6212 39
-73.9067 40.8679 25
-73.9475 40.6318 23
-73.8078 40.6115 30
-73.8915 40.6427 38
-73.8337 40.7456 11
-73.8889 40.765 15
-73.9996 40.7815 7
-74.0094 40.6979 34
-73.9248 40.6336 17
-73.945 40.8794 18
-74.0008 40.8746 14
-73.9302 40.7425 3
-73.7596 40.8045 49
-73.8245 40.7493 21
-73.8673 40.7814 13
-73.8862 40.6667 10
-73.8288 40.6313 8
-73.8928 40.6275 44
-74.0163 40.871 41
-73.9704 40.6814 29
-73.8791 40.814 7
-73.8588 40.8745 13
-73.8309 40.6745 30
-73.7874 40.7107 35
-73.9975 40.8908 20
-73.9292 40.7397 48
-73.9854 40.7292 1
-73.8445 40.6963 19
-73.793 40.7695 34
-73.9216 40.8636 2
-73.9235 40.8591 20
-73.7997 40.8411 2
-73.9172 40.8329 44
-73.9897 40.6354 15
-73.9463 40.8491 29
-73.8387 40.8143 15
-73.7567 40.6325 45
-73.9028 40.6401 43
-73.8766 40.7985 43
-74.0222 40.8482 4
-73.8935 40.6542 32
-73.8856 40.7307 43
-73.8244 40.8533 0
-73.9467 40.8034 41
-73.8732 40.6404 21
-73.7654 40.8128 38
-73.9899 40.8882 31
-74.0009 40.6414 3
-73.8402 40.6692 8
-73.7817 40.775 10
-73.8322 40.704 32
-74.014 40.848 37
-73.9687 40.7544 4
-73.9545 40.8348 44
-73.9403 40.6619 2
-74.0067 40.6962 41
-73.8159 40.7172 16
-73.9414 40.7445 24
-73.8016 40.8857 50
-73.8734 40.8564 0
-73.8698 40.8067 4
-73.9332 40.6777 18
-73.7713 40.6068 21
-73.7553 40.8856 8
-73.9842 40.8019 11
-73.8198 40.7065 49
-74.0058 40.7978 0
-73.9327 40.6379 49
-73.7914 40.7394 43
-73.9666 40.8799 2
-73.8845 40.8326 39
-73.8649 40.8567 50
-73.963 40.6999 17
-73.8345 40.7055 38
-73.9762 40.7832 47
-73.9767 40.8763 36
-73.8271 40.7557 3
-73.8339 40.6927 25
-73.7863 40.8096 26
-73.9954 40.609 47
-73.8012 40.852 44
-73.7705 40.7513 28
-73.8368 40.7413 12
-73.8888 40.7467 8
-73.9124 40.6762 47
-73.8487 40.709 29
-73.8031 40.7607 48
-73.846 40.6684 2
-73.8037 40.8815 45
-73.9379 40.845 28
-73.8614 40.6613 11
-73.9108 40.7694 39
-73.8506 40.7556 3
-73.812 40.614 27
-73.79 40.772 18
-73.8023 40.7935 37
-73.9693 40.8116 41
-73.8873 40.7906 15
-73.8595 40.6249 17
-73.9401 40.6507 44
-73.7595 40.8758 31
-73.8911 40.6664 22
-73.7656 40.6845 47
-73.985 40.7834 45
-73.8567 40.7205 44
-73.9988 40.6438 29
-74.0119 40.7026 2
-73.8584 40.6306 47
-73.7737 40.8117 3
-73.8967 40.745 18
-73.7605 40.7846 40
-73.8824 40.7946 11
-73.9717 40.6653 25
-73.8734 40.7238 11
-73.958 40.7862 25
-73.7888 40.8777 26
-73.843 40.8358 14
-73.9572 40.6851 19
-73.9385 40.7458 45
-73.9816 40.8768 24
-73.9896 40.8109 44
-73.8816 40.8665 27
-73.7768 40.6848 11
-73.8177 40.7802 21
-73.9636 40.8628 50
-73.8741 40.639 10
-73.8372 40.8114 43
-73.9654 40.8259 32
-73.9326 40.7327 33
-73.9512 40.7023 44
-73.7556 40.8591 16
-74.0216 40.6107 16
-73.7744 40.7366 9
-73.7897 40.7619 15
-73.7982 40.7293 20
-73.8892 40.7312 25
-73.7865 40.67 48
-73.9116 40.6865 11
-73.8364 40.8341 0
-73.9218 40.8699 50
-73.9798 40.8155 31
-73.9911 40.7627 37
-73.973 40.6675 38
-73.8697 40.7916 48
-73.886 40.6242 9
-73.9183 40.6128 43
-73.8189 40.6266 25
-73.8294 40.8651 7
-73.9649 40.8434 23
-73.7905 40.8891 42
-73.9635 40.8266 28
-73.9962 40.6834 14
-73.9972 40.8307 18
-73.9237 40.7412 39
-73.8545 40.7827 19
-73.8768 40.739 39
-73.9558 40.6343 46
-73.8216 40.7502 20
-73.892 40.8497 45
-73.8252 40.8314 11
-73.7631 40.6142 17
-73.8369 40.8166 43
-73.8907 40.8723 37
-73.9934 40.698 49
-74.0047 40.6903 28
-73.9332 40.7719 46
-73.9801 40.7164 34
-73.7723 40.7594 33
-73.9084 40.6347 27
-73.7751 40.7665 50
-73.8201 40.6308 22
-73.9366 40.6888 47
-73.8327 40.6352 0
-73.8818 40.7549 48
-73.911 40.6098 14
-73.8763 40.8904 47
-73.9951 40.7223 12
-73.9593 40.7728 47
-73.9653 40.7912 4
-73.8812 40.7748 39
-73.8456 40.8069 36
-73.9671 40.8003 3
-73.8331 40.8934 13
-74.002 40.7426 19
-73.7893 40.626 3
-73.8348 40.8888 5
-73.8487 40.8043 31
-73.9568 40.6207 46
-73.7819 40.7825 38
-73.9781 40.8096 23
-73.9859 40.8707 30
-74.0104 40.6722 46
-73.8028 40.8055 49
-73.8735 40.7548 2
-73.7788 40.8431 20
-73.7963 40.666 4
-73.9105 40.7562 31
-74.0065 40.6675 44
-74.004 40.8466 18
-73.9278 40.6565 6
-73.9636 40.8249 34
-73.9026 40.6296 6
-73.8453 40.726 27
-73.9141 40.8588 2
-73.871 40.6275 32
-73.9018 40.6283 4
-73.7895 40.7106 25
-73.914 40.6299 25
-73.8434 40.7179 25
-73.8735 40.8949 17
-73.861 40.6959 24
-73.8603 40.8428 31
-73.9507 40.6272 30
-73.7949 40.6503 23
-73.8703 40.629 48
-73.8077 40.7548 13
-73.8137 40.7569 13
-73.7784 40.6088 36
-74.0045 40.6628 44
-73.9602 40.8387 27
-74.0189 40.8811 18
-73.7711 40.7832 33
-74.0066 40.6707 4
-73.9083 40.8756 17
-73.8952 40.8581 48
-73.8626 40.8223 24
-73.8973 40.8303 39
-73.847 40.8366 45
-73.7825 40.832 25
-73.7822 40.721 46
-73.9808 40.6015 8
-73.9053 40.7161 16
-73.9734 40.6292 18
-73.8765 40.7938 49
-73.8455 40.6468 37
-73.7664 40.7159 8
-73.8938 40.7759 6
-73.8951 40.8623 34
-74.0085 40.8558 12
-73.8375 40.8273 38
-73.7879 40.6579 4
-74.0166 40.7555 48
-73.8246 40.8177 25
-73.7958 40.7006 35
-73.7911 40.7511 48
-73.8422 40.7554 38
-73.8294 40.8153 19
-73.8976 40.8501 44
-73.7552 40.6869 50
-73.8306 40.787 38
-74.0051 40.6202 24
-73.9561 40.7145 49
-73.8777 40.8117 32
-73.912 40.7347 35
-74.0197 40.7863 36
-73.9016 40.7517 28
-73.9004 40.7056 9
-73.8866 40.7523 33
-73.8911 40.6496 31
-73.9564 40.7669 34
-73.948 40.651 28
-73.9355 40.7726 6
-73.8358 40.8036 42
-73.8282 40.6721 47
-73.8549 40.7554 47
-73.7561 40.6623 33
-73.8397 40.8394 3
-73.8618 40.7407 21
-73.8376 40.6935 46
-73.9411 40.6296 44
-73.841 40.8832 11
-73.8008 40.7309 14
-73.8263 40.7839 8
-73.8123 40.7161 14
-73.7961 40.841 43
-73.8667 40.6996 29
-73.9931 40.8012 48
-73.7872 40.708 8
-74.0193 40.88 6
-73.8375 40.7737 33
-73.7615 40.8613 29
-73.8565 40.7244 18
-73.9765 40.7148 4
-73.9208 40.8733 11
-73.7659 40.7676 4
-73.9529 40.6562 42
-73.8357 40.827 39
-73.9133 40.7834 20
-73.8467 40.8391 27
-73.8981 40.6282 24
-73.9568 40.7774 31
-73.9515 40.8853 25
-73.9111 40.7296 14
-73.789 40.8923 20
-73.9 40.8779 31
-73.9934 40.7872 26
-73.8996 40.6066 11
-73.8989 40.6563 49
-74.0207 40.6492 33
-73.9101 40.6486 34
-73.9253 40.8256 9
-73.971 40.7157 29
-73.9694 40.6333 5
-74.0118 40.6691 47
-73.78 40.8814 29
-73.9192 40.7873 12
-73.9284 40.8602 28
-73.9611 40.6683 29
-73.9273 40.6767 41
-73.8874 40.8541 8
-73.9882 40.7578 9
-73.796 40.7726 22
-73.918 40.7363 24
-73.9758 40.6803 35
-73.9022 40.8615 30
-74.015 40.836 45
-73.8953 40.752 4
-74.0207 40.8042 28
-73.9902 40.6625 14
-73.7829 40.6886 24
-73.856 40.6983 40
-73.8069 40.6913 17
-73.9235 40.6489 48
-73.7998 40.8144 43
-73.9908 40.7605 41
-73.8074 40.7937 43
-73.9381 40.7003 44
-74.0069 40.7728 24
-73.7715 40.6231 25
-73.9002 40.6767 26
-73.9543 40.7861 24
-73.9354 40.7848 5
-73.8065 40.8722 38
-73.8313 40.7332 11
-74.0091 40.7033 3
-73.8587 40.6782 45
-73.765 40.6222 10
-73.7608 40.8398 25
-73.8322 40.868 3
-73.8693 40.8683 47
-73.9947 40.8543 42
-73.876 40.6038 48
-73.9071 40.7816 5
-73.9983 40.8193 40
-73.7918 40.7004 38
-73.9688 40.8774 32
-73.9361 40.6886 22
-73.8561 40.7297 24
-73.7768 40.8661 5
-73.843 40.6995 26
-73.8246 40.7438 24
-74.006 40.7119 43
-73.9921 40.7787 15
-73.9853 40.8753 34
-73.902 40.8574 5
-73.8659 40.6863 48
-73.7549 40.8854 32
-73.828 40.6302 8
-73.8152 40.8163 2
-73.7623 40.7248 16
-73.7685 40.6396 33
-73.8841 40.7832 25
-73.9972 40.7781 37
-74.004 40.8044 14
-73.9446 40.6427 8
-73.7925 40.7585 7
-73.8665 40.8899 49
-73.9565 40.7417 11
-73.8714 40.6553 0
-73.7661 40.8137 21
-73.7934 40.6662 0
-73.7635 40.7635 15
-73.8878 40.8715 35
-73.9839 40.8947 37
-73.7778 40.6567 37
-73.8288 40.6408 32
-73.7805 40.8589 2
-73.8186 40.6775 48
-73.963 40.8878 24
-73.8104 40.7798 47
-73.921 40.8684 49
-73.8582 40.8012 15
-73.9811 40.8301 14
-74.0167 40.8935 19
-73.9254 40.8586 1
-73.8969 40.8121 21
-73.9682 40.741 43
-73.9166 40.7612 4
-73.9703 40.7017 6
-73.8851 40.7673 20
-73.8691 40.6919 7
-73.9978 40.8271 6
-73.7638 40.7432 15
-73.7841 40.802 13
-73.8532 40.7886 31
-73.8583 40.7455 32
-73.851 40.7138 25
-73.807 40.8253 37
-73.9638 40.8528 44
-73.9346 40.6728 18
-73.7895 40.7418 7
-73.9809 40.8253 2
-73.8233 40.7914 25
-73.8008 40.7488 15
-73.8029 40.7372 44
-73.856 40.7175 46
-73.7821 40.8358 48
-74.0065 40.7604 22
-73.9666 40.8866 49
-73.82 40.8184 48
-73.9214 40.8535 24
-73.9805 40.7286 24
-73.8471 40.842 5
-73.8204 40.8906 30
-73.7806 40.6585 26
-73.8618 40.805 40
-74.016 40.7057 21
-73.9677 40.6331 33
-74.0131 40.7976 47
-73.9908 40.6315 13
-73.9389 40.6138 0
-73.9721 40.7162 10
-73.9654 40.7621 44
-73.8862 40.8538 3
-73.8077 40.7939 4
-73.9653 40.7333 42
-73.9521 40.7898 43
-73.8786 40.6507 35
-73.8096 40.7635 29
-73.8497 40.6071 31
-73.9599 40.8497 39
-73.8913 40.7458 42
-73.8482 40.6709 16
-73.9735 40.8841 23
-73.7909 40.6143 30
-73.8559 40.6945 19
-73.9286 40.7775 32
-73.9915 40.7505 48
-73.9647 40.8371 12
-73.8106 40.8254 16
-73.9582 40.6012 3
-73.9588 40.6564 27
-73.7745 40.7573 45
-73.7584 40.6509 24
-73.8794 40.7008 40
-73.9178 40.7239 12
-73.8069 40.625 11
-73.9846 40.7702 29
-73.7566 40.7877 47
-74.0065 40.8013 16
-73.8885 40.7297 26
-73.9524 40.8125 42
-74.0091 40.8103 36
-74.0029 40.6073 0
-73.8578 40.6714 21
-73.8139 40.8578 22
-73.7931 40.785 30
-74.0182 40.7529 23
-73.9886 40.8662 44
-73.8721 40.691 44
-73.9199 40.6757 11
-73.8342 40.7879 9
-73.9991 40.8244 40
-74.0027 40.634 41
-73.8896 40.7106 39
-73.984 40.6906 21
-73.9769 40.8759 32
-73.9535 40.6849 15
-73.8159 40.7367 44
-73.9766 40.6149 35
-73.8762 40.6652 49
-73.8841 40.6806 8
-73.8993 40.6486 33
-73.856 40.8569 37
-73.8717 40.7936 38
-73.8369 40.8147 32
-73.8557 40.8486 3
-73.9202 40.8215 21
-73.8906 40.7742 30
-73.9962 40.6707 50
-73.9563 40.7301 37
-73.9584 40.6582 17
-73.8869 40.8368 31
-73.7957 40.6124 11
-73.7842 40.6164 30
-74.014 40.7834 41
-73.8568 40.643 35
-73.7756 40.6784 42
-74.0194 40.716 33
-73.9373 40.6365 8
-73.8437 40.8557 50
-74.0206 40.797 39
-73.9826 40.8094 44
-73.8608 40.7932 35
-73.9794 40.7498 48
-73.9849 40.7343 3
-73.985 40.6932 1
-74.0073 40.8679 38
-73.8512 40.833 4
-73.7872 40.6783 1
-73.7978 40.7646 30
-73.8638 40.643 43
-73.9384 40.7406 32
-73.905 40.7757 8
-73.9079 40.6812 30
-74.021 40.7453 41
-73.9687 40.8357 44
-73.8436 40.7301 9
-74.0016 40.7867 28
-73.9347 40.6591 44
-73.9189 40.8423 11
-73.8709 40.8518 38
-73.9633 40.8063 25
-73.8345 40.6786 16
-73.9595 40.6146 0
-73.8183 40.7654 18
-73.9316 40.7735 1
-73.9837 40.8933 33
-73.769 40.7112 41
-73.8733 40.681 20
-73.8771 40.6802 46
-73.7957 40.777 33
-73.8295 40.6442 18
-73.9672 40.6023 20
-73.8679 40.8766 10
-73.9187 40.8724 3
-73.8191 40.7472 10
-73.8035 40.8606 45
-73.9998 40.8219 2
-73.7964 40.6988 49
-73.9381 40.6642 30
-73.8499 40.6312 41
-73.9381 40.6623 39
-73.9246 40.8899 44
-73.7765 40.825 48
-73.7636 40.7274 35
-73.8627 40.8717 23
-73.9067 40.6755 9
-74.0094 40.7433 6
-73.8705 40.6025 44
-73.9594 40.8746 2
-73.8862 40.6589 49
-73.9562 40.7458 21
-73.7848 40.6811 21
-73.902 40.6365 10
-73.9673 40.8693 35
-73.8946 40.8558 19
-73.7987 40.7036 15
-73.9628 40.8886 47
-73.7721 40.7406 7
-73.9931 40.7113 10
-73.8907 40.8266 17
-73.7883 40.7814 25
-73.7642 40.8825 49
-73.8826 40.871 18
-73.9461 40.6216 9
-73.9044 40.6209 44
-73.9217 40.8412 33
-73.8368 40.6332 44
-73.8186 40.8917 13
-73.8487 40.6223 4
-73.9584 40.7466 16
-73.8665 40.6087 25
-73.8909 40.6312 43
-73.7673 40.8383 17
-73.9143 40.8302 11
-73.9468 40.8541 26
-73.7876 40.8199 30
-73.9231 40.8826 44
-73.7886 40.8209 28
-73.7976 40.6109 12
-73.9344 40.6874 14
-73.8019 40.6578 12
-73.8246 40.639 20
-73.9039 40.7706 37
-73.8883 40.7728 41
-73.8268 40.6629 18
-73.8463 40.761 21
-73.8809 40.7774 26
-73.8139 40.7965 48
-73.7876 40.6178 41
-73.8519 40.792 26
-73.8699 40.7121 35
-73.7687 40.6095 25
-73.7575 40.8777 10
-73.8282 40.6074 46
-73.9533 40.808 9
-73.9622 40.703 4
-73.9206 40.7904 46
-73.7699 40.6904 17
-73.8385 40.7913 18
-73.9466 40.6772 11
-73.8379 40.8417 5
-73.7959 40.6384 29
-73.9861 40.821 7
-73.9821 40.7896 48
-73.9961 40.7719 38
-73.783 40.6289 32
-73.8854 40.8373 36
-73.955 40.6309 46
-73.8117 40.6771 40
-73.7604 40.8862 33
-73.9912 40.8785 9
-74.0009 40.6495 50
-73.8341 40.8545 44
-73.8406 40.8681 0
-73.7672 40.8282 44
-73.7735 40.8176 4
-73.9012 40.8852 27
-73.9421 40.6286 16
-73.8053 40.7453 28
-73.8121 40.6732 12
-73.9408 40.7858 39
-73.7751 40.685 17
-73.8207 40.6518 0
-73.9037 40.8471 46
-73.8319 40.7904 49
-73.9505 40.6773 22
-73.9779 40.6296 47
-73.8769 40.6667 29
-73.9401 40.7078 9
-73.9279 40.8533 13
-73.9907 40.7944 43
-73.7731 40.7691 11
-73.8959 40.6055 11
-73.7933 40.7006 43
-73.8924 40.8337 32
-73.8048 40.8524 49
-73.7884 40.6269 6
-73.844 40.8765 29
-73.9862 40.6311 33
-73.9959 40.8091 9
-73.846 40.7042 18
-73.9484 40.8698 50
-73.8688 40.8933 21
-73.9843 40.8407 13
-73.7975 40.7461 5
-73.8759 40.7197 19
-73.9413 40.8379 19
-73.7714 40.8898 47
-73.9509 40.8908 50
-73.8778 40.7248 28
-73.9793 40.7903 32
-73.9131 40.7122 6
-73.9006 40.7392 37
-73.8281 40.8155 37
-73.8499 40.8929 26
-73.8705 40.7343 42
-74.0019 40.8296 43
-73.8924 40.678 45
-73.7622 40.6854 19
-73.8785 40.8211 24
-73.9857 40.8406 12
-73.7952 40.6915 46
-73.8819 40.7266 0
-73.7834 40.6248 42
-73.8036 40.7815 4
-73.8004 40.8591 4
-73.9517 40.726 30
-73.9559 40.644 31
-73.8317 40.6231 40
-73.8251 40.7952 39
-73.8887 40.802 29
-73.8422 40.7009 31
-73.888 40.6842 0
-73.8002 40.8659 40
-73.7949 40.7919 19
-73.8917 40.7649 6
-73.7538 40.6305 24
-73.8614 40.8239 11
-73.9834 40.6892 23
-73.8696 40.875 18
-73.9362 40.6496 25
-73.9435 40.6135 38
-73.7583 40.8869 1
-73.8457 40.6427 44
-73.9277 40.7793 20
-73.9708 40.6652 33
-74.0034 40.6859 40
-73.8184 40.8755 22
-73.9783 40.654 28
-73.9721 40.7823 2
-73.9177 40.7643 1
-73.8151 40.6187 33
-73.7604 40.7548 28
-73.9716 40.6207 19
-73.845 40.6827 1
-73.8858 40.7241 46
-73.7644 40.7666 31
-73.7987 40.8548 23
-73.8566 40.7087 0
-74.0009 40.8078 35
-74.0191 40.767 0
-73.8389 40.7515 50
-73.9604 40.7811 25
-73.9476 40.7067 21
-74.02 40.8894 43
-73.7899 40.8857 11
-73.8843 40.8899 24
-73.8537 40.8375 6
-73.9762 40.7185 50
-74.0203 40.8001 29
-73.9012 40.8308 50
-73.7613 40.8276 11
-73.8891 40.6467 23
-73.7601 40.6341 20
-73.8759 40.8617 37
-73.7578 40.7484 31
-73.817 40.7711 32
-73.9466 40.6535 18
-73.877 40.7475 22
-73.8642 40.8048 4
-73.8307 40.6578 16
-73.9545 40.8633 34
-73.7876 40.773 28
-73.8048 40.7292 29
-73.8537 40.75 17
-73.9103 40.699 40
-73.8223 40.6627 27
-73.9698 40.8331 9
-73.8432 40.6523 25
-74.0032 40.6837 30
-73.9908 40.7023 32
-74.01 40.6446 19
-73.9684 40.6041 49
-73.9494 40.8755 2
-73.8649 40.6058 44
-73.8085 40.7867 37
-73.9141 40.8228 33
-73.7871 40.8554 49
-73.8003 40.6855 28
-73.833 40.6814 30
-73.893 40.6667 39
-73.9763 40.7501 34
-73.8754 40.7976 16
-73.9223 40.8023 9
-73.7608 40.6969 5
-73.8276 40.7737 40
-73.7715 40.8749 22
-73.8478 40.8148 6
-73.9281 40.8568 40
-73.9316 40.696 29
-73.8473 40.8645 8
-73.8634 40.6674 27
-73.9798 40.8813 5
-73.7669 40.8726 30
-73.9872 40.8051 0
-73.8757 40.7932 8
-73.9742 40.7119 27
-73.7765 40.8617 27
-73.8438 40.884 37
-73.8749 40.6113 3
-73.7563 40.7638 32
-73.9597 40.6278 39
-73.8889 40.7778 45
-73.9738 40.6188 14
-73.9816 40.6632 20
-73.8479 40.615 25
-73.7745 40.6731 36
-73.8119 40.8894 41
-73.9161 40.8786 29
-73.8118 40.8949 30
-73.7686 40.6038 29
-73.8453 40.6079 26
-73.9329 40.7174 1
-73.7553 40.6356 8
-73.812 40.663 22
-73.9441 40.7825 8
-73.8006 40.6052 27
-73.8607 40.6145 9
-73.8563 40.7539 44
-73.947 40.8442 9
-74.0209 40.885 46
-73.9163 40.8936 9
-73.8743 40.8553 7
-73.8485 40.6977 24
-73.8234 40.8309 36
-73.9194 40.6576 13
-73.7845 40.7184 2
-73.9927 40.824 41
-73.9914 40.7234 32
-73.945 40.6491 28
-73.9113 40.6787 43
-73.9016 40.7542 34
-73.8303 40.7659 2
-73.8577 40.6729 29
-73.8416 40.8609 19
-73.8337 40.7884 1
-73.8568 40.8114 22
-73.9693 40.7039 36
-73.9361 40.7233 49
-73.7961 40.6537 26
-73.8293 40.8414 7
-73.9149 40.8889 8
-73.8213 40.7545 46
-74.0087 40.7325 8
-73.9452 40.6163 38
-73.928 40.8083 11
-73.9342 40.8916 16
-73.7811 40.7228 35
-73.8574 40.7947 48
-73.8211 40.6332 24
-73.9038 40.6058 8
-73.9405 40.8494 12
-73.9656 40.8627 49
-74.0197 40.8463 26
-73.8661 40.8241 3
-73.8009 40.8175 14
-73.9684 40.6928 30
-73.7715 40.8088 32
-74.0034 40.7032 33
-73.9375 40.8527 1
-73.9261 40.7078 29
-73.8783 40.8599 6
-73.8756 40.6831 48
-73.992 40.8884 3
-73.8592 40.7081 30
-73.8055 40.7928 49
-73.8542 40.6679 12
-73.7621 40.7152 18
-73.8416 40.8539 18
-73.923 40.6214 22
-73.9223 40.8113 35
-73.8601 40.7483 34
-73.827 40.6862 2
-73.9488 40.6713 8
-73.8504 40.8383 26
-73.9989 40.6163 35
-73.8251 40.8128 14
-73.7838 40.7339 39
-73.957 40.7161 0
-73.8513 40.6096 18
-73.8759 40.834 8
-73.9716 40.8164 1
-73.9307 40.7511 34
-73.9522 40.7825 4
-73.8734 40.7415 9
-74.0092 40.8487 17
-73.9471 40.802 34
-73.7743 40.676 50
-74.0102 40.6487 26
-73.9584 40.8895 49
-73.8932 40.8565 24
-73.8334 40.6212 39
-73.8988 40.7033 14
-73.7888 40.6463 37
-73.8365 40.7843 49
-73.9895 40.7837 29
-73.784 40.8123 23
-73.8224 40.6869 43
-73.8845 40.7882 19
-73.7986 40.6511 42
-73.8862 40.6289 1
-73.8386 40.8858 2
-73.9999 40.7881 8
-73.8171 40.8621 17
-73.8948 40.8341 16
-73.7854 40.8549 36
-73.8846 40.8895 34
-73.9875 40.8277 3
-73.7942 40.7632 45
-73.8123 40.6887 14
-73.9521 40.7323 4
-73.7935 40.8208 31
-73.926 40.7575 33
-73.8986 40.8647 49
-73.9003 40.7249 4
-73.8722 40.6986 38
-73.9761 40.817 25
-73.8356 40.8913 33
-73.757 40.8924 50
-73.9234 40.8164 11
-73.9916 40.8064 9
-73.7663 40.8713 30
-73.8403 40.8563 11
-73.7821 40.6813 49
-73.7876 40.6237 2
-73.882 40.6454 1
-73.7568 40.609 20
-73.9678 40.8792 50
-73.8499 40.6163 41
-73.9134 40.8507 9
-73.9631 40.7856 48
-73.8202 40.7947 29
-73.908 40.8484 42
-73.8671 40.6993 40
-73.8492 40.8933 15
-73.9215 40.8442 40
-73.9379 40.6343 16
-73.8703 40.6932 47
-73.9877 40.8127 44
-73.9818 40.6412 22
-73.9836 40.6388 11
-73.8239 40.7105 1
-73.9452 40.7076 20
-73.9958 40.6183 4
-73.9759 40.8869 41
-73.8356 40.7263 28
-73.8554 40.8101 43
-73.9114 40.8074 13
-73.7862 40.7393 33
-74.0034 40.6556 8
-73.8816 40.6755 40
-73.8352 40.8581 13
-74.0162 40.7105 21
-73.8968 40.662 12
-73.785 40.8399 30
-73.9274 40.8593 24
-73.9497 40.641 49
-73.9687 40.627 26
-73.9132 40.7683 47
-73.9399 40.6514 37
-74.0013 40.6583 41
-73.8669 40.776 14
-73.9823 40.8748 30
-74.0137 40.7091 20
-74.0121 40.7988 28
-73.7851 40.6759 35
-73.9358 40.6803 45
-73.9897 40.6484 16
-73.7759 40.8875 39
-73.978 40.8946 5
-73.7817 40.6538 18
-73.9995 40.8271 25
-73.89 40.7434 41
-73.818 40.6861 35
-73.8192 40.8147 13
-73.9438 40.692 31
-74.0064 40.6549 40
-73.8326 40.8922 23
-73.9769 40.6093 22
-73.8493 40.8675 8
-73.9533 40.6093 14
-73.8842 40.6872 1
-73.7883 40.786 47
-73.7807 40.6897 8
-73.8743 40.6612 17
-73.8955 40.8094 33
-73.754 40.7711 39
-73.812 40.8772 39
-73.9957 40.8901 30
-73.8328 40.7559 42
-73.9334 40.8225 9
-73.9541 40.8404 29
-73.7632 40.7362 34
-73.9034 40.8923 4
-73.939 40.8004 21
-73.8811 40.641 15
-73.8532 40.7391 44
-74.0042 40.8834 27
-73.8403 40.641 39
-73.8643 40.8819 50
-73.8718 40.7721 30
-73.9157 40.8093 27
-73.8795 40.8081 32
-73.8035 40.8489 36
-73.9773 40.8931 3
-73.8528 40.6831 20
-73.943 40.8248 17
-73.8355 40.8803 41
-73.9868 40.6044 7
-73.8051 40.6726 40
-73.8813 40.8835 38
-74.0183 40.8912 29
-74.0078 40.8252 22
-73.8003 40.7722 37
-74.0064 40.8459 3
-73.9283 40.7402 2
-73.82 40.6281 13
-73.771 40.88 49
-73.8911 40.7794 1
-73.7839 40.6624 18
-73.8514 40.7129 16
-73.9112 40.6459 36
-73.9201 40.6308 34
-73.9888 40.8869 32
-73.8587 40.7368 12
-73.839 40.7036 26
-73.9857 40.6219 15
-73.8999 40.8081 21
-73.899 40.8663 38
-73.8315 40.8523 27
-74.0163 40.867 43
-73.8636 40.734 24
-73.9807 40.8776 7
-73.775 40.8455 45
-73.8213 40.8855 43
-73.9807 40.6119 42
-73.761 40.745 10
-73.7735 40.8751 43
-73.792 40.6459 32
-73.9018 40.74 39
-73.754 40.8682 39
-73.8317 40.8847 18
-73.8377 40.641 8
-73.9276 40.7838 14
-73.7858 40.6929 29
-73.8131 40.8757 36
-73.8499 40.7405 12
-73.8755 40.7072 49
-73.8805 40.7205 3
-73.8779 40.7656 38
-73.899 40.7662 11
-73.9423 40.6429 31
-73.9028 40.6334 8
-73.9048 40.6576 45
-73.8873 40.6394 27
-73.9148 40.8831 49
-73.8239 40.8563 30
-73.9684 40.8879 15
-73.9823 40.8126 17
-74.0117 40.734 14
-73.9067 40.7711 24
-73.9356 40.7288 0
-73.7603 40.7296 44
-73.815 40.8668 26
-73.8697 40.7012 18
-73.9655 40.846 3
-73.8439 40.8717 27
-73.823 40.8791 28
-73.9542 40.7957 33
-73.8626 40.892 18
-73.9518 40.7351 31
-73.9631 40.8321 9
-73.8272 40.6603 50
-73.8627 40.8325 18
-73.9033 40.6734 9
-73.9832 40.7931 21
-73.9734 40.612 31
-73.8425 40.7073 26
-73.8431 40.655 21
-73.8547 40.7171 38
-73.8568 40.8585 40
-73.9135 40.8238 8
-73.9168 40.7012 4
-73.9968 40.8779 35
-73.8701 40.6718 39
-73.8215 40.8235 49
-73.9379 40.7635 21
-73.9541 40.8398 39
-73.8817 40.8031 41
-73.9895 40.6698 8
-73.8687 40.6884 42
-73.7866 40.7533 5
-73.8806 40.7588 22
-73.8085 40.825 33
-73.9013 40.7626 2
-73.7934 40.6982 37
-73.8379 40.6725 29
-74.0117 40.6859 10
-73.8388 40.8068 4
-73.9452 40.6924 26
-73.9508 40.7508 43
-73.8736 40.7702 16
-73.9006 40.6514 13
-73.7893 40.8328 27
-73.994 40.8162 27
-73.8887 40.8404 11
-73.9211 40.7462 2
-73.7967 40.8873 17
-74.005 40.6525 23
-73.8748 40.8305 2
-73.9168 40.8796 36
-73.946 40.6066 20
-73.9282 40.8072 9
-73.8971 40.6942 6
-73.8739 40.7986 44
-73.9896 40.6549 18
-73.9113 40.6473 5
-73.8783 40.7385 35
-73.8189 40.8213 45
-74.0096 40.7894 7
-73.8333 40.8261 40
-73.9739 40.7829 41
-73.8416 40.7688 48
-73.9275 40.8424 49
-73.8229 40.8294 35
-73.928 40.7439 37
-73.9438 40.8379 42
-73.924 40.8165 23
-73.9994 40.698 36
-73.8645 40.8489 1
-73.9997 40.6097 17
-73.8017 40.68 1
-73.7767 40.7877 7
-73.8802 40.6444 49
-73.8706 40.7573 23
-73.8315 40.6887 18
-73.9214 40.8105 26
-74.0159 40.7937 2
-73.7926 40.8921 28
-73.8928 40.6209 34
-73.9489 40.7234 35
-73.9865 40.7322 35
-73.9912 40.799 10
-73.9242 40.7302 7
-73.911 40.6828 45
-73.9868 40.6073 25
-73.9984 40.8877 33
-73.7841 40.8551 20
-73.9832 40.8088 41
-74.0074 40.8277 25
-73.9366 40.7282 13
-73.9855 40.8273 15
-73.8231 40.6934 16
-73.9404 40.6816 6
-74.0181 40.6413 37
-74.0027 40.7025 11
-74.0016 40.8089 41
-73.7637 40.7206 1
-74.015 40.7525 39
-73.8474 40.614 11
-74.0003 40.7836 13
-73.7996 40.8718 15
-73.954 40.7385 5
-73.8613 40.6566 39
-73.8307 40.7788 16
-73.8508 40.6334 5
-73.7774 40.6648 7
-73.8833 40.635 47
-73.9742 40.762 16
-74.0088 40.7216 35
-73.8814 40.6654 7
-73.9918 40.6837 24
-73.8335 40.774 16
-73.851 40.7028 20
-73.8489 40.8931 18
-73.8472 40.8226 5
-73.9821 40.7509 11
-73.7801 40.7302 30
-73.9346 40.7717 45
-73.8058 40.8026 31
-73.816 40.8689 8
-73.958 40.89 6
-73.9516 40.7696 4
-73.8206 40.8046 24
-73.7709 40.6571 20
-73.931 40.7838 21
-73.9837 40.6282 5
-73.8786 40.7576 29
-73.9779 40.6698 47
-73.9315 40.8477 18
-73.9361 40.8812 3
-74.0063 40.7876 31
-73.8982 40.8255 15
-73.9447 40.8426 36
-73.9739 40.8167 26
-73.7947 40.813 16
-73.9799 40.815 40
-73.8512 40.7834 8
-73.9685 40.7673 48
-73.8568 40.8282 37
-73.8343 40.6803 29
-74.0154 40.8137 11
-73.8516 40.8804 9
-73.9194 40.7574 46
-73.8364 40.6933 1
-73.98 40.6174 14
-73.9164 40.8143 17
-73.8253 40.7587 33
-73.9021 40.833 30
-73.8196 40.698 35
-73.992 40.6606 27
-73.9357 40.7392 27
-73.8229 40.7837 36
-73.9008 40.7536 35
-74.0006 40.8565 47
-74.0158 40.6686 0
-73.9094 40.602 45
-73.773 40.6173 10
-73.9284 40.8925 16
-73.9981 40.7706 42
-73.9068 40.8555 5
-73.8506 40.7509 10
-73.9141 40.8452 24
-73.8401 40.6077 4
-73.7548 40.8843 4
-73.9542 40.8457 23
-73.8959 40.6339 4
-73.9575 40.8726 27
-73.9737 40.7531 41
-74.0007 40.893 20
-73.96 40.7386 4
-73.9905 40.7632 14
-73.7958 40.8074 14
-73.9693 40.6376 47
-73.9645 40.8693 46
-74.0047 40.6579 27
-73.9457 40.8917 40
-73.8478 40.7815 9
-73.7832 40.6386 42
-73.8614 40.7412 12
-73.8301 40.8299 41
-73.9154 40.7951 50
-73.879 40.6062 41
-73.968 40.7599 4
-73.7982 40.7383 5
-73.9653 40.699 6
-73.7613 40.8877 16
-73.854 40.7828 45
-73.7905 40.8252 0
-73.768 40.7896 8
-73.8677 40.6792 4
-73.845 40.7644 0
-73.9441 40.7814 38
-73.8501 40.6021 34
-73.8252 40.8433 39
-73.9933 40.6591 10
-73.841 40.8419 22
-73.9683 40.8403 15
-73.9055 40.7333 31
-73.9011 40.8754 35
-73.828 40.8027 14
-73.8261 40.797 14
-73.8359 40.7353 30
-73.8121 40.6286 48
-73.8984 40.8197 20
-73.7573 40.6188 15
-73.9776 40.7048 46
-73.9668 40.6497 35
-73.9873 40.8705 42
-73.8567 40.8863 47
-73.9903 40.6533 38
-73.8072 40.8328 43
-73.9551 40.8533 33
-73.8334 40.7506 33
-73.9637 40.7475 33
-73.7788 40.8625 29
-73.7909 40.6987 26
-73.8017 40.8884 10
-73.8574 40.8779 21
-73.91 40.7011 3
-74.0122 40.7987 37
-73.8595 40.7332 45
-73.949 40.794 48
-73.9623 40.8284 19
-73.8718 40.6725 16
-73.9044 40.672 17
-73.8061 40.662 28
-73.7688 40.6659 31
-73.9508 40.7709 43
-73.97 40.86 21
-73.9599 40.8654 23
-73.9786 40.7504 50
-73.9329 40.7766 8
-73.9665 40.757 32
-73.9352 40.8501 50
-73.7642 40.8453 33
-73.8772 40.6017 45
-73.7819 40.8249 39
-73.9054 40.7444 15
-73.9434 40.7684 50
-73.9796 40.6083 18
-73.7924 40.6291 13
-73.914 40.785 36
-74.0128 40.624 10
-73.9682 40.6574 16
-73.8549 40.7502 0
-73.836 40.7803 43
-73.8485 40.806 38
-73.9648 40.6433 4
-73.84 40.8286 9
-73.7554 40.8389 49
-73.8587 40.6239 8
-73.9946 40.7189 48
-74.0005 40.6579 28
-73.9363 40.6388 15
-73.8352 40.6094 39
-73.7905 40.6417 48
-73.9104 40.6483 42
-73.9304 40.7453 21
-73.875 40.8637 47
-73.9573 40.7669 31
-73.9386 40.8568 32
-74.0202 40.7742 0
-73.8635 40.6393 34
-73.9038 40.6195 18
-73.911 40.7569 13
-73.9468 40.7081 29
-73.9033 40.774 22
-73.9225 40.7482 17
-73.7685 40.6402 20
-73.9852 40.7246 15
-73.934 40.6775 16
-74.0203 40.8588 10
-73.9307 40.859 48
-73.9546 40.7832 35
-73.8525 40.7101 39
-73.9922 40.6181 27
-73.895 40.6656 15
-73.826 40.609 38
-73.8154 40.8538 7
-73.8616 40.6572 40
-73.7826 40.8406 14
-73.9166 40.7117 27
-74.0213 40.6745 11
-73.8886 40.7593 29
-74.0023 40.8585 45
-73.7823 40.7453 7
-73.7765 40.7085 18
-73.8857 40.8823 0
-74.0092 40.671 47
-73.9856 40.8513 20
-73.9659 40.6432 47
-73.919 40.7472 30
-73.9857 40.7722 1
-73.863 40.8912 43
-73.932 40.8846 37
-73.9607 40.7576 18
-73.8674 40.7371 38
-73.9291 40.6396 45
-74.0001 40.6869 31
-73.9047 40.6426 47
-73.8896 40.7879 1
-74.0073 40.628 50
-73.9288 40.8488 18
-73.9899 40.7659 11
-73.9622 40.7428 33
-74.0127 40.7982 11
-73.8119 40.7102 33
-74.0108 40.8537 42
-73.7982 40.7416 8
-73.8125 40.7072 40
-73.8459 40.6581 29
-73.8678 40.7801 11
-73.8911 40.6598 45
-73.8656 40.6615 38
-73.7571 40.6048 16
-73.8596 40.7004 8
-73.7587 40.6089 41
-73.9943 40.6338 41
-73.8599 40.6291 44
-73.8115 40.6082 11
-73.9467 40.8339 39
-73.9407 40.706 16
-73.9227 40.8429 17
-73.9301 40.7054 47
-73.7631 40.8793 45
-73.7904 40.8335 0
-73.817 40.8415 36
-73.9888 40.6304 33
-73.9733 40.8455 5
-73.8932 40.6023 42
-73.8745 40.6871 15
-73.8823 40.785 33
-73.9938 40.6636 46
-73.7554 40.8348 23
-73.8484 40.8872 49
-73.9539 40.8928 23
-73.8739 40.6345 25
-73.9492 40.7039 23
-73.8691 40.7209 4
-73.8989 40.8072 14
-73.9958 40.8134 11
-73.8427 40.8536 41
-74.002 40.8543 17
-73.7847 40.6613 50
-73.7971 40.8343 7
-74.0061 40.6428 42
-73.9037 40.8763 30
-73.7668 40.6876 0
-73.8696 40.6847 44
-73.7541 40.8684 6
-73.8993 40.687 35
-73.8209 40.623 47
-73.8621 40.7233 42
-73.9572 40.8634 33
-73.866 40.699 16
-73.9571 40.7175 8
-73.8235 40.6623 2
-73.8229 40.6892 4
-73.8739 40.8177 46
-73.7897 40.8808 17
-73.9486 40.6982 48
-73.9565 40.8945 4
-73.8397 40.7294 15
-73.8465 40.8581 43
-73.8709 40.8691 9
-73.9909 40.7417 50
-74.0097 40.7455 14
-73.7784 40.8801 47
-73.8349 40.7159 33
-74.0102 40.8315 29
-73.8671 40.739 27
-73.8636 40.7726 35
-73.8385 40.6112 23
-74.004 40.6924 43
-73.8001 40.7636 47
-74.0165 40.6339 45
-73.8191 40.6355 34
-73.802 40.7263 49
-73.7725 40.7607 7
-73.7884 40.7923 39
-73.7881 40.8538 30
-73.8123 40.7324 22
-73.9624 40.6335 5
-73.774 40.708 30
-74.0179 40.6087 40
-73.9909 40.797 49
-73.906 40.6227 0
-73.9909 40.7031 18
-73.9246 40.6213 17
-73.7759 40.7721 48
-73.9818 40.68 40
-73.9688 40.7348 30
-73.784 40.7358 25
-73.842 40.6881 28
-73.975 40.776 41
-73.9399 40.7905 0
-73.8928 40.686 25
-73.8997 40.8007 34
-73.9925 40.7046 8
-73.7767 40.7331 25
-73.864 40.6865 25
-73.8997 40.8744 41
-73.8188 40.6263 10
-73.9267 40.6435 45
-73.8571 40.6754 20
-73.9351 40.7731 35
-73.977 40.7402 31
-73.9272 40.8541 48
-73.9054 40.7255 46
-73.8734 40.7646 29
-73.9393 40.8316 42
-73.8088 40.6949 30
-73.8343 40.6739 29
-73.7916 40.7574 2
-73.8213 40.708 45
-73.8885 40.7553 17
-73.8657 40.6446 22
-73.8325 40.7085 35
-73.8642 40.8112 34
-73.962 40.767 6
-73.9495 40.8704 10
-73.9357 40.6217 37
-73.8554 40.7691 48
-73.8261 40.8293 40
-73.8914 40.8361 21
-73.7625 40.6689 19
-73.9696 40.6176 29
-73.8519 40.7094 6
-73.9406 40.8377 50
-73.9424 40.8182 6
-73.845 40.648 47
-73.8186 40.7436 41
-74.0094 40.8828 6
-73.9161 40.8851 36
-73.7896 40.8043 32
-73.9532 40.8444 13
-73.9213 40.8858 32
-73.912 40.8642 22
-73.8388 40.7356 46
-73.8777 40.8453 13
-73.8726 40.8554 39
-73.7941 40.779 41
-74.0205 40.8931 27
-73.912 40.8214 2
-73.7741 40.7406 21
-73.8506 40.626 47
-73.9488 40.6836 21
-73.7853 40.872 0
-73.9008 40.8393 19
-73.784 40.6797 34
-73.7854 40.7393 36
-73.941 40.6625 12
-73.8356 40.7275 32
-73.8488 40.8325 48
-73.8655 40.7942 34
-73.8274 40.6232 26
-73.881 40.767 8
-74.0103 40.6513 4
-73.9849 40.8665 35
-73.9917 40.8873 46
-74.0107 40.838 44
-73.7987 40.8729 27
-73.8079 40.7229 39
-73.9455 40.7327 5
-73.7918 40.7331 10
-73.8576 40.6913 43
-73.8665 40.7199 4
-73.9096 40.8105 7
-73.9982 40.8168 44
-73.8351 40.7073 41
-73.8584 40.8088 29
-73.9813 40.8807 24
-73.776 40.8522 33
-73.7788 40.8009 29
-73.7757 40.8858 3
-73.9375 40.8875 15
-73.9442 40.8441 48
-73.8177 40.7899 27
-73.7966 40.6829 38
-73.8425 40.7499 45
-73.7835 40.6413 31
-73.9645 40.6271 6
-73.8892 40.7241 48
-73.9317 40.8561 50
-74.0194 40.6444 20
-73.8614 40.8634 45
-74.0093 40.6145 4
-73.8703 40.6069 2
-73.8977 40.7472 24
-73.947 40.6215 3
-73.9662 40.7925 47
-74.0061 40.6065 40
-73.7708 40.712 8
-73.9225 40.6241 43
-73.8171 40.6172 29
-74 40.7381 42
-73.8982 40.6054 37
-73.8544 40.8633 42
-73.8548 40.7809 40
-73.8836 40.8337 27
-73.8235 40.6922 4
-73.8038 40.8787 9
-73.9188 40.655 1
-73.7701 40.842 26
-73.8071 40.7487 50
-73.8233 40.8104 44
-74.0065 40.8073 11
-73.844 40.7882 19
-73.896 40.7032 11
-73.9261 40.7592 20
-73.8847 40.8222 17
-73.8913 40.6676 13
-73.9301 40.7171 3
-73.7557 40.7839 29
-73.8507 40.6452 33
-74.011 40.8531 8
-74.0022 40.8195 40
-73.8212 40.6265 1
-73.8056 40.8747 22
-73.912 40.6212 9
-73.9147 40.6381 24
-73.9228 40.6293 33
-73.886 40.6301 10
-73.792 40.8719 39
-73.8307 40.8053 49
-73.8182 40.6722 40
-73.9933 40.7627 30
-73.9124 40.7322 43
-73.9766 40.6555 44
-73.7668 40.8247 1
-73.8964 40.8209 31
-73.9908 40.8471 16
-74.0096 40.7264 47
-74.0161 40.7986 20
-73.9007 40.7573 16
-73.9707 40.8594 11
-73.8062 40.76 4
-73.8214 40.6364 18
-73.8103 40.8007 30
-73.757 40.7174 47
-73.9334 40.6371 19
-73.8616 40.6273 47
-73.8106 40.7012 29
-74.0018 40.7553 20
-73.9898 40.6499 4
-73.8414 40.7454 32
-73.8676 40.8876 27
-73.9117 40.6108 8
-73.8414 40.7259 36
-73.9876 40.6861 7
-73.8175 40.7487 24
-73.7737 40.6159 19
-73.8018 40.8323 22
-73.7865 40.6581 22
-73.829 40.7741 28
-73.847 40.6462 33
-73.8361 40.8396 11
-73.7813 40.8572 17
-73.7866 40.7388 21
-73.7786 40.842 44
-73.7791 40.7139 10
-73.7835 40.784 35
-73.7622 40.721 19
-73.8881 40.8905 21
-73.779 40.714 18
-73.8468 40.8791 3
-73.9928 40.8657 8
-73.9778 40.8371 15
-74.0028 40.7121 1
-73.8393 40.7344 22
-73.957 40.8756 32
-74.0209 40.7884 10
-73.9678 40.8234 28
-73.9876 40.7166 23
-73.9016 40.715 45
-73.9284 40.8176 12
-73.8442 40.7695 30
-74.0013 40.6344 44
-73.9755 40.622 50
-73.8103 40.8408 8
-73.9337 40.7861 0
-73.8164 40.8897 12
-73.8808 40.7367 11
-73.9765 40.7403 33
-73.937 40.7731 35
-73.8134 40.7009 47
-73.8643 40.893 16
-73.9829 40.7436 21
-73.7925 40.6927 12
-74.0033 40.7078 24
-73.9921 40.8562 33
-73.8526 40.6938 29
-73.8391 40.603 6
-73.7719 40.8804 25
-73.797 40.8438 19
-73.8819 40.7645 44
-73.7622 40.6386 10
-73.7841 40.8669 0
-73.7672 40.6471 45
-73.9256 40.7207 26
-73.8651 40.6239 40
-74.0073 40.6838 38
-73.9598 40.8351 17
-73.8677 40.8512 24
-73.9084 40.721 9
-73.9198 40.6348 15
-73.7871 40.7236 4
-73.798 40.7986 30
-73.8803 40.8187 26
-73.8975 40.6477 48
-73.7764 40.8257 2
-73.9187 40.8676 32
-74.0213 40.7443 8
-73.8262 40.6715 20
-73.9486 40.8147 44
-73.9583 40.7048 31
-73.9215 40.7827 23
-73.7815 40.8197 7
-73.917 40.8631 46
-73.9732 40.7559 15
-73.9546 40.8291 31
-73.9845 40.8254 38
-73.7904 40.7854 37
-73.9936 40.6959 17
-74.0007 40.6209 22
-73.923 40.7975 35
-73.9175 40.7967 17
-73.958 40.7717 31
-73.7593 40.6264 4
-73.8534 40.8541 0
-73.8063 40.8114 39
-74.0174 40.8769 9
-73.9658 40.8464 34
-73.84 40.6607 21
-73.9903 40.8914 3
-73.9929 40.8356 1
-73.8202 40.7032 49
-73.9419 40.85 5
-73.9396 40.8542 24
-73.824 40.6134 34
-73.9994 40.6535 5
-73.9643 40.7743 32
-73.9083 40.8259 20
-73.9055 40.6992 14
-73.9524 40.8728 13
-73.8707 40.7949 44
-73.7776 40.7675 1
-73.9569 40.7602 39
-73.9489 40.8169 27
-73.8321 40.7192 42
-74.0086 40.8775 4
-73.9456 40.8456 31
-73.8675 40.7837 47
-73.9778 40.8612 17
-73.7788 40.6049 47
-73.8118 40.6933 38
-73.9992 40.6383 2
-73.9384 40.7222 18
-73.9926 40.8561 29
-73.8783 40.7577 16
-73.9309 40.6565 12
-74.0038 40.8734 50
-73.7677 40.8243 19
-73.9891 40.6163 14
-73.923 40.7247 4
-73.972 40.6521 16
-73.9569 40.7737 37
-73.9186 40.871 11
-73.9215 40.7836 8
-73.7998 40.7174 14
-73.8404 40.8472 50
-73.8784 40.6811 29
-73.9934 40.7015 8
-73.93 40.8908 3
-74.003 40.8743 16
-73.9104 40.7053 20
-73.7547 40.6539 45
-73.933 40.608 11
-73.885 40.6436 45
-73.8806 40.6519 35
-73.8997 40.6126 10
-73.8488 40.7561 32
-73.8477 40.7148 43
-73.9447 40.8921 47
-73.7938 40.7098 40
-74.017 40.8451 3
-73.9628 40.6117 19
-73.9828 40.7915 16
-73.9131 40.6446 27
-73.9241 40.8571 16
-73.8022 40.7014 38
-73.8952 40.6571 21
-73.7962 40.7479 27
-73.9149 40.864 43
-73.7821 40.7992 47
-74.0093 40.6592 1
-73.9963 40.744 47
-73.9191 40.8872 4
-73.7914 40.6726 39
-73.7702 40.8772 14
-73.7597 40.8941 0
-73.9236 40.6747 37
-73.994 40.8944 39
-73.9931 40.6869 46
-73.9957 40.8519 45
-73.8154 40.7398 9
-73.9426 40.6724 1
-73.8731 40.772 11
-73.7665 40.7579 25
-74.0038 40.7827 11
-73.9085 40.7579 5
-73.7756 40.6824 2
-73.8366 40.6395 27
-73.8946 40.7472 43
-73.9886 40.6867 9
-73.9346 40.8148 41
-73.9927 40.6767 44
-73.8569 40.6383 16
-73.9972 40.8579 32
-73.8503 40.8417 13
-73.8397 40.7676 20
-73.8129 40.6583 9
-73.9744 40.7037 31
-73.7677 40.8779 43
-73.7763 40.795 0
-73.8266 40.7448 6
-73.9706 40.8644 0
-73.7927 40.8169 25
-73.7586 40.8944 10
-73.7563 40.7538 24
-73.9032 40.6325 49
-73.9952 40.8792 8
-73.8281 40.8941 7
-73.9207 40.8139 39
-73.8456 40.6678 0
-73.9383 40.7041 12
-73.8576 40.6062 39
-73.9421 40.8865 4
-73.9082 40.6756 9
-73.7701 40.6484 30
-74.0083 40.8531 40
-74.0206 40.8421 19
-73.9959 40.641 10
-73.8329 40.8146 39
-73.8671 40.8121 26
-73.8289 40.869 24
-73.7776 40.709 50
-73.8782 40.8676 31
-73.7688 40.6966 39
-73.9743 40.8672 39
-73.8576 40.7654 21
-73.8085 40.6119 50
-73.8752 40.8311 27
-73.7715 40.615 46
-73.9229 40.6862 16
-73.8929 40.8645 48
-73.833 40.7808 35
-73.9604 40.6409 1
-73.8255 40.8742 18
-73.9496 40.7435 32
-73.9348 40.6148 7
-73.7658 40.6801 16
-73.8056 40.6271 5
-74.0069 40.6793 28
-73.7967 40.7442 40
-74.0072 40.8132 3
-73.8069 40.6745 43
-73.808 40.7865 26
-73.9226 40.7682 37
-73.8262 40.6758 14
-73.9329 40.7706 39
-73.7669 40.6493 35
-73.8495 40.7176 43
-73.8982 40.659 42
-73.9897 40.7499 14
-73.9463 40.7514 48
-74.0135 40.6624 32
-73.9843 40.737 33
-73.8108 40.6829 46
-73.9527 40.8873 0
-73.9946 40.8379 8
-74.0066 40.8799 7
-74.0024 40.7263 22
-73.963 40.6681 46
-73.8098 40.7362 30
-73.9975 40.8945 13
-73.9335 40.7683 27
-73.9508 40.8618 0
-73.9416 40.8456 16
-73.7789 40.6871 17
-73.914 40.6393 30
-73.9393 40.6377 44
-73.7865 40.6242 18
-73.8369 40.6237 2
-73.8511 40.6963 32
-74.0179 40.6863 8
-73.8139 40.6143 22
-73.9128 40.6451 8
-73.7653 40.6857 20
-73.9865 40.6836 5
-73.8625 40.6991 17
-73.9807 40.8433 8
-73.9354 40.7109 43
-73.7984 40.8371 35
-73.8498 40.6746 29
-73.9571 40.6019 11
-74.0067 40.6821 40
-73.9796 40.879 8
-73.7941 40.7484 3
-74.0091 40.6442 11
-73.8985 40.8526 43
-73.9407 40.8678 27
-73.8328 40.8759 43
-73.8564 40.8682 9
-73.7596 40.6544 45
-73.8067 40.8433 29
-74.0003 40.7733 41
-73.9802 40.6792 12
-73.776 40.8908 50
-73.9912 40.7194 2
-73.95 40.7947 38
-73.9108 40.8444 1
-73.9009 40.8675 29
-73.8014 40.6173 47
-73.8322 40.6269 39
-73.8163 40.7932 47
-73.7614 40.6926 27
-73.9494 40.6718 21
-73.7907 40.6049 36
-73.7999 40.7545 50
-74.0221 40.7232 13
-73.8305 40.6342 25
-73.7648 40.6223 41
-73.9253 40.6062 10
-73.759 40.8722 18
-74.0202 40.7642 26
-73.8351 40.8648 6
-73.92 40.6464 34
-73.8302 40.7849 31
-73.9009 40.7439 45
-74.0122 40.7838 40
-73.8129 40.8318 26
-74.0032 40.7723 4
-73.8316 40.6658 12
-73.7799 40.7902 28
-73.9757 40.712 7
-73.9753 40.7968 11
-74.0004 40.7896 34
-73.8919 40.6209 46
-73.8089 40.6016 43
-73.8155 40.8256 46
-73.8985 40.7692 50
-73.8518 40.82 23
-73.8957 40.8938 25
-73.8701 40.8031 16
-74.018 40.8081 46
-73.8588 40.6723 16
-73.9798 40.6759 30
-73.9231 40.8629 12
-73.9272 40.6379 11
-73.8455 40.8211 45
-73.9073 40.8855 44
-73.7569 40.8923 2
-73.9769 40.6574 22
-73.8139 40.7004 39
-73.8592 40.8254 20
-73.8335 40.6455 38
-73.9964 40.7017 38
-73.7557 40.7856 37
-73.759 40.7163 7
-73.7757 40.7338 11
-73.9812 40.8744 34
-73.8617 40.7756 23
-73.7549 40.8917 47
-73.8293 40.6953 29
-73.7577 40.7717 14
-73.9785 40.7751 40
-73.855 40.7276 8
-73.7677 40.8151 21
-73.9081 40.8256 42
-73.9644 40.7812 36
-73.8628 40.616 0
-74.0084 40.7206 7
-73.911 40.6453 29
-73.7585 40.8713 17
-73.8862 40.7947 32
-73.8907 40.7452 11
-73.8912 40.7095 31
-73.9053 40.8686 46
-73.7613 40.8779 40
-73.8959 40.7616 2
-73.9246 40.8935 12
-73.9894 40.6257 5
-73.8711 40.7788 14
-73.9558 40.8427 15
-73.8841 40.6316 27
-73.9825 40.7466 29
-73.8713 40.7779 29
-73.8239 40.8062 39
-73.9213 40.6647 44
-73.961 40.8577 11
-73.9527 40.8238 10
-73.9554 40.6491 19
-73.95 40.7606 37
-73.9253 40.6029 20
-73.8337 40.6517 19
-73.7792 40.7451 45
-73.972 40.763 31
-73.9656 40.6669 22
-73.8109 40.7064 16
-73.8057 40.8216 48
-73.9052 40.7245 24
-73.8609 40.6035 3
-73.866 40.6926 32
-73.961 40.8415 1
-73.8677 40.7468 24
-73.9484 40.651 28
-73.8408 40.7005 35
-73.9126 40.6587 18
-73.8828 40.6055 14
-74.0052 40.8749 25
-73.972 40.609 15
-73.8025 40.8229 11
-73.7942 40.6731 34
-73.809 40.8468 0
-73.9626 40.8651 2
-73.7537 40.8313 14
-73.8619 40.8475 47
-73.8545 40.8485 50
-73.7636 40.7945 30
-73.9761 40.7989 4
-73.8183 40.8062 8
-73.7995 40.6554 0
-73.7775 40.6195 25
-73.998 40.7582 23
-73.9545 40.7488 41
-73.8726 40.7616 16
-73.8449 40.6489 48
-73.8902 40.7244 11
-73.9233 40.6576 16
-73.9416 40.805 14
-74.0044 40.6422 0
-73.9929 40.6493 26
-73.9779 40.6871 46
-73.803 40.6525 10
-73.7983 40.7449 14
-73.8572 40.8441 9
-73.9376 40.7804 42
-73.9104 40.7813 43
-73.9846 40.669 49
-73.9743 40.6278 45
-73.9399 40.8261 3
-73.992 40.6995 25
-73.7619 40.6768 49
-73.856 40.6292 7
-73.843 40.8697 19
-73.8949 40.7905 47
-73.8338 40.726 6
-73.9284 40.726 35
-73.814 40.798 10
-73.7645 40.7557 43
-73.8526 40.7746 8
-73.8992 40.8066 25
-73.777 40.7682 0
-73.7899 40.6296 18
-73.7779 40.6987 11
-73.9873 40.6501 6
-74.0159 40.609 17
-73.8317 40.7084 47
-73.89 40.7684 33
-73.9447 40.7502 11
-73.9841 40.7198 22
-73.9284 40.6738 10
-73.8702 40.8639 50
-73.9639 40.8016 46
-73.9123 40.6677 22
-73.9532 40.8523 15
-74.0161 40.6787 38
-73.8068 40.7376 11
-73.7551 40.8216 18
-73.833 40.7615 39
-73.8756 40.8223 9
-74.0021 40.6401 19
-73.7625 40.7363 25
-73.7848 40.7883 29
-74.0189 40.7912 44
-73.7879 40.6711 29
-73.9582 40.6292 18
-73.8074 40.7899 10
-73.9268 40.7194 48
-73.8847 40.7434 18
-74.0011 40.6123 42
-73.8192 40.6934 33
-73.9526 40.7971 19
-73.8342 40.6612 25
-73.9651 40.7338 7
-73.9466 40.7662 37
-73.7719 40.8843 21
-73.8763 40.7109 2
-74.0188 40.7718 24
-74.0189 40.6891 33
-73.9685 40.8773 19
-73.7976 40.6217 33
-73.8577 40.7926 0
-73.9531 40.675 15
-74.0115 40.612 43
-73.8901 40.6552 43
-73.9341 40.643 19
-73.8867 40.7035 24
-73.9601 40.7507 47
-74.0231 40.6637 20
-73.9066 40.7554 4
-73.7988 40.7916 12
-73.813 40.777 39
-73.8648 40.621 17
-73.9453 40.7278 28
-73.9887 40.8189 24
-73.8494 40.8832 8
-73.9224 40.664 9
-73.9741 40.7658 18
-73.875 40.7834 16
-73.9239 40.7299 45
-73.8287 40.7788 32
-73.9639 40.8348 45
-73.9845 40.8945 41
-73.7837 40.7851 9
-73.757 40.7617 31
-73.7996 40.7628 20
-73.7965 40.8755 4
-73.9492 40.6482 47
-73.8379 40.6827 8
-73.9197 40.6186 28
-73.8074 40.8756 9
-73.8488 40.6049 1
-73.9067 40.8541 4
-73.8734 40.8552 10
-73.8121 40.7592 17
-73.8382 40.8479 39
-73.9292 40.6076 43
-73.8017 40.8128 24
-73.8221 40.6814 39
-74.0207 40.7384 8
-73.8371 40.6985 33
-73.7761 40.874 5
-73.9257 40.8735 33
-73.967 40.8855 31
-73.9854 40.6447 38
-74.0081 40.7329 17
-73.9441 40.605 6
-73.9836 40.7073 11
-73.8124 40.6333 31
-73.7977 40.8809 5
-73.763 40.7519 49
-73.799 40.7788 32
-73.9649 40.7767 47
-73.97 40.763 5
-73.8352 40.6608 25
-74.009 40.7935 22
-74.0118 40.7939 42
-73.9707 40.7678 34
-73.9454 40.7167 34
-73.8532 40.8066 25
-73.8536 40.729 19
-73.7957 40.7634 26
-73.941 40.862 37
-73.848 40.6557 49
-73.9523 40.6432 2
-73.8304 40.6886 36
-73.8883 40.6648 6
-73.759 40.6752 22
-73.8858 40.7705 49
-73.8067 40.8775 3
-73.823 40.6812 44
-73.8059 40.6635 45
-73.7647 40.8613 35
-73.767 40.7971 35
-73.9345 40.8344 2
-73.9259 40.6672 27
-73.9416 40.8794 6
-73.9157 40.6683 13
-73.9425 40.6609 39
-73.965 40.8919 19
-73.8711 40.8008 35
-73.9033 40.6686 4
-73.9237 40.6727 50
-73.7935 40.6061 32
-73.9845 40.7304 44
-73.9523 40.6899 14
-73.8883 40.7499 48
-73.8286 40.7537 8
-73.897 40.7627 28
-74.0083 40.8083 28
-73.9848 40.7849 46
-73.9067 40.6031 50
-73.7856 40.8545 34
-73.7678 40.6995 2
-74.0075 40.6223 5
-74.0162 40.7939 37
-73.8091 40.7772 3
-74.0042 40.773 9
-73.8318 40.7394 28
-73.8291 40.8117 37
-73.8925 40.6493 0
-73.9809 40.6652 3
-73.995 40.7226 26
-73.9842 40.8572 27
-73.7733 40.6363 23
-73.7617 40.6503 15
-73.9476 40.6843 44
-73.8356 40.785 36
-73.8411 40.647 13
-73.838 40.6584 42
-73.8329 40.8043 25
-73.8897 40.6852 38
-73.9038 40.8339 37
-73.9338 40.782 31
-73.765 40.6231 19
-73.9933 40.7625 21
-74.0144 40.89 48
-73.9225 40.6149 27
-73.7688 40.8018 40
-73.7897 40.7636 26
-73.9578 40.854 14
-73.7844 40.8537 45
-73.8997 40.7833 9
-73.8701 40.6561 43
-73.9867 40.8343 45
-73.8242 40.7846 29
-73.8464 40.7465 26
-73.892 40.678 18
-73.9093 40.6729 13
-73.9988 40.7648 30
-73.7567 40.7012 36
-73.9568 40.824 14
-73.8089 40.783 10
-73.9477 40.7055 22
-73.7876 40.7129 46
-73.9502 40.697 38
-73.9662 40.7807 21
-73.7542 40.7659 8
-73.7824 40.7693 33
-73.9401 40.818 25
-73.9383 40.8729 0
-73.9008 40.7655 8
-73.9605 40.7857 46
-73.7886 40.8054 30
-73.9345 40.6231 24
-73.9078 40.7629 35
-73.9934 40.7396 10
-73.7609 40.7201 14
-73.8675 40.7247 27
-73.9128 40.8903 44
-73.9282 40.7478 37
-73.7607 40.7341 37
-73.9666 40.6377 17
-73.8179 40.691 49
-73.8347 40.6717 38
-73.8539 40.8674 0
-73.7727 40.8554 33
-73.8579 40.6999 17
-73.8317 40.839 7
-73.7985 40.8352 49
-73.771 40.7583 43
-73.9023 40.8121 10
-73.9589 40.7762 5
-73.8678 40.6613 6
-74.0124 40.8003 17
-73.8002 40.7524 4
-73.8169 40.6484 12
-73.7837 40.7417 9
-73.8471 40.6699 4
-74.0198 40.7193 27
-73.8479 40.8009 5
-74.0217 40.6686 20
-73.7933 40.7177 5
-73.9269 40.7299 49
-74.0099 40.7568 12
-73.915 40.8388 29
-73.7851 40.7356 18
-73.9382 40.6432 42
-73.7965 40.6859 17
-73.762 40.6494 14
-73.7625 40.8588 3
-73.8822 40.7332 47
-73.969 40.7634 30
-74.013 40.7389 32
-73.8702 40.6135 7
-73.8049 40.7746 48
-73.8939 40.8002 12
-73.8789 40.6336 43
-73.8888 40.825 24
-73.9178 40.6867 40
-73.8609 40.8319 2
-73.8064 40.8798 8
-73.9981 40.6797 32
-73.8681 40.8371 40
-73.9087 40.7323 4
-73.8544 40.7101 39
-73.8917 40.642 38
-73.8629 40.6626 9
-73.9533 40.727 20
-73.8434 40.7472 39
-73.7928 40.8014 31
-73.7913 40.6076 43
-73.8519 40.7232 2
-73.9398 40.7874 7
-73.7951 40.7717 39
-73.846 40.8637 18
-73.9368 40.7366 10
-73.9195 40.7064 16
-73.7916 40.7567 49
-73.7569 40.7114 14
-73.792 40.7698 26
-73.8231 40.727 16
-73.8276 40.675 13
-73.9592 40.8069 9
-73.8601 40.8326 48
-73.7696 40.8088 6
-73.7657 40.6326 18
-73.9048 40.6705 39
-73.9508 40.663 40
-73.8545 40.7478 20
-73.8559 40.6152 4
-73.9361 40.8553 32
-73.7794 40.7323 0
-73.878 40.6359 6
-73.8571 40.7938 40
-73.9483 40.7339 29
-73.8065 40.6852 37
-73.9984 40.6374 46
-73.908 40.6374 37
-73.9488 40.7628 3
-73.9689 40.792 13
-73.9248 40.6129 11
-74.0089 40.6761 18
-73.9531 40.7694 20
-73.784 40.749 50
-73.7887 40.7308 38
-73.7733 40.8715 49
-73.9408 40.7085 22
-73.7981 40.8581 11
-73.8007 40.6562 3
-73.8423 40.7865 41
-73.7944 40.8933 40
-74.0046 40.7974 33
-73.8155 40.7892 37
-73.8234 40.7614 11
-74.0231 40.6987 4
-73.9832 40.8861 22
-73.7594 40.7194 49
-74.0167 40.8202 29
-73.9887 40.7926 21
-73.8008 40.8465 46
-73.8345 40.8258 31
-73.867 40.6551 32
-73.8244 40.693 37
-73.8214 40.7064 17
-73.8573 40.629 37
-73.8814 40.6929 47
-73.8876 40.8662 17
-73.9708 40.6465 37
-73.7585 40.7751 37
-73.7609 40.7198 16
-74.0134 40.8316 5
-73.9572 40.7636 46
-73.8196 40.6827 26
-73.8169 40.7491 46
-73.781 40.865 38
-73.956 40.6162 36
-73.8706 40.8244 26
-73.9945 40.8179 34
-73.7785 40.6801 3
-73.8474 40.6632 17
-73.8759 40.7238 9
-73.7662 40.886 46
-73.964 40.7862 33
-73.7773 40.7925 10
-73.9218 40.6537 4
-73.9197 40.8792 7
-73.8253 40.697 39
-74.0202 40.8816 12
-73.923 40.7212 3
-74.0098 40.7692 8
-73.8471 40.8649 13
-73.9746 40.6045 50
-73.8432 40.6733 44
-73.9321 40.8423 17
-73.9771 40.68 25
-73.8361 40.8856 35
-73.8132 40.6184 13
-73.8818 40.6368 43
-73.881 40.6761 23
-73.7768 40.7539 44
-73.9164 40.7466 8
-73.9844 40.6255 39
-73.8486 40.7231 27
-73.8142 40.7799 13
-73.8393 40.8327 42
-73.9144 40.6043 34
-73.876 40.6715 36
-73.9424 40.7099 24
-73.8773 40.7405 27
-74.0018 40.645 18
-73.8641 40.7037 45
-73.8047 40.8266 31
-73.7774 40.6422 21
-73.9545 40.6057 32
-73.8101 40.8133 45
-73.8742 40.6541 42
-73.968 40.71 4
-73.8918 40.7069 25
-73.8304 40.6608 8
-73.8584 40.7876 16
-73.9335 40.6201 35
-73.8877 40.8752 29
-73.971 40.8822 49
-73.8668 40.6214 40
-73.8555 40.6015 9
-73.9329 40.6374 26
-73.8192 40.6426 8
-73.8196 40.8537 50
-74.0046 40.8235 16
-73.8641 40.8461 23
-73.8129 40.8104 0
-73.7934 40.6281 30
-74.0059 40.7673 1
-73.8566 40.8482 6
-73.9734 40.721 26
-73.8479 40.6787 21
-73.8867 40.8852 28
-73.7686 40.629 46
-73.7702 40.8003 43
-74.0111 40.7912 12
-73.9839 40.6977 2
-73.962 40.7813 23
-73.984 40.6907 21
-73.982 40.7508 21
-73.7691 40.8083 38
-73.9554 40.636 2
-73.7884 40.7948 50
-73.888 40.6638 14
-74.0136 40.8844 27
-73.862 40.8617 23
-73.9176 40.6993 19
-73.9225 40.7617 14
-73.9 40.8039 21
-73.8667 40.734 41
-73.778 40.8388 3
-73.8778 40.6834 3
-73.7671 40.8478 0
-73.9508 40.8372 17
-73.9566 40.8631 45
-73.8769 40.8577 15
-73.9311 40.7047 17
-74.0143 40.7695 29
-73.7894 40.8117 14
-73.9238 40.6442 5
-73.7849 40.7634 11
-73.8866 40.7483 34
-73.8743 40.7301 50
-73.8888 40.8292 29
-73.9582 40.7535 13
-73.8133 40.8378 26
-73.8413 40.7589 50
-73.8591 40.7127 2
-73.7986 40.7786 39
-73.8913 40.8708 5
-73.9758 40.7681 1
-73.7974 40.6447 8
-74.0026 40.642 32
-73.9368 40.705 12
-73.935 40.7851 27
-73.9648 40.8135 48
-73.861 40.7051 23
-73.8374 40.7125 45
-73.7935 40.7546 44
-73.7617 40.8599 11
-73.884 40.6444 35
-73.8453 40.8643 18
-73.9616 40.7398 20
-73.9631 40.737 6
-73.8007 40.8368 31
-73.9972 40.7102 45
-73.8765 40.7069 49
-73.7638 40.8703 16
-73.8746 40.7328 21
-73.8404 40.6696 10
-73.758 40.8661 18
-73.9885 40.783 4
-73.8842 40.8306 34
-73.9454 40.8273 35
-74.0038 40.8938 36
-73.8152 40.7875 36
-73.9916 40.8524 23
-73.9883 40.7004 28
-73.8372 40.8115 6
-73.7724 40.7302 15
-73.8777 40.699 45
-73.8071 40.832 49
-73.8252 40.8898 11
-73.9267 40.6598 10
-73.7627 40.8122 2
-73.9726 40.6623 35
-73.9506 40.7785 25
-73.9422 40.6854 44
-73.7937 40.7072 11
-73.784 40.6373 12
-73.8953 40.8331 23
-73.8553 40.6746 19
-73.8527 40.7343 11
-73.7724 40.7543 22
-73.7882 40.6527 6
-74.0099 40.6993 15
-73.8633 40.8421 50
-73.8267 40.671 10
-73.9618 40.6936 30
-73.9479 40.6591 31
-73.9911 40.7333 29
-73.8854 40.783 10
-74.022 40.7401 1
-73.9112 40.6612 39
-73.8036 40.7148 3
-73.9596 40.6571 11
-73.7809 40.6312 37
-73.7876 40.8908 3
-73.9334 40.6973 42
-73.9556 40.6034 50
-73.8847 40.8682 14
-73.7777 40.7199 25
-73.9141 40.6544 19
-73.9119 40.602 20
-73.9658 40.612 30
-73.7608 40.856 45
-73.7953 40.8152 22
-73.8211 40.8905 12
-73.8661 40.6988 22
-73.9866 40.6579 3
-73.9448 40.8703 12
-73.8811 40.7109 33
-73.9428 40.817 16
-73.9174 40.7012 0
-73.8929 40.6719 23
-73.7852 40.6502 29
-73.9148 40.7201 0
-73.8057 40.6957 21
-73.923 40.679 48
-73.8246 40.8719 2
-73.8305 40.6972 36
-73.8057 40.6231 7
-73.8284 40.6504 31
-73.937 40.8615 27
-73.9647 40.8885 11
-73.9917 40.6226 38
-73.9881 40.6504 13
-73.9728 40.8893 0
-73.817 40.8319 7
-73.8354 40.6262 2
-73.7781 40.6059 49
-73.9522 40.6869 15
-73.76 40.6958 3
-73.93 40.7243 46
-73.9878 40.7259 40
-73.8339 40.7418 19
-73.9776 40.8285 22
-73.9639 40.7079 3
-74.0158 40.7792 25
-73.9501 40.6692 45
-73.8928 40.744 29
-73.8617 40.7929 38
-73.9074 40.7223 25
-73.8734 40.6072 30
-73.8409 40.755 26
-73.85 40.8768 33
-74.0052 40.6455 28
-73.8466 40.8859 25
-73.7966 40.7415 19
-73.9386 40.6906 45
-73.8529 40.714 45
-74.0168 40.6869 37
-73.8455 40.7912 6
-73.9522 40.6987 32
-73.941 40.6225 34
-74.0201 40.7124 32
-73.7669 40.8368 9
-73.7712 40.8191 24
-74.015 40.7945 39
-73.9052 40.7371 15
-74.0163 40.7729 16
-73.781 40.7509 2
-73.756 40.6257 35
-73.9504 40.6242 44
-73.8144 40.756 38
-73.901 40.7265 37
-73.9471 40.7879 13
-73.8359 40.6684 38
-73.8886 40.7173 20
-73.7871 40.6428 22
-73.8824 40.6679 34
-73.8065 40.6051 36
-73.87 40.7092 46
-73.9107 40.7074 20
-73.7662 40.8207 34
-73.9943 40.6669 34
-73.8419 40.796 15
-73.8811 40.6498 47
-73.8232 40.6447 42
-73.9312 40.8442 31
-73.757 40.667 43
-73.9098 40.8838 41
-73.7694 40.8922 28
-73.8246 40.6762 32
-73.8604 40.6595 20
-73.7991 40.719 32
-73.837 40.8231 26
-73.9646 40.6146 13
-74.0043 40.7588 22
-73.7557 40.8735 38
-74.0029 40.6219 40
-73.9285 40.8643 27
-73.92 40.6935 2
-73.7796 40.7797 43
-73.9668 40.8451 24
-73.8132 40.6131 6
-73.935 40.842 22
-73.9217 40.7055 11
-73.8081 40.8786 6
-73.9576 40.8164 49
-73.9738 40.7412 43
-73.818 40.6264 35
-73.998 40.8696 48
-73.9086 40.8308 4
-73.9595 40.8772 50
-73.79 40.6326 28
-73.9365 40.8089 44
-73.9688 40.7759 29
-73.7662 40.6144 33
-73.8521 40.6637 35
-73.8564 40.8831 2
-73.9638 40.7003 28
-74.0072 40.7623 16
-73.8226 40.8255 18
-73.8336 40.6711 12
-73.834 40.8335 21
-73.9122 40.7933 34
-73.8124 40.8463 39
-73.96 40.6769 1
-73.9884 40.7277 35
-73.9855 40.7355 28
-73.7824 40.6462 47
-73.8728 40.6636 46
-73.8459 40.8545 43
-73.8141 40.8639 12
-73.9656 40.6182 49
-73.8787 40.8253 22
-73.8606 40.6227 40
-73.9105 40.7007 34
-73.7852 40.8354 22
-73.9519 40.6841 48
-73.9188 40.6853 27
-73.9052 40.7502 36
-74.0204 40.8883 40
-73.8331 40.7926 14
-73.8843 40.7975 6
-73.8366 40.6921 4
-74.009 40.837 37
-73.8538 40.7172 30
-73.7642 40.8092 5
-73.7845 40.7794 42
-73.8198 40.707 12
-74.0002 40.7787 18
-73.8416 40.7687 6
-73.8412 40.6956 6
-73.7675 40.8825 16
-73.9129 40.6498 26
-73.7863 40.8403 25
-73.8321 40.7087 28
-73.8988 40.8393 49
-73.8648 40.6955 9
-74.0061 40.7017 1
-73.9547 40.628 45
-73.9413 40.8346 37
-73.8325 40.808 34
-73.894 40.6527 22
-74.0063 40.7746 17
-73.8226 40.6603 22
-73.8614 40.7471 24
-73.9268 40.89 19
-73.9481 40.8092 25
-73.8973 40.8723 30
-73.7846 40.8757 38
-73.8848 40.7262 23
-73.8285 40.7941 1
-73.7797 40.7456 2
-73.9535 40.7654 25
-73.8831 40.659 2
-73.8435 40.7377 48
-73.8798 40.651 50
-73.7914 40.6413 36
-73.8483 40.8951 1
-73.8595 40.7855 17
-73.9299 40.7366 13
-74.0027 40.7756 33
-73.8656 40.6094 16
-73.7915 40.875 16
-73.8051 40.829 14
-73.9137 40.6639 15
-73.8119 40.6762 36
-73.8962 40.752 4
-73.7855 40.6332 33
-73.9737 40.6855 15
-73.9297 40.6355 30
-73.9798 40.6851 37
-73.8547 40.7377 47
-73.7995 40.6765 36
-73.8898 40.6631 43
-73.859 40.6816 9
-73.8053 40.7423 33
-73.9443 40.8112 0
-73.8107 40.7722 2
-73.9444 40.7521 1
-74.0178 40.7251 50
-73.7747 40.6649 8
-74.0079 40.7966 5
-73.9457 40.6566 47
-73.9501 40.8128 35
-73.9749 40.8863 40
-73.9388 40.7841 1
-73.8905 40.6089 1
-73.8548 40.8906 35
-73.7835 40.7577 10
-74.003 40.6764 43
-73.8112 40.6913 45
-73.8404 40.6604 3
-73.7771 40.8212 24
-73.8312 40.6039 14
-73.8384 40.8779 1
-73.9322 40.6611 6
-73.9763 40.838 25
-73.7701 40.771 50
-73.9768 40.6958 49
-73.8571 40.7309 13
-73.8379 40.813 17
-73.7756 40.7581 23
-73.9473 40.8149 5
-73.8342 40.8751 1
-74.0218 40.7565 17
-73.8672 40.8735 45
-73.8496 40.6289 6
-73.9996 40.8532 2
-73.8362 40.873 27
-74.0013 40.6964 15
-73.7772 40.7796 27
-73.8437 40.8589 43
-73.8859 40.7198 30
-74.0065 40.7396 26
-73.9701 40.8854 47
-73.7776 40.7311 46
-73.7562 40.7416 3
-74.02 40.6681 5
-73.8724 40.7527 23
-73.9962 40.7529 50
-73.7716 40.6598 9
-73.9393 40.8917 45
-73.85 40.6717 40
-73.9495 40.7521 46
-73.999 40.8275 4
-73.7713 40.6037 41
-73.8405 40.7407 9
-73.8436 40.6278 40
-74.006 40.8383 27
-73.7896 40.6226 3
-73.7927 40.7322 25
-73.8243 40.7465 31
-73.9111 40.6182 35
-73.8801 40.7215 15
-74.0215 40.8552 0
-73.9584 40.7767 24
-73.9834 40.8848 29
-73.8669 40.6352 9
-73.8441 40.6976 45
-73.9517 40.7259 15
-73.8655 40.8466 11
-73.8711 40.8394 18
-73.9208 40.6763 11
-73.7717 40.882 50
-73.7794 40.8838 9
-73.8823 40.8657 39
-73.9878 40.7646 5
-73.8175 40.8123 6
-73.9674 40.8897 35
-73.7603 40.6856 10
-73.7984 40.8749 0
-73.7669 40.6391 34
-73.8485 40.7176 38
-73.917 40.6391 25
-73.8984 40.7284 30
-73.8526 40.6178 46
-73.7681 40.7261 25
-73.7559 40.8295 32
-73.764 40.7071 45
-73.8833 40.8557 38
-73.7817 40.6093 45
-73.8298 40.7843 29
-73.9984 40.8521 6
-73.9618 40.846 35
-73.84 40.6386 6
-73.7899 40.724 37
-73.7826 40.7752 15
-73.8144 40.6292 12
-73.8289 40.7538 8
-73.8579 40.641 19
-73.9091 40.8116 31
-73.9758 40.7755 17
-73.9091 40.7247 36
-73.7995 40.6236 28
-73.7934 40.8022 30
-73.8347 40.7275 19
-74.0039 40.6615 1
-73.8222 40.6459 6
-73.7857 40.6501 8
-73.8028 40.6316 10
-73.9233 40.785 35
-73.823 40.8396 23
-74.0147 40.7752 41
-74.0187 40.6222 27
-73.978 40.6911 18
-73.9343 40.6454 46
-73.8312 40.8492 41
-73.9269 40.8827 9
-73.9628 40.8921 35
-73.8383 40.8907 21
-73.781 40.8337 12
-73.9497 40.8791 33
-73.8883 40.753 18
-73.9915 40.8607 15
-73.8851 40.8287 27
-73.8899 40.7979 37
-73.782 40.7805 33
-73.964 40.708 38
-73.8339 40.6256 25
-73.7761 40.6877 10
-73.9685 40.7001 4
-73.8314 40.8195 27
-74.0212 40.8823 30
-73.9367 40.6359 7
-73.9732 40.7989 4
-73.8397 40.8318 3
-73.9407 40.8326 40
-73.8756 40.6817 20
-73.9177 40.6662 15
-73.9378 40.6235 49
-73.794 40.7863 17
-73.9593 40.6476 47
-73.9376 40.7223 49
-73.8301 40.8028 30
-73.8597 40.8345 20
-73.9484 40.7287 25
-73.9458 40.6912 11
-73.9931 40.8044 29
-73.9819 40.6026 35
-73.7911 40.7124 24
-73.9302 40.7347 20
-73.8708 40.8079 5
-74.0201 40.6273 23
-73.9329 40.8211 4
-73.9017 40.6788 8
-73.8935 40.8578 43
-73.8978 40.888 44
-73.9665 40.7286 9
-73.7866 40.669 3
-73.9413 40.7276 28
-74.0051 40.6254 12
-73.9132 40.8674 21
-73.909 40.6515 0
-73.8228 40.8156 27
-73.8436 40.867 25
-73.9305 40.7384 37
-73.9056 40.6667 43
-73.9442 40.8329 31
-73.9339 40.6409 43
-73.8645 40.6831 13
-73.7953 40.8267 30
-73.8421 40.7938 31
-73.8393 40.7503 42
-73.8813 40.7887 15
-73.7626 40.8533 1
-73.9548 40.8351 44
-73.9607 40.7541 31
-73.8236 40.7925 6
-73.8176 40.6171 39
-73.8984 40.7136 3
-73.8182 40.8579 7
-73.966 40.6411 23
-73.91 40.8347 8
-73.8205 40.8612 31
-73.9704 40.6247 4
-73.8815 40.7499 6
-73.9251 40.6321 40
-73.955 40.7311 18
-73.8091 40.8608 41
-73.8438 40.8766 46
-73.9098 40.7338 24
-73.7942 40.6273 27
-73.8446 40.8879 22
-73.8506 40.655 19
-73.8554 40.6426 12
-73.7661 40.6838 17
-73.7745 40.7092 6
-73.9182 40.867 6
-73.9636 40.6272 1
-73.9951 40.709 13
-73.803 40.7539 19
-74.0162 40.7013 5
-73.8364 40.685 19
-73.799 40.7179 14
-73.7695 40.8273 31
-73.7593 40.8041 27
-74.003 40.7952 38
-73.9838 40.8339 33
-73.9235 40.7369 16
-74.0172 40.819 43
-73.9344 40.6354 12
-73.7818 40.8629 39
-73.7679 40.8813 26
-73.9853 40.7029 30
-73.8606 40.7686 7
-73.8776 40.7702 0
-73.8975 40.6743 14
-73.8808 40.8811 49
-73.9759 40.8305 36
-73.8579 40.6142 14
-73.8598 40.6676 0
-73.7994 40.6955 47
-73.8447 40.7519 40
-73.8011 40.7808 4
-73.9933 40.7698 43
-73.8326 40.7708 35
-74.0028 40.719 31
-73.8772 40.6637 4
-73.8637 40.7841 42
-73.9408 40.8183 18
-73.8776 40.7542 21
-73.8799 40.6418 48
-73.7557 40.7617 22
-73.8286 40.7503 35
-73.9298 40.7225 30
-73.8418 40.7521 35
-74.0086 40.647 23
-73.8898 40.8491 5
-73.7671 40.7569 50
-73.9285 40.6877 4
-73.8125 40.8293 38
-73.8795 40.702 35
-73.7814 40.7386 46
-73.9238 40.6441 2
-73.8473 40.711 13
-73.9559 40.8179 9
-73.8716 40.8831 8
-73.9511 40.6107 18
-73.994 40.6835 9
-73.7762 40.6562 5
-73.873 40.8333 16
-73.9984 40.8494 31
-73.865 40.8215 12
-73.8933 40.8606 39
-73.8495 40.6991 1
-73.8335 40.8359 8
-73.7934 40.7782 13
-73.9398 40.7445 21
-73.8883 40.6791 27
-73.9055 40.6451 19
-73.9468 40.7081 39
-73.7591 40.7329 23
-73.9214 40.6724 46
-73.8431 40.6396 9
-73.8 40.6476 15
-73.9867 40.8886 29
-73.9543 40.7159 15
-73.9766 40.6329 18
-73.882 40.7445 10
-73.8309 40.7861 29
-74.0152 40.7375 25
-73.9896 40.8433 6
-73.7634 40.7481 46
-73.9912 40.7361 48
-73.8609 40.8181 7
-73.7923 40.8329 27
-73.8516 40.833 29
-73.7708 40.8706 44
-73.8629 40.6776 50
-74.0099 40.6405 44
-73.7597 40.8287 14
-73.8929 40.6217 18
-73.9311 40.8167 24
-73.9484 40.7989 33
-73.8908 40.6559 12
-73.9021 40.8205 48
-73.934 40.8546 45
-74.0071 40.7889 19
-73.9111 40.8017 31
-73.855 40.6451 2
-73.8906 40.8243 36
-73.8096 40.6465 42
-73.8377 40.7932 25
-73.7807 40.6773 5
-73.8124 40.6229 37
-73.8532 40.7814 50
-73.957 40.7892 39
-73.8271 40.8018 32
-73.8171 40.6935 4
-73.8278 40.7496 31
-73.8793 40.8676 42
-73.7841 40.7057 22
-73.7557 40.8461 33
-73.8439 40.8644 19
-73.9863 40.7058 12
-73.903 40.83 22
-73.9158 40.8349 47
-73.9786 40.7113 40
-73.7915 40.8642 33
-73.8647 40.7392 32
-74.0031 40.7736 13
-73.7799 40.777 9
-73.7951 40.6841 46
-73.8373 40.6228 22
-73.9925 40.8396 10
-73.846 40.6683 25
-73.8545 40.7714 37
-73.8951 40.6797 1
-73.8562 40.7468 50
-73.7566 40.6653 26
-73.8463 40.8249 26
-73.8376 40.692 28
-73.9869 40.7856 17
-73.8333 40.8937 35
-73.9939 40.8244 15
-73.9344 40.8009 29
-73.7591 40.6416 41
-73.8586 40.7373 41
-73.8865 40.7676 8
-73.885 40.8375 30
-73.8004 40.7589 50
-73.8758 40.8343 42
-73.9541 40.7032 12
-73.7818 40.8572 3
-73.9765 40.8158 20
-73.9809 40.6937 13
-73.9027 40.6519 28
-73.9482 40.789 34
-73.7628 40.6063 29
-73.9618 40.6767 39
-73.8865 40.778 12
-73.8149 40.8717 36
-73.7819 40.7209 3
-73.7913 40.6129 3
-74.0195 40.7576 6
-73.8454 40.8001 2
-73.8148 40.7774 42
-73.79 40.6074 22
-73.7997 40.753 37
-74.0045 40.7275 48
-74.0144 40.7935 13
-73.9125 40.8012 31
-73.8215 40.6692 40
-73.8934 40.6838 41
-73.8807 40.6433 2
-73.9892 40.6314 24
-73.8534 40.7856 12
-73.9248 40.6068 29
-73.7551 40.8696 19
-73.8683 40.7705 49
-74.0193 40.8063 41
-73.8451 40.7412 16
-73.7973 40.8745 2
-73.9659 40.7153 13
-73.7612 40.8208 15
-73.8768 40.7 8
-73.9112 40.6705 38
-73.7772 40.7352 9
-73.957 40.6253 11
-73.9783 40.6501 19
-73.9165 40.7884 37
-73.8368 40.7419 0
-73.8059 40.6627 26
-73.8261 40.6334 50
-73.872 40.6484 20
-73.9117 40.8351 37
-73.9095 40.7925 28
-73.79 40.7657 29
-73.9958 40.6075 10
-73.8837 40.6632 0
-73.8882 40.867 14
-73.9867 40.6862 42
-73.8794 40.7843 16
-73.8162 40.894 20
-73.9092 40.6373 7
-73.8681 40.7015 34
-73.7714 40.6571 15
-73.9222 40.7747 22
-73.8148 40.7285 14
-73.9358 40.6849 44
-73.8145 40.6361 19
-73.994 40.7398 44
-74.0063 40.752 0
-73.9094 40.6217 46
-73.9558 40.8942 6
-73.8464 40.8869 16
-73.7983 40.7138 1
-73.9473 40.6893 2
-74.0097 40.6918 39
-73.9992 40.604 13
-73.9001 40.7957 18
-73.868 40.7622 10
-73.9506 40.8097 0
-73.7989 40.7688 36
-73.7596 40.687 11
-73.9517 40.8479 25
-73.9466 40.6889 50
-73.9979 40.8709 36
-73.8819 40.809 26
-73.8013 40.8276 43
-73.9596 40.794 22
-74.0159 40.7699 7
-73.767 40.709 18
-73.9598 40.8652 24
-73.9129 40.7516 35
-73.923 40.7787 14
-73.7682 40.8926 21
-74.0191 40.6505 41
-73.9731 40.7538 46
-73.9808 40.8112 39
-73.7722 40.7561 14
-73.8554 40.8257 7
-73.8543 40.7592 23
-73.8412 40.7933 1
-73.9638 40.794 9
-73.9676 40.8863 23
-73.9351 40.8557 10
-74.0148 40.6209 45
-73.9231 40.883 8
-73.8176 40.8748 33
-73.9672 40.695 17
-73.8893 40.7091 36
-74.0063 40.6747 4
-73.8977 40.7102 3
-73.9162 40.6754 10
-73.7727 40.7327 2
-73.7537 40.8546 29
-73.8262 40.7793 39
-73.8726 40.8653 36
-73.8508 40.8262 29
-74.0154 40.8951 37
-73.7608 40.7997 35
-73.9218 40.7079 38
-73.9729 40.8541 13
-73.9091 40.8079 46
-73.912 40.8589 24
-73.9578 40.6857 38
-74.0011 40.7059 17
-73.9677 40.776 41
-73.965 40.6303 40
-73.7903 40.7228 31
-74.018 40.6055 20
-73.7908 40.6815 36
-73.9477 40.8578 35
-73.7861 40.8834 47
-73.9168 40.6711 41
-74.0197 40.8837 35
-73.7718 40.8029 21
-73.8528 40.7183 22
-73.7815 40.6547 10
-73.8024 40.6814 37
-73.8669 40.8041 24
-73.8685 40.8065 39
-73.898 40.6602 26
-73.9349 40.8217 49
-73.7799 40.6929 49
-73.7814 40.8898 42
-74.0207 40.6037 50
-73.7622 40.7644 25
-73.8657 40.8366 11
-73.9129 40.8429 24
-73.9721 40.8526 6
-73.909 40.8396 26
-73.9257 40.6121 41
-73.9572 40.733 28
-73.7573 40.8062 45
-73.9161 40.7589 50
-73.9129 40.7659 18
-73.9776 40.6431 9
-73.9269 40.7641 32
-73.8044 40.7063 29
-73.9006 40.7109 45
-73.9386 40.8126 41
-73.8538 40.8027 41
-73.8141 40.8872 29
-73.9116 40.6036 9
-73.7578 40.7899 25
-73.8125 40.7128 6
-73.8678 40.6174 27
-73.9288 40.812 17
-73.7897 40.8714 45
-73.8681 40.7173 20
-73.931 40.8635 33
-73.9453 40.6123 0
-73.802 40.7468 36
-73.8338 40.617 9
-73.8064 40.8459 8
-73.9017 40.8186 26
-73.9945 40.7811 47
-73.9356 40.6522 11
-74.0201 40.8671 30
-73.8027 40.858 45
-73.8413 40.6057 2
-73.8636 40.6505 13
-73.8615 40.7419 42
-73.8248 40.8745 4
-73.9541 40.711 35
-74.0087 40.8439 28
-73.9984 40.8283 41
-73.8076 40.6126 14
-73.8947 40.6087 28
-73.8826 40.8159 15
