-2210.77 -248.099 27
-2717.73 1075.78 47
116.498 -2792.57 2
1026.9 -699.506 3
1120.64 2582.62 43
-2448.21 -504.004 35
1573.19 -2715.21 37
795.831 2946.22 18
2895.3 1520.14 33
789.808 -1363.74 22
-133.609 -1350.56 18
-80.8957 2455.25 3
27.1374 -1085.8 50
-1403.13 2686.59 3
-695.147 2482.9 27
2645.88 1569.09 39
-2247.81 1130.73 44
1417.35 2996.75 45
-1162.07 79.6422 30
-527.515 -1384.1 21
-192.496 -1930.03 7
1814.43 206.699 25
1489.76 2344.42 31
-2041.39 1288.26 6
-1352.47 -514.24 1
2627.38 -1914.62 16
912.352 1088.08 19
-1.55381 523.12 43
2732.45 -2111.09 50
-2149.08 -1487.24 24
2766.57 -1801.46 16
-2239.73 729.804 40
-141.409 -1780.5 1
-441.016 2684.92 20
2313.89 -2026.81 3
-1481.66 1698.92 23
-286.199 2590.05 33
1077.55 -1499.25 43
35.7353 1905.37 38
2708.2 -364.018 42
1213.24 2726.49 43
224.554 -2379.4 21
2259.39 1378.49 44
1804.32 1450.3 0
149.924 -2608.84 36
1006.07 -1802.67 46
2340.11 -2164.83 22
-1706.81 -1105.61 26
-361.647 1839.9 18
2994.7 782.93 31
-2994.73 1364.01 16
1094.97 -1768.43 42
1972.25 -2509.57 38
-1716.89 -2513.64 19
2685.27 -1384.71 35
1661.19 -465.241 14
-2932.1 2899.41 12
-2181.27 606.061 9
-2053.61 -1456.99 11
-1683.54 1176.04 40
1517.64 800.579 2
-1637.95 1199.01 5
156.74 527.933 16
-2141.73 -88.0489 43
341.015 -1103.96 6
-1135.57 108.502 21
-778.642 -318.804 24
-1324.24 -781.548 12
1057.42 1371.65 36
-235.816 -1070.64 23
968.133 633.838 50
1020.59 250.261 26
-2910.3 857.873 27
-1400.32 -1519.6 43
-265.49 -2867.5 8
1246.96 494.527 38
1174.07 1523.18 8
-25.8535 -2021.51 46
1480.07 -2961.95 29
-2598.9 -661.612 11
761.168 1255.92 27
1895.59 1116.61 15
-2377.22 1655.28 11
-2576.19 1342.58 15
-133.174 119.931 22
-1284.35 1173.82 29
-1012.95 2921.3 27
2137.16 -734.698 24
1433.75 217.601 1
2840.13 -892.088 31
-2244.4 2724.17 18
2845.51 -1490.83 21
2387.49 1563.7 35
-1418.28 -2300.57 10
281.849 -1944.15 30
-2504.96 -748.14 42
2840.08 -2517.88 25
2604.18 -842.053 39
1495.51 1089.99 38
-1616.57 375.612 33
-771.206 -1597.85 33
1464.63 -2714.17 33
2694.94 726.274 46
561.274 -20.508 2
115.049 -2607.86 22
-193.552 -324.421 37
-1971.72 2638.35 49
-2577.99 158.027 8
-2368.89 -788.627 21
1281.28 2231.31 38
1198.75 2611.45 30
237.028 -589.847 12
-470.528 -1261.4 5
1812.11 1012.92 44
1269.39 -703.071 4
-1602.8 -51.9415 0
988.133 -1879.05 49
1775.13 -1973.07 30
-915.05 57.9494 42
1358.66 1812.51 32
-2751.48 1602.39 3
2574.9 -1772.62 4
1238.77 -1429.33 36
-1796.13 -383.423 23
2863.43 -2794.54 26
1519.04 1937.35 16
219.17 -578.513 50
2103.18 -1130.37 7
837.14 2591.49 35
249.208 -2044.7 48
-2067.52 -938.32 5
112.64 368.902 43
1047.15 1190.76 1
1025.95 -2602.26 7
-1670.06 516.095 8
1146.76 1282.17 3
2553.02 -417.324 25
2515.42 1343.02 26
-2031.48 446.162 13
1191.35 -2415.4 27
1007.79 429.496 30
-2092.7 1388.18 1
132.381 -2789.64 12
-702.189 583.011 31
1632.18 -79.9131 33
-554.774 -121.303 36
-1340.12 -1319.38 35
2629.52 -519.035 30
2521.51 1927.06 26
-2137.9 -1491.47 33
2615.62 2152.6 14
40.9197 -501.147 35
-2353.57 -2400.81 22
-1217.61 -968.942 16
439.098 -1785.11 5
2187.66 -795.631 41
-2042.52 -2104.49 23
2302.23 -526.512 33
-2639.15 2385.94 46
1620.28 434.652 1
133.288 -1336.81 44
-664.969 154.021 47
479.175 2284.7 17
1458.76 2274.97 3
2274.36 -2460.88 8
-2421.43 375.67 41
1616.16 2379.14 44
-2321.58 -704.282 35
-2539.07 -134.155 36
-654.2 772.6 34
-825.599 1765.67 21
-8.21662 -295.591 25
2597.06 -2122.83 5
2834.86 -1569.54 49
-1811.52 -1822.16 17
-358.392 -402.736 18
600.796 -2107.28 34
1188.4 2095.67 41
-754.504 -121.328 32
869.387 -735.816 18
-994.159 -2130.62 14
2126.19 -2135.15 30
2524.98 99.1888 17
-1254 -2253.66 32
-251.725 -2064.76 38
-2930.82 365.487 14
-1076.33 1314.93 42
-209.958 -2699.74 3
397.096 -464.685 42
-1912.83 2604.66 30
-221.648 2666.71 20
-330.899 1489.87 44
-2372.52 2000.27 29
2892.19 2528.84 9
138.435 1318.77 30
2008.15 1382.69 32
209.257 -1059.43 44
2507.8 2710.52 5
2018.25 -1002.43 26
1908.64 977.358 12
580.339 -1518.16 45
-2022.25 614.431 31
1029.89 2227.7 34
-2999.76 772.519 23
-2806.38 2130.49 18
458.58 1466.81 14
-1941.48 2383.47 50
-2801.98 -76.729 29
-392.983 -1781.05 24
2682.72 2719.57 24
2768.62 -1695.54 0
-2697.64 848.244 29
-2225.74 11.1225 33
158.726 2418.34 34
-679.756 1986.58 12
1369.84 -1792.7 43
-2366.63 -834.195 39
998.184 -892.965 8
-1985.34 1028.11 20
476.174 -376.558 35
1751.89 -1306.68 13
201.192 2992.41 38
-2012.4 1639.21 10
-2801.54 -2363.74 13
1756.68 -1716.51 14
-1751.26 1584.38 31
-861.995 -1812.6 5
1188.98 1487.81 5
927.773 -705.522 10
-2893.29 1712.82 20
1989.31 -2222.34 17
-826.851 -2516.07 29
2065.21 1903.9 32
-886.113 -1310.73 46
1467.48 1658.51 12
2127.62 650.667 6
-2200.24 -2243.81 10
-2574.3 2779.46 11
1103.68 2125.42 7
1854.74 -2726.88 3
-2152.92 -1635.07 20
931.238 2918.18 41
-2808.97 2846.8 44
2006.21 1301.63 30
-1633.43 -313.116 20
-2865.23 -740.991 43
656.809 744.031 33
-1445.28 2922.25 10
361.948 -2275.86 22
514.801 -98.3924 45
-824.442 -1204.73 42
1967.56 1879.68 40
-307.678 1163.56 41
-1838.2 2583.91 23
105.573 2395.6 50
-249.114 -1325.91 20
-2812.47 -1844.12 41
1306.57 1710.44 36
797.631 -2998.35 32
-168.861 177.718 16
-2171.99 -678.522 43
-258.726 -1245.03 49
2994.55 -901.304 40
604.406 -1489.84 10
82.5541 648.119 50
328.665 -2357.94 26
429.762 1072.26 3
2257.57 -2127.6 37
-583.298 332.716 25
2548.98 -1461.7 2
-939.064 -1971.64 31
410.625 -756.161 18
-2480.37 -491.006 5
1110.99 2231.22 27
-2638.55 -2339.21 50
1192.23 -150.095 3
2507.86 2151.07 50
-2254.29 -1858.45 33
2839.16 -2043.92 7
2837.78 2113.25 3
2696.36 -1306.61 23
2196.83 -691.405 38
1036.43 1100.19 16
1128.25 -2005.41 0
-1931.09 1009.64 34
-1059.57 -1075.05 4
-329.274 912.278 48
965.563 -1977.92 0
-2345.5 366.799 49
-2856.83 2317.03 45
284.407 -77.7125 41
498.381 -169.482 38
-1965.25 -717.441 42
-2971.33 -272.604 45
-1497.86 2037.34 21
-564.755 153.362 4
1692.78 -1152.85 9
724.036 -1036.12 7
-268.805 -2025.43 47
-2812.88 390.368 50
-998.581 -874.042 8
-722.506 613.865 1
-2530.72 -53.2679 14
-364.077 -1046.53 0
-2394.78 2733.09 17
2912.94 -2748.69 49
-1677.66 -1472.62 22
-1304.44 2293.81 43
345.662 2411.98 43
-1596.3 -1432.3 19
1473.13 1597.88 21
-217.194 -1908.72 44
2585.85 -1253 32
264.294 -2671.14 9
1591.25 -2805.97 26
2818 -1628.57 30
296.871 1661.9 39
-2688.39 -2570.18 50
-1.36111 1490.61 48
2470.64 1891.99 14
2465.12 -604.152 8
-1739.62 -763.338 13
-1585 -986.367 26
641.221 -2869.4 41
250.778 1477.7 40
-280.631 -1534.65 35
967.064 -1341.64 17
1130.41 1669.09 46
2845.44 -540.252 8
-2930.53 2528.81 5
-2561.77 -699.715 24
-547.965 2646.47 35
-2933.14 -675.702 38
325.853 -2297.02 8
1849.86 -1849.97 21
177.988 -180.325 19
-40.4714 -1702.53 22
2962.83 -900.361 22
2893.01 459.827 28
39.2693 1377.85 4
-1962.44 -752.271 13
2139.02 2360.19 40
-1495.53 298.882 36
-81.0905 2150.86 21
2494.12 411.792 50
525.962 -550.648 2
-2219.41 2815.32 34
383.173 -1242.77 15
2909.53 -1002.79 26
1846.44 568.586 10
-2016.38 -1815.21 40
1735.2 -2039.95 12
102.419 2207.95 16
1681.26 2726.12 41
1118.58 767.99 39
511.544 1809.6 24
1881.73 -1231.24 29
2391.84 -1440.48 23
948.388 373.837 34
1471.58 2891.93 14
-2968.91 -2644.82 47
1688.14 -1280.45 37
-160.858 2538.37 45
1514.43 -191.358 24
38.3404 2010.4 48
2510.61 -1422.66 20
1623.71 -273.13 21
882.576 1976.95 13
-1917.55 1726.24 50
-450.405 801.254 48
2675.78 -736.926 12
-2750.38 -2436 43
2727.91 2214.08 26
2989.8 -1730.38 20
-827.656 -1776.44 19
2395.24 1902.39 21
1349.78 -509.397 30
1005.11 1434.58 0
-2218.93 1066.99 16
-291.243 -1447.02 7
592.678 -2557.73 44
-1699.57 1713.74 48
1442.86 -1707.32 1
1564.96 -478.811 13
2015.07 736.884 32
-2342.87 -2894.9 21
-2386.46 -385.365 1
-1020.6 -745.388 27
-2526.35 -2710.41 9
2030.88 -789.902 43
-1328.62 1219.99 45
-523.11 326.661 27
1351.75 -1588.04 7
1809.36 -593.907 44
-2768.04 -73.7269 49
1379.31 2273.27 15
-2097.77 2440.24 1
2667.58 408.655 10
492.702 -2069.65 3
445.839 -1739.8 1
-2608.64 1623.56 19
-873.398 733.694 35
-2073.42 392.764 35
1846 1416.79 8
-2925.23 1832.96 47
402.359 2926.72 37
64.9531 -151.349 27
-2109.04 152.738 17
-2802.26 1545.43 25
-220.743 1159.71 1
-1969.63 2682.18 37
-1267.75 933.302 42
-351.664 -2645.73 19
108.065 1426.97 35
-797.881 -2257.66 21
-2825.24 -2304.31 37
298.094 1240.92 26
2853.88 2678.84 19
-1893.86 -1175.16 35
2096.62 1803.06 9
-1595.93 166.135 44
-247.692 -1874.18 30
1925.6 -2688.76 43
2544.07 1920.81 1
-1346.5 -2404.95 42
-2925.82 632.064 0
760.943 -1128.07 29
909.733 1413.78 37
-2221.48 -1102.93 0
416.392 -1729.24 31
2269.26 -738.23 30
-661.457 1786.96 3
551.364 -1012.31 44
-163.625 2224.51 36
-2568.11 -1884.74 2
1095.86 908.494 17
-1097.93 2880.85 11
-1672.72 -2629.52 40
907.438 -1913.05 37
201.175 -1306.96 24
2806 2312.91 17
-2960.66 -1128.2 11
1907.68 262.281 9
867.993 -30.4232 14
-889.385 1159.37 4
-836.886 -1219.11 29
-893.425 -1264.32 46
1482.65 1762.99 47
1770.09 -1154.85 29
-2399.16 1141.92 9
95.2542 259.35 50
-2958.24 162.126 32
-1852.16 -1969.91 22
-2135.22 2234.67 9
1807.95 1945.56 16
618.879 1834.45 5
1464.68 958.174 25
2391.03 -281.751 13
-272.224 2753.49 24
1110.26 2439.38 30
1458.85 -924.657 19
1974.39 -2203.51 5
1765.44 -719.396 17
-1539.86 -2853.95 6
1279.68 477.455 47
537.81 458.582 3
-744.777 -1569.24 41
-1352.07 -2732.03 32
933.909 -893.406 46
-2534.78 2111.61 24
-2423.96 -2261.58 22
-620.229 967.069 21
-1452.98 419.568 39
-1602.31 801.845 30
-2417.02 -940.221 40
-521.057 -1404.51 12
1800.19 520.531 30
1082.77 1939.61 33
-699.261 -1833.3 6
433.82 645.361 13
-2295.16 -2692.94 6
-2011.2 -926.121 14
-1660.87 48.8234 13
-1292.81 64.1328 7
1934.34 1125.53 15
985.897 -1807.75 35
-2505.91 -2237.04 9
2083.19 -1255.24 18
-1793.48 1137.93 2
-1633.78 2297.16 12
-1894.72 2260.18 32
421.052 2599.77 45
-1068.47 -1946.52 49
1319.62 -2034.1 32
2630.18 1666.34 9
-21.1942 -13.2656 17
-802.12 1352.09 47
-2992.19 33.1721 21
931.411 743.576 19
2634.71 1596.04 13
-2472.48 396.766 46
-2642.96 -158.07 36
1513.34 -2612.8 31
-39.0923 1606.15 29
-2851.38 -201.894 49
-2071.38 -799.19 42
-1887.76 1904.76 2
1628.21 -395.255 16
2464.97 64.6571 31
-1495.29 2903.79 25
-58.3677 -1345.69 50
-2850.05 -2649.82 46
210.069 -1163.16 14
-2449.53 -328.021 33
502.094 101.745 25
1126.33 -482.105 2
-2397.41 481.651 34
-2347.84 -2637.42 32
-1992.43 1463.02 33
-2308.6 595.977 47
-2633.16 -822.704 49
1883.77 2423.66 28
-115.491 1196.86 6
-69.7916 -1810.11 3
-2999.96 2834.86 21
2495.68 -2805.87 40
-1634.35 -1399.78 23
-721.433 2916.67 29
-425.112 -1718.29 13
-2869.93 -122.58 6
-1676.17 -2179.07 28
1307.03 1707.42 13
2982.92 -1820.09 6
2003.65 -1339.4 31
-888.753 -848.221 25
-1382.63 467.435 44
2721.55 2160.43 11
-1462.44 -1557.06 45
-794.664 -2899.54 21
-1314.42 1957.55 47
2234.29 2498.96 26
-2199.57 822.387 7
766.242 2199.36 13
-2853.8 2753.09 18
299.683 -1223.34 37
-263.93 -1971.22 39
290.891 -2844.54 24
2832.39 1990.7 40
-2824.59 2148.7 18
884.215 -923.637 12
1872.02 -2389.93 46
135.919 91.9988 10
-2603.56 2887.01 25
-879.682 -1038.93 14
-289.346 -22.7153 44
1941.67 -2767.14 13
-2098.6 2198.05 31
1898.64 2695.14 1
-1966.76 -1293.11 14
-1612.01 -2160.7 1
688.89 -2093.54 8
295.906 569.389 23
1379.71 -2146.46 45
783.412 602.475 6
-2231.77 2355.99 1
1107.95 604.653 11
-1996.38 -2590.11 8
1877.14 -43.6813 7
2444.32 -1616.84 24
1864.48 -1262.99 33
-1645.81 -2451.88 18
2250.62 -1809.89 35
-1454.03 2683.03 5
401.154 -2317.82 45
663.119 1966.94 11
2121.76 854.338 32
2195.42 -2434.79 12
-304.152 569.401 24
-2967.06 -2001.89 44
1954.71 38.9802 35
1137.57 -1373.11 9
2963.67 -2174.12 21
-2386.56 -415.477 34
-1135.55 -662.132 38
-464.398 397.181 3
-206.663 695.416 24
-1611.6 88.8669 21
2945.53 1902.13 34
-1818.24 1693.74 47
-2818.24 -1186.92 37
-72.6525 1588.6 22
957.514 -1996.45 5
1669.31 -335.922 26
910.726 -2139.7 42
613.39 -1802.62 3
-720.343 2064.46 20
2403.55 -1950.88 39
1884.59 293.087 24
195.377 560.986 46
-2775.91 64.2257 20
-2933.93 -2647.96 5
-698.016 -2885.28 18
1924.36 -1112.38 27
2379.42 182.734 18
-2080.77 -2720.39 11
-1642.15 -1900.67 21
799.41 1177.56 1
236.091 -223.069 32
1377.07 -990.633 29
2782.44 844.479 1
322.812 -1258.8 19
-346.712 2567.33 0
1519.9 -428.181 4
2208.71 -158.884 22
1037.97 311.946 15
1695.01 236.614 15
2181.19 -996.138 7
2927.93 -1355.68 0
2222.33 -2439.59 41
2873.18 -1752 43
2972.75 -920.948 39
334.164 -1115.75 4
-1807.5 2578.44 6
-2402.98 451.689 38
1083.34 -341.492 47
2544.38 998.941 35
1708.13 2151.47 6
-2278.71 1502.23 25
70.3665 -2898.16 14
-1879.42 2566.53 39
-34.067 -2517.83 31
-2769.49 -416.609 25
-2525.82 -796.901 12
2221.46 -106.171 4
2730.21 -665.546 9
2927.6 449.439 23
-797.703 1573.93 17
-211.272 2777.67 11
-1938.69 1867.2 43
-2938.39 -251.408 13
-321.152 -2682.5 18
164.264 -2797.59 49
-879.262 2087.33 22
-262.977 -2888.67 44
-2960.34 -879.452 0
944.694 837.421 13
-88.3411 -2142.59 38
2418.21 2236.74 49
430.406 1313.36 22
2235.22 1237.67 20
1879.7 146.332 20
-349.77 1437.18 13
1448.03 -446.988 21
-2781.84 2341.23 34
-1273.98 -1505.02 35
-471.404 678.996 24
-2249.77 -571.217 21
1744.21 2130.02 2
-598.302 655.913 41
-833.25 1785.54 5
-143.878 413.939 0
-1037.47 -1551.8 32
-1837.47 -2642.07 31
2201.72 1791.87 41
1772.68 -2142.36 20
-2535.08 1646.85 31
2823.13 2315.84 28
811.348 -1653.98 21
-2377.49 -362.197 47
-2286.45 1967.23 2
1896.24 369.354 6
236.604 -2123.02 29
840.928 2494.9 7
2215.87 -516.408 48
1677.62 2724.1 7
-1423.19 1615.72 21
-270.628 1400.54 33
988.917 -1226.61 28
1106.23 1495.99 0
-779.916 -1887.53 10
2405.11 -1165.15 36
1636.45 -2220.99 7
1920.75 -1337.91 40
1102.14 1470.72 11
415.281 2521.98 50
2473.37 1181.42 44
2464.16 779.317 25
-1393.68 21.8766 39
155.574 778.358 41
1848.84 255.667 34
-850.557 57.056 16
2548.03 -132.469 22
-2710.79 1281.53 13
1558.38 2080.54 23
-1731.48 -262.008 29
2514.55 437.137 50
-665.74 -949.983 22
-549.302 841.769 22
-1298.13 -818.301 15
-1875.7 -1516.03 42
210.968 -690.253 50
-2001.8 -1907.5 13
346.731 2399.28 14
-2019.61 1477 41
1988.32 -410.033 47
1592.09 -977.061 29
2207.19 1093.15 29
2961.87 1159.9 29
-366 -209.219 22
1762.06 -2065.06 46
-2193.27 -2123.82 16
256.637 -2191.44 47
1380.02 321.111 50
2794.44 -1977.26 44
-1648.85 2508.45 4
-1436.62 2419.1 40
-1246.79 -1680.77 19
1633.44 -1630.38 27
593.032 -222.059 24
-1737.39 652.209 22
402.605 -1235.82 39
1760.71 -1990.84 42
312.475 -1390 44
-1193.67 -286.63 30
2296.32 40.4861 46
1673.33 1581.37 8
-884.003 1190.31 39
1997.42 247.623 6
-679.396 -1699.71 17
2915.09 -342.957 41
2164.97 2449.26 13
2978.94 -2424.11 8
-2773.71 1018.23 36
-2832.93 -327.077 15
2171.81 -2492.04 45
-1206.83 -2447.2 25
1038.22 -589.512 9
751.677 2819.06 7
1672.05 209.711 47
1955.82 -2442.91 25
-2733.14 -310.605 22
-2497.13 569.771 26
1008.46 226.178 3
112.59 2393.08 46
-937.963 2495.23 2
-1269.29 -1756.32 38
-1202.68 2111.53 12
1609.49 -2475.24 48
-2069.87 905.605 12
2052.8 43.8274 13
-162.37 1992.92 50
-482.268 -147.05 29
-2357.54 1109.11 15
1209.27 -1101.24 37
-1344.74 -897.793 32
-2248.35 890.638 16
-787.297 445.987 39
796.422 1460.38 13
958.532 -2582.01 43
-1140.11 237.351 18
-548.881 574.448 31
-2341.68 1230.07 7
1791.86 -1931.4 16
2296.76 421.452 2
2343.04 1255.2 26
1987.12 -257.233 48
-726.973 -494.65 46
2729.42 -1391.94 23
-2334.03 1619.92 8
1847.81 -1533.6 32
444.045 -2976.53 38
94.7494 1293.88 43
-153.283 1373.54 0
-1914.7 158.409 11
-2484.52 -2690.31 24
-97.5102 520.084 17
-1981.75 2882.2 1
2150.79 210.206 16
1570.36 1591.19 35
374.448 -1082.95 50
-1509.36 409.192 36
-1337.61 -1850.31 24
-1959.04 1928.63 46
637.263 -1193.56 7
-604.486 2727.21 43
887.077 1583.8 50
623.847 1703.11 9
2062.09 -108.617 12
2743.89 -2152.47 3
185.797 -2477.86 31
-2733.6 1874.48 11
-617.248 2872.69 18
-1392.67 2141.83 6
1982.47 56.223 50
1254.42 2949.73 9
2343.58 2376.29 45
-2377.69 -796.847 20
-2924.41 461.402 49
1265.86 640.709 11
1549.63 1609.9 5
439.768 -1208.58 2
-2939.52 -782.298 7
-394.727 -1276.19 35
2245.14 -1816.89 5
-1832.92 -2717.8 24
-2212.41 1600.5 39
1482.13 -757.488 33
-2998.54 -1245.69 5
-715.46 -1732.67 50
-430.271 1421.91 26
-2578.53 284.866 23
-1185.08 -379.357 43
-1202.96 1940.51 10
-478.061 -2566.89 11
1491.82 1986.2 9
1915.45 1217.92 4
2403.32 623.647 22
1719.27 -1255.19 25
2613.22 1744.99 25
-806.524 -347.215 45
1049.39 -924.079 0
2573.81 1627.63 39
-890.993 -2036.3 24
-2068.5 949.066 50
2764.14 98.5298 25
309.283 964.545 17
-2640.1 -308.103 22
576.217 -25.0574 15
-627.204 -1177.52 3
1588.34 1453.45 43
732.996 439.374 13
-2132.88 470.132 21
1761.17 -1767.51 20
-2502.53 -2809.73 50
240.118 1481.39 6
-774.768 2433.03 41
-710.176 -1796.58 49
1340.33 1335.87 24
313.818 924.462 3
-2447.42 2034.33 50
152.745 1694.37 35
1716.32 2081.9 12
-2037.54 2684.97 27
-1943.4 1916.53 1
1361.45 -387.505 1
-157.629 740.156 40
2892.89 -721.192 16
1754.8 -2729.2 28
-1670.5 -537.354 14
-257.195 833.84 11
2248.58 1811.3 12
-540.494 -2263.18 48
-592.287 -749.407 14
1426.54 1812.14 30
-1924.47 1828.88 25
-2282.3 -2415.11 18
-2150.3 2652.59 43
-547.12 1678.08 4
1585.78 714.066 36
1972.77 -1999.23 17
-1678.69 -1583.39 7
844.351 895.79 38
-1749.19 -2666.86 9
927.469 -2592.39 39
-404.012 2439.7 25
-1313.2 -2376.16 23
1796.3 -2789.88 30
-67.3833 -2154.37 38
1219.86 -55.4291 11
-9.66184 340.506 15
-2473.3 676.737 7
-2690.06 -1027.72 34
-807.428 -2339.08 17
-1258.33 2674.91 18
-2498.92 2577.42 14
-928.614 -118.318 3
2869.32 1145.76 49
1424.31 21.393 21
472.421 674.633 13
51.7261 -1663.7 10
1327.85 -2385.55 8
-95.3346 -2464.55 44
-2844.16 2504.07 41
-1823.15 -1363.69 29
210.071 1340.03 7
660.781 2574.2 13
1281.45 -1505.05 30
2250.6 -767.114 35
-2425.25 2908.04 20
-905.853 -175.835 48
-2156.19 -390.005 1
979.533 -1059.6 19
2126.31 433.454 34
-737.534 2353.15 2
-778.128 2261.17 20
1977.59 1893.34 2
-638.05 1726.55 44
-2252.31 -2302.32 15
-1285.92 2057.38 29
1107.6 1346.51 15
2934.48 -2361.37 45
-319.042 -2207.17 43
264.429 1024.35 43
-2975.43 2038.65 4
-111.561 -1919.51 32
64.1105 -359.012 43
1426.81 2142.86 0
-1295.45 1125 41
340.647 -2200.9 21
2739.48 1315.26 38
-2255.78 2854.56 31
-2501.36 -2181.39 3
1076.04 -1613.02 8
2376.25 545.742 10
1253.23 -904.215 32
-2793.74 2033.17 37
-1785.28 123.733 4
-1469.88 1764.4 44
-1152.38 -1763 2
-2630.05 -1063.01 41
1616.85 -635.157 16
-1176.43 -76.404 24
1933.58 2804.01 50
335.774 2206.05 0
415.55 1191.85 4
-995.68 -1440.52 18
2607.92 -2886.68 21
2963.59 2800.85 8
-2130.21 1092.66 11
1530.01 -852.332 49
-2610.89 1009.04 0
-983.981 -2251.04 49
2161.19 -180.511 43
-1738.94 2684.43 2
88.621 1719.38 39
526.445 2212.11 50
-1657.14 -986.434 17
1201.29 -873.471 38
-1951.78 713.068 47
-1963.69 2612.2 36
1365.9 151.929 3
1215.06 -1134.17 25
2274.05 1249.85 26
-2380.13 -2841.87 47
1943.61 2114.96 44
2627.19 62.1406 28
1150.76 -142.89 12
-5.46859 -32.6081 8
-531.971 -1471.02 47
886.932 -801.067 29
1901.53 253.27 48
946.304 -1630.19 2
1887.76 2716.87 45
-1099.46 1972.77 28
602.93 -1774 11
-496.803 430.633 39
843.925 149.782 3
1702.11 -2739.2 27
2192.08 484.393 18
1919.24 922.196 37
-1797.25 1290.65 41
26.6902 862.43 15
645.953 -2516.51 17
-1148.38 -1991.18 44
2871.59 2600.39 31
-56.9242 -1670.04 22
2736.38 -1302.16 47
-2147.06 716.626 45
706.787 -567.49 44
-2454.25 -2132.3 29
-2745.79 -931.56 2
669.162 -2400.63 47
2554.26 1292.52 3
-183.303 -67.1621 18
2848.39 740.153 40
135.47 944.509 11
-1851.59 -1693.58 25
336.387 -498.817 11
-1545.57 772.89 25
2218.33 2640.69 26
1013.52 1785.97 14
-1529.69 -1289.5 19
-1113.57 -50.1961 45
-2071.47 2622.47 24
-2248.9 1278.17 44
153.714 2411.51 27
2485.43 -1294.92 11
1576.9 650.417 21
-1670.88 2334.92 50
319.825 -2229.17 10
1141.18 1286.74 43
-1711.02 1582.24 32
-981.504 -318.029 33
-1395.52 -938.05 44
2957.38 2259.71 16
-2962.95 -2806.75 16
2540.55 -238.587 9
2198.67 276.96 15
2008.96 -388.089 20
-16.4333 -348.784 25
2270.54 -1596.68 48
-513.826 -1260.29 11
1159.64 1750.52 0
-740.485 2480.21 50
-2030.94 1370.19 31
-2283.93 294.604 37
-1880.06 -1648.86 38
418.054 884.08 48
56.6734 -2531.92 9
-663.158 -2764.08 43
1549.18 -2481.47 25
1315.81 2382.1 7
-1700.13 1940.97 23
2182.24 2871.78 42
-1668.56 1597.57 28
-2397.53 -1323.81 14
-2419.17 1680.32 18
-782.899 -144.125 39
756.371 702.521 19
259.928 -189.112 39
-1497.24 -2324.24 46
1489.57 38.1667 20
-77.7848 2068.92 45
1408.62 1695.98 11
2790.22 -2734.99 17
1147.77 1393.12 43
-48.4794 2530.1 37
-2335.43 -1025.48 49
-2585.51 -1181.98 28
-993.968 481.018 46
-2038.93 -650.735 34
2585.63 226.745 33
-443.417 -2316.16 27
2524.9 371.09 50
1523.46 -2395.81 22
-1070.44 -1213.98 47
1241.82 -2307.07 0
149.361 135.103 48
-501.643 -2825.69 14
270.572 2898.59 47
-2372.89 -530.23 12
-1576.39 500.305 47
-1710.12 875.917 4
162.204 541.3 39
954.736 1194.94 36
-1749.21 1061.55 3
1232.41 2959.4 13
-2526.68 -116.066 19
2207.45 -2494.11 3
1195.09 2866.16 5
886.221 1141.71 31
-1519.76 -2603.06 46
2372.71 696.945 38
-1993.66 1250.18 23
-2166.8 2497.92 30
-2713.09 -1552.06 46
1908.22 1167.54 49
334.572 131.93 2
2442.72 1934.87 20
2052.37 -1679.09 4
-489.072 161.759 31
-2626.21 -1648.11 44
-2570 2005.9 18
-875.231 -1871.5 6
-1670.33 1562.62 34
-313.05 -2421.62 6
961.362 -453.724 27
-570.022 2254.26 2
390.496 -2464.28 32
-296.137 -2446.63 4
2204.2 -769.68 25
-566.614 -2415.06 25
1004.71 -619.03 25
332.865 2991.55 17
612.515 -1068.49 24
628.575 1927.81 31
-1385.26 -2470.01 30
2083.94 -1998.47 23
404.844 -2434.18 48
1798.63 133.076 13
1665.37 176.271 13
2450.8 -2844.81 36
-2581.35 -1744.5 44
-1596.21 1844.6 27
-2901.03 2709.54 18
2613.37 712.257 33
-2627.81 -1582.7 4
-440.702 2596.01 17
-148.316 2239.94 48
575.603 1509.01 24
-195.766 1673.33 39
923.47 1801.89 45
2359.49 1707.5 25
2366.42 -557.478 46
-2053.98 -2993.87 8
-372.744 -656.933 16
-1889.62 -2428.68 18
267.56 927.635 49
957.897 -2070.48 37
2717.29 -660.199 8
-117.297 563.918 6
-147.147 2326.23 34
-2670.48 2192.92 12
1135.71 1611.2 38
2239.03 -1842.95 4
-2850.57 146.884 48
1423.4 1416.91 25
2064.34 -973.455 35
2167.51 57.9912 48
1030.49 145.391 38
1316.52 1367.25 19
-202.961 2076.06 44
2966.99 -1253.23 50
1289.09 788.691 38
-2594.29 -2612.49 24
-1504.76 -688.833 49
239.795 1293.08 32
-523.844 -277.316 35
-2919.11 774.755 36
-291.279 69.2772 28
-264.232 -870.104 9
43.3247 82.5198 33
-57.8493 -2012.34 31
-1511.81 379.549 34
-1323.62 -1984.15 28
-1045.08 496.443 6
1173.55 1127.51 42
1341.54 -1554.91 47
748.535 144.739 47
2946.2 -1753.14 33
1085.95 1859.07 3
593.569 -153.894 21
1132.5 -1117.6 46
-1170.05 -2421 44
1057.46 2752.68 11
1952.34 -355.286 14
1385.43 727.079 8
1696.95 -656.231 14
2057.37 1890.41 43
486.213 -992.77 29
-2328.18 1079.71 48
2254.95 -820.849 8
-2911.71 2687.32 6
1136.08 518.765 33
2826.5 2306.21 29
712.47 -487.702 18
-1957.6 -683.075 4
-718.013 2549.91 11
2729.48 394.335 4
-1433.69 -1878.03 42
1174.65 1606.57 39
-551.194 716.451 20
930.75 1851.74 27
-213.639 -2448.98 24
-1519.94 594.438 31
-1402.36 2794.91 25
-502.811 -380.633 14
2214.17 2938.38 20
-254.952 2644.3 31
-2335.44 793.959 26
-247.982 -2889.61 11
-230.944 -1875.48 49
-2941.71 -2021.96 33
-481.347 -2033.73 34
-819.877 1577.09 9
-1835.65 -664.335 29
-1799.73 -2344.88 5
-2744.48 -1615.24 47
2415.75 2714.97 29
-683.806 796.365 12
-888.946 2282.64 28
-1615.92 -1632.15 29
-864.243 -1460.71 41
25.2964 2157.91 8
-2219.9 194.449 9
2058.98 496.561 22
-657.486 -244.548 24
-1943.29 -1386.5 35
-305.581 2308.36 30
-2815.28 1788.68 45
-151.087 76.6055 4
-2941.15 1140.26 28
-2264.33 -1748.99 14
2349.47 -1217 24
722.955 -1019.11 40
1815.32 -1163.5 17
-779.152 -2028.28 48
1973.37 1349.21 43
-2276.88 248.935 41
1804.68 926.168 43
-1102.87 -978.03 44
-2634.29 499.07 24
2603.19 -2553.58 25
-260.419 -1460.1 26
-1464.49 770.39 24
-1043.45 745.618 5
1824.52 2526.9 38
1272.08 -308.181 11
-2682.98 -918.342 3
663.393 -1429.62 45
2747.87 -2571.17 10
2841.84 1866.72 25
1252.73 2441.68 3
426.611 2448.42 47
-2363.47 2163.15 42
278.64 -2947.54 48
-414.497 678.507 5
-2443.37 1448.07 40
2153.12 -976.642 38
-1787.61 2633.59 32
-1060.35 -1217.73 22
720.897 -378.418 24
2485.3 2402.43 5
1012.15 -995.293 26
1421.91 -92.1138 24
-2615.07 -741.705 43
-2306.59 620.026 15
-2154.07 2590.41 34
-300.523 2226.07 5
502.502 -1264.31 48
2974.16 2797.1 32
1345.65 -2408.76 8
1632.27 1387.12 2
2809.89 -478.791 16
2671.75 -2216.17 33
99.138 712.202 25
-2419 608.756 37
-2569.79 1145.52 14
-1248.91 -2153.86 8
2137.33 208.001 7
490.808 2889.68 49
-1513.32 -133.614 11
380.408 -1896.53 0
2723.71 1335.13 21
2115.95 -1674.12 0
2782.43 310.87 15
15.1477 2512.59 35
-2122.73 2986.7 37
2464.79 -1867.35 37
1329.09 -2192.61 32
2402.71 2255.69 2
1554.93 -1444.24 48
-1656.84 2844.88 24
1738.94 643.457 47
-722.189 2449.5 49
673.844 1079.48 15
-2060.58 1668.52 14
-2852.91 2962.29 19
-821.283 2249.25 1
-186.346 1301.57 21
-1773.97 -147.668 43
-624.627 264.389 4
-1820.51 -950.453 6
75.1757 388.734 20
432.49 -1151.07 7
-2433.1 1608.13 6
2776.46 -103.595 15
2323.24 1094.82 13
786.238 822.912 31
672.931 -56.3532 32
833.817 -703.277 25
1813.47 1571.57 37
-1675.16 2131.39 44
-1026.56 -1540.48 18
2203.4 -133.281 7
-2056.35 1571.33 2
1450.38 878.566 25
1952.28 10.283 15
1906.29 -226.199 44
724.133 -627.45 46
2367.73 1785.49 48
-2625.93 247.375 22
-1737.65 2821.49 49
1525.1 1429.21 48
-730.992 2146.24 24
-2046.54 -400.912 24
921.316 1911.92 5
1515.03 2902.75 30
2400.53 -1831.37 26
593.908 1156.05 40
-2838.15 -868.596 21
-1761.95 -2350.39 33
-2772.26 1005.45 47
-2277.73 -2381.59 13
-1121.67 -2743.32 0
-1859.84 -654.83 10
-1711.95 281.803 44
50.4468 2152.52 3
1799.41 929.464 4
-1708.7 -306.185 42
-1415.66 847.63 43
219.807 -1989.81 35
1757.1 309.9 29
864.465 -2880.9 31
-1589.31 2068.52 39
-61.1584 -51.6479 42
897.143 -1577.62 16
-1890.93 2771.33 23
2173.2 -2733.47 30
726.345 -1097.8 19
-893.128 595.513 32
-2291.81 44.7887 48
-1696.66 1811.3 12
1733.2 1573.57 16
-1550.94 -2999.98 3
-1563.5 -1873.49 27
2537.53 183.28 45
2894.98 -1986.68 24
203.37 -969.137 40
-652.818 -497.741 12
1815.97 -2515.48 11
-2139.32 446.631 29
2934.62 804.46 47
-2627.16 1081.27 16
-0.846913 -379.119 26
-1421.53 1309.93 42
-2684.1 1264.55 36
-2546.81 -2875.05 0
683.147 -1569.01 21
1660.39 2234.41 22
2124.21 748.293 30
-2886.36 94.233 23
-2227.3 2405.2 44
364.946 -1169.03 44
-697.857 -1481.63 11
1207.86 807.407 9
-2462.26 1553.03 40
-2541.6 -2330.34 41
-24.3064 -769.582 39
-2126.07 -1176.32 21
-1966.34 2603.61 32
-1447.17 -1292.03 15
1615 -235.48 44
-1961.52 -2720.23 35
273.841 -1695.2 49
97.4825 -1379.9 8
-239.308 -2034.45 33
724.108 2214.87 37
373.873 925.062 38
1149.24 1355.2 32
731.007 2045.78 3
-705.161 1493.28 21
-47.0151 528.027 30
-2395.75 -1582.02 50
-1508.87 -370.836 37
-1555.65 -1838.22 17
34.8378 1804.65 31
2064.49 -2772.51 11
2321.28 -2690.27 30
-2793.11 715.884 41
706.623 -2148.32 35
2511.94 -1424.65 42
-2913.68 -658.601 33
-1086.46 -2279.88 8
998.114 2190.69 50
-2940.29 994.328 39
-2093.34 1247.12 44
615.71 916.119 35
-2023.07 31.2207 48
-2144.35 -284.679 3
-2148.04 -1123.27 1
-2644.62 2440.51 38
831.356 1728.78 4
2255.25 -1427.79 1
2017.78 332.041 30
549.251 -2147.55 43
-1110.18 -157.031 32
-367.129 560.002 8
-431.613 -1367.96 30
-2948.56 -60.2177 41
-1784.4 1782.25 44
999.433 -371.742 9
-2517.15 782.912 28
-1028.35 -1820.18 44
-675.384 1918.03 11
391.472 2111.35 38
-1664.43 1182.37 25
1201.14 -1421.26 16
-1580.46 -2726.9 0
1562.79 348.734 18
-959.266 514.258 1
-2118.36 2957.75 33
2659.47 -757.07 41
338.667 -1373.39 20
254.401 -1389.28 46
2064.4 585.528 33
1313.41 -2122.74 18
-1750.45 -2978.44 20
457.599 2618.09 10
-670.948 2532.72 3
1544.01 -22.9541 10
1891.19 2290.61 45
-2478.07 1501.36 2
2050.94 -1009.77 49
-1103.97 -1714.6 30
860.042 -2387.47 41
-1104.16 -1754.17 39
-802.253 2888.21 44
2492.79 1564.86 48
2780.16 -425.47 35
573.948 2517.51 23
-404.082 -1483.78 9
-2690.12 -101.163 6
400.87 -2973.63 44
-1577.27 2577.34 2
50.5275 -1822.64 49
-1507.28 -50.3672 21
2308.94 -1371.24 21
-300.465 -2279.51 10
-1753.06 2468.33 35
-136.111 2193.33 19
1999.24 -911.831 15
-1654.39 2862.89 47
2591.83 -156.846 7
-2327.78 -754.436 10
-48.6832 1597.14 17
2231.17 675.079 25
2766.57 2737.95 49
131.453 2503.19 18
-1282.08 -2584.39 9
-354.342 -2598.78 44
-738.031 1894.62 33
1149.98 -2346.75 44
1555.41 2925.12 13
885.836 -2570.86 4
-1556.56 -35.0501 16
490.278 -2847.02 25
-54.2669 -2388.17 43
2697.55 1835.25 17
-573.133 1670.99 11
-1296.68 2158.03 26
2244.68 1459.79 30
-769.434 2740.78 44
2222.55 1481.19 28
2022.45 -2801.78 12
-1021.36 -1242.77 14
1928.63 -1845.04 12
1422.87 -2228.39 20
-343.353 455.963 37
3.95204 499.544 41
1372.79 -1741.46 18
938.512 259.506 21
170.079 594.045 26
1660.87 984.395 48
2245.23 -2662.35 41
814.331 890.711 26
414.3 -738.905 35
2666.18 -2830.97 25
2916.49 2639.16 10
1342.78 -2874.73 46
-1443.14 1217.24 9
-1640.88 -922.975 4
-714.052 859.431 46
2640.12 -1180.99 17
1113.17 878.159 18
-1292.13 -1450.92 11
1126.61 1905.49 5
2060.1 -2241.89 29
-2171.87 1483.54 7
-2082.74 842.67 48
-2394.23 482.39 38
2347.83 -2434.65 32
68.3196 1815.75 36
-1480.26 -2393.86 46
1709.39 -1452.86 40
2852.12 2812.82 33
-2286.12 2655.92 9
-2502.49 -2015.77 50
1210.39 2167.45 44
1065.89 2443.8 0
2700.62 1629.81 44
2559.31 1414.62 4
-282.739 2793.14 27
-1193.23 -2442.26 16
1852.96 -61.384 28
1699.62 -1530.88 12
-1164.15 764.425 39
2523.61 -1291.3 17
1509.4 -1968.28 0
-337.308 2015.38 46
1260.66 858.022 49
-1378.79 -1447.99 22
-1989.17 -2421.7 47
257.566 -1664.64 29
-1149.18 -825.127 9
-876.715 2142.95 13
-2275.54 940.089 43
2569.14 424.37 11
-165.55 -2912.1 11
2119.18 -972.326 43
-87.5901 1742.18 32
1862.86 2124.29 49
2226.93 -2476.24 6
990.215 2614.65 29
-2173.33 -2391.44 33
-2389.78 1239.73 9
945.889 -900.03 18
-1332.76 2477.71 50
437.749 2957.67 21
-2132.49 1884.84 13
2025.17 -43.6953 5
280.171 -583.011 19
-1174.85 1827.77 19
2606.93 2887.52 47
-1387.8 2907.18 50
238.786 -478.708 28
-2020.42 857.194 32
-547.46 -736.968 6
-269.767 -186.265 37
1343.96 1371.3 37
858.349 2950.2 26
400.227 -285.118 42
-2522.95 1658.36 43
-87.6149 -1434.26 45
2810.86 -1283.8 19
222.067 1485.45 24
-2162.62 1883.06 12
2076.47 -1159.01 46
146.304 -442.493 0
2339.59 -2518.83 42
1890.39 678.143 4
1961.5 2259.63 4
-1405.71 -453.705 30
-1500.65 -2126.57 31
1264.43 -2552.76 40
1411.32 956.488 39
-5.39025 1095.64 29
1031.45 -967.054 31
11.5878 -1307.13 0
1966.24 2398.75 40
2083.29 890.298 19
-71.5773 338.299 6
2999.01 -2402.22 24
602.702 1542.83 11
-2110.87 -1204.52 23
419.83 2584.95 18
-1061.47 -2013.44 25
-1223.4 -2750.19 38
2898.32 2826.87 1
951.821 -2154.32 44
-871.391 632.56 20
-1831.02 -1694.95 33
-2556.66 -1272.58 40
1559.55 2595.33 22
-1999.13 -1923.11 28
-1861.18 694.191 2
-649.306 327.199 1
1633.41 -2642.41 33
2850.1 133.534 28
-1850.11 -2602.17 19
969.136 -1338.18 1
60.1659 -493.216 46
2763.09 373.813 31
1999.26 2173.01 23
710.964 -806.982 0
-2501.89 1213.85 35
-2906.92 381.094 0
1104.07 66.2219 50
-1599.28 668.65 25
-1316.22 -848.246 21
-2926.46 2878.57 43
2194.25 2802.31 11
94.1633 2889.15 24
773.538 1820.54 6
-1952.65 -607.789 50
-2933.78 1056.73 29
-282.923 1683.76 50
2830.51 1617.08 11
-12.3373 -2072.01 23
2856.86 -2329.78 20
280.443 2313.41 37
2909.19 1.82888 31
1591.26 464.497 32
-1292.01 -1932.81 18
256.238 -16.4406 22
541.664 1152.59 4
1286.08 -1845.36 16
-1468.68 2346.58 34
2245.63 504.808 28
1863.06 -389.45 29
774.782 35.6403 17
-484.299 -1004.83 40
1472.75 -1745.69 27
-1808.78 1730.24 9
1007.99 -1958.11 25
-2553.42 -1318.34 30
-2277.27 -938.486 32
-2704.89 -2114.87 19
-1777.79 -2940.75 49
-1355.64 2594.83 2
525.485 -2906.87 44
1779.83 783.332 37
-570.292 1519.07 33
2256.73 2184.26 49
1963.57 -1281.59 28
1234.28 -1363.68 30
-100.242 -1663.49 39
-1953.25 36.834 34
292.78 1004.88 16
-752.365 1101.21 9
2841.77 -1047.56 5
1354.54 518.819 40
2604.4 2582.48 22
906.099 1357.52 6
-880.915 2212.75 40
-958.594 -1066.31 29
917.715 2370.32 8
557.83 -1650.01 27
-2032.79 2713.37 5
2706.22 2536.12 30
-2196.72 1158.27 0
283.989 915.211 8
-1908.19 -741.465 27
2492.51 2313.34 27
994.168 2768.57 37
303.268 -2793.99 3
2942.06 316.706 32
-1584.93 -2458.16 39
-7.86415 602.388 45
-1897.92 -2641.47 14
-2071.42 -1735.03 20
903.894 -2718.87 25
2536.45 -1533.57 36
1705.23 2877.49 41
-614.948 2657.85 29
1706.4 2989.86 30
2669.42 -2947.67 29
960.629 -2863.44 26
-988.53 -630.26 1
2965.76 -2298.09 8
1702.45 -1738.94 22
-1237.88 697.09 8
1956.68 -2918.41 27
618.377 -2728.62 9
717.617 114.011 44
-1301.46 1956.93 9
-2947.14 2788.27 46
-617.624 2964.37 9
315.468 2183.6 7
889.729 -1032.79 24
1448.7 1685.09 36
-687.469 -1850.39 13
2315.48 -610.618 2
-2319.94 1543.4 41
-2290.8 -508.311 32
-1258.06 -2022.71 28
-507.438 -1419.64 43
-292.525 121.442 34
1295.57 359.329 2
685.551 -1537.9 29
1043.01 2297.22 19
1219.66 817.35 1
704.581 1288.37 22
-1797.13 -906.331 36
-1059.41 -509.618 49
2055.52 -1930.26 26
1318.32 1900.15 7
-586.587 2868.68 8
1495.39 126.881 46
-2675.67 -322.487 8
-1261.51 -2692 38
-878.652 1223.68 11
-1016.93 2924.08 16
2390.54 -519.36 35
692.75 946.197 48
1499.64 -2348.67 24
-340.575 -2906.41 8
-1157.55 2062.26 12
-1716.56 2333.84 49
-2920.62 1998.46 26
498.117 1546.35 3
1950.4 1412.19 14
-1777.78 -1131.99 30
2603.5 1233.82 32
-2556.62 -920.634 33
-1091.19 2130.73 1
-835.9 -825.34 29
226.492 2277.49 6
287.51 -1329.29 48
-2304.04 2858.65 3
653.284 -818.907 30
1846.83 907.288 49
763.379 -1640.48 12
2813.74 -674.051 18
1045.02 2154.41 18
-767.741 -2587.51 22
-752.767 1285.97 35
633.162 1.1344 34
1369.79 -1265.71 2
-1342.1 -1570.89 8
848.699 1835.67 26
-2456.27 -2692.02 35
1410.69 1315.8 14
2330.14 -294.064 39
-1524.59 -657.043 0
828.416 -2829.58 18
279.669 1748.44 8
-1848.78 1388.9 1
-939.889 56.823 34
-1417.98 697.774 4
336.338 -137.555 9
-2685.52 2048.38 17
-1303.4 1096.03 34
2542.64 -1473.86 50
-2708.8 -2030.58 26
-1556 2881.11 49
-105.28 2207.28 24
1227.26 -2592.39 39
-229.015 -917.551 14
2217.99 -2080.48 37
1158.13 733.793 49
-2247.44 722.227 29
2324.89 1305.16 23
1471.61 -1252.57 43
88.2864 813.905 19
2001.83 -1981.56 42
52.1135 -2436.3 1
1111.14 2805.1 2
-2479.42 811.326 8
1588.51 2322.19 17
-140.481 1750.99 16
2294.32 2175.6 36
87.745 2879.93 34
-2202.97 1619.53 3
2099.55 303.229 45
1695.76 -1214.57 14
-1414.25 -327.153 4
2114.25 1479.43 31
-835.117 187.833 33
-224.235 2373.82 49
-261.998 -477.445 4
362.311 -1014.13 38
-1950.51 1401.91 25
1178.44 2916.34 33
2926.63 2939.31 50
-776.259 1390.03 11
-2294.87 1185.47 9
2719.1 2509.35 30
1073.13 2203.27 11
2368.2 -1367.12 49
2245.25 -2540.53 2
144.947 -2098.93 1
2930.25 -2841.7 20
-1763.85 2670.49 50
858.556 -2693.41 41
-553.155 2089.02 9
-1660.84 760.559 48
1519.88 946.059 29
-433.572 2041.77 42
475.455 -999.478 40
875.6 2959.05 15
-733.791 1956.79 40
-1099.83 -2324.81 16
405.004 -1124.38 47
-2208.56 1314.59 44
-2076.51 -2184.11 22
-2117.5 -2234.16 11
1436.8 -771.631 1
-1261.18 -829.333 20
-2388.91 -2652.25 4
-1944.18 2826.79 41
1176.91 -448.006 28
737.317 1261.74 43
-509.758 1205.84 13
2277.34 -183.08 33
-2557.11 -1890.04 8
153.626 -1485.7 40
1186.25 2240.05 13
-2841.47 -771.847 21
-184.536 -1759.36 12
2303.22 1867.83 30
-865.169 2265.12 24
-1361.97 -2189.28 49
-1785.41 -2473.96 26
-549.315 408.201 47
-1144.81 -1975.88 37
-2509.61 -1834.84 41
480.588 564.687 14
-2087.59 2581.46 30
-2785.5 -799.7 20
-2751.47 1029.95 28
2301.64 -1476.1 35
-1052.44 -1386.43 45
-2251.71 -2037.79 16
2505.27 2840.34 39
-1991.84 2985.05 5
2377.96 -1928.18 18
-2469.97 1606.83 25
-32.6278 -99.131 41
1569.55 -1269.04 35
1542.31 1355.07 13
-1230.03 -1147.33 31
-2624.18 -1904.82 40
1244.44 2935.55 23
-1967.92 -2834.91 22
873.51 2431.37 8
-1442.15 -2835.68 14
96.5252 -1246.44 1
2230.86 770.189 47
2399.05 -1196.05 8
316.106 -1775.74 17
-155.257 1247.03 33
2993.88 464.546 39
1701.76 2629.71 39
-2385.46 2892.05 30
1240.68 154.337 42
-1000.24 1512.83 9
-1459.58 1879.25 29
2787.79 -246.978 34
-330.605 2937.91 4
-1124.03 1063.81 21
165.384 -2188.44 15
785.66 -187.289 44
-2575.59 2757.08 27
1072.8 -2187.56 39
539.721 2726.18 50
371.186 486.262 30
-604.437 1244.14 27
199.453 1220.25 32
1892.12 2053.15 36
-1975.46 2953.26 3
793.579 -1328.77 20
-1212.68 1560.72 17
1178.82 2693.28 41
-2188.49 -2936.05 7
1856.21 -1543.89 40
160.38 2758.94 38
-2889.43 2914.52 29
-2655.33 1568.97 22
1964.1 487.024 37
-2624.71 1990.8 3
-886.321 -165.809 2
1524.75 -2452.63 13
2614.36 2686.55 49
-57.9274 634.564 1
2327.77 -1752.89 18
824.851 -721.193 16
-505.137 -2089.05 36
-702.337 -2396.08 34
-2233.04 2827.44 32
664.396 -235.352 12
1102.93 -911.752 26
-2162.13 -2578.28 15
-253.872 1219.82 21
-232.751 2407.3 38
1269.64 2121.63 27
-2845.24 2421.98 43
554.721 -292.025 24
-2051.81 2638.42 7
2526.02 1983.24 45
1496.83 2798.96 43
-2051.75 -2781.58 42
2837.15 -67.2222 10
2560.04 2586.91 43
2147.86 -2088.01 32
-295.995 -169.118 39
2993.23 2446.22 39
1264.34 2782.01 18
1131.11 -2188.85 8
-870.972 723.908 14
2286.85 -1130.22 29
1678.96 2598.99 36
859.484 -159.665 12
289.277 -837.698 49
177.122 -567.059 3
235.61 353.515 38
-232.928 364.748 11
-1198.06 -2149.78 31
-317.097 -2343.07 8
-363.522 -1850.16 45
26.3464 -2221.92 27
-585.049 2749.74 49
1437.6 2202.33 30
-1778.18 2848.74 15
-2087.2 1312.61 17
-2740.89 -291.744 14
-405.803 464.797 24
-1047.55 -397.15 0
2852.96 -380.421 44
1635.8 2417.22 26
417.559 -961.08 18
-1713.5 1994.02 3
993.353 2516.82 27
1457.97 2669.27 28
-1461.73 967.507 33
576.735 2931.23 18
-1407.85 -268.776 31
-1659.84 1709.89 9
1364.39 -1794.79 50
575.449 1718.16 18
-328.573 -1527.69 9
-2106.56 914.951 21
-1888.65 -2780.23 31
1024.73 -835.358 26
1010.89 -1903.16 21
752.381 -635.359 38
705.644 2248.45 40
-555.961 1539.95 8
-630.281 -960.459 4
-2410.98 2643.97 35
410.686 -1559.61 39
1491.27 1533.46 49
-1099.01 310.2 21
-1460.54 1865.75 39
151.628 1117.5 41
-2247.87 -1600.17 8
439.741 -1220.8 42
2267.21 101.603 5
175.752 214.177 22
1780.39 1565.47 33
-283.649 291.505 2
2117.78 -1021.63 37
1125.37 -1546.47 29
-2742.1 -1273.15 10
1107 1193.64 4
-1262.6 -1139.16 26
-1385.86 52.247 43
331.919 446.535 16
-268.455 -1977.12 13
2207.59 1724.65 27
-2347.74 1384.8 27
-3.84498 1879.48 11
-726.166 -42.6446 2
2043.97 2836.26 17
-2591.72 -1954.55 23
305.331 1676.99 2
-630.77 2678.24 36
-1280 -2890.61 20
-883.887 1202.6 9
-191.035 -1102.53 6
325.11 1025.42 44
-2250.86 -1904.26 18
-508.406 -2059.64 5
227.688 -200.203 35
1548.59 1488.8 45
-2695.25 838.81 7
1229.11 1586.95 40
-1899.71 705.887 41
1044.44 417.489 48
-868.166 1919.37 49
1460.09 1654.74 35
-879.618 -88.8085 37
-1230.96 1827.93 42
-789.744 1391.19 23
-2468.35 -1025.57 36
533.742 2053.26 1
-2473.86 -2827.45 17
1932.89 -1392.09 1
2487.91 803.822 7
184.658 -2119.3 49
397.698 183.484 23
1268.2 -1215.61 18
-731.091 1269.47 26
-2834.54 926.952 2
2134.19 2933.09 28
-95.5135 -2598.14 34
-1344.45 -507.93 35
-2180.7 -328.004 35
-2284.73 1035.17 10
-795.296 -369.615 7
-499.552 -1335.73 45
-2187.69 -2875.94 25
-2446.12 2843.87 33
2323.47 2178.7 20
-2107.8 1234.95 41
-2646.63 1618.97 25
-1071.39 -410.273 13
-2157.82 1611.76 15
1456.01 -1119.95 16
-1154.6 -1361.35 6
-2884.18 -2181.51 37
-2541.22 -933.282 11
-2516.41 1236.74 41
2777.4 -564.216 1
-2815.06 85.7739 39
915.707 -2739.32 11
-2487.97 719.973 13
1978.03 2519.24 15
-1457.79 -199.345 5
605.825 -1871.27 39
1287.12 621.46 16
839.218 -2342.74 5
2473.33 -1702.99 7
115.36 -2309.95 47
-1907.13 280.177 16
-2676.35 -545.419 35
158.83 -1691.57 7
-2299.5 -1317.31 24
1224.79 524.719 16
834.875 -927.507 20
882.363 2954.08 18
918.487 1516.37 5
-2083.22 53.4529 11
2412.39 -369.808 30
-1026.64 476.729 45
1840.56 1107.08 31
1614.3 2459.93 8
-1547.75 2891.16 6
-1405.18 435.026 4
1511.85 1148.45 24
