-2210.77 -248.099 27
-2717.73 1075.78 47
116.498 -2792.57 2
1026.9 -699.506 3
1120.64 2582.62 43
-2448.21 -504.004 35
1573.19 -2715.21 37
795.831 2946.22 18
2895.3 1520.14 33
789.808 -1363.74 22
-133.609 -1350.56 18
-80.8957 2455.25 3
27.1374 -1085.8 50
-1403.13 2686.59 3
-695.147 2482.9 27
2645.88 1569.09 39
-2247.81 1130.73 44
1417.35 2996.75 45
-1162.07 79.6422 30
-527.515 -1384.1 21
-192.496 -1930.03 7
1814.43 206.699 25
1489.76 2344.42 31
-2041.39 1288.26 6
-1352.47 -514.24 1
2627.38 -1914.62 16
912.352 1088.08 19
-1.55381 523.12 43
2732.45 -2111.09 50
-2149.08 -1487.24 24
2766.57 -1801.46 16
-2239.73 729.804 40
-141.409 -1780.5 1
-441.016 2684.92 20
2313.89 -2026.81 3
-1481.66 1698.92 23
-286.199 2590.05 33
1077.55 -1499.25 43
35.7353 1905.37 38
2708.2 -364.018 42
1213.24 2726.49 43
224.554 -2379.4 21
2259.39 1378.49 44
1804.32 1450.3 0
149.924 -2608.84 36
1006.07 -1802.67 46
2340.11 -2164.83 22
-1706.81 -1105.61 26
-361.647 1839.9 18
2994.7 782.93 31
-2994.73 1364.01 16
1094.97 -1768.43 42
1972.25 -2509.57 38
-1716.89 -2513.64 19
2685.27 -1384.71 35
1661.19 -465.241 14
-2932.1 2899.41 12
-2181.27 606.061 9
-2053.61 -1456.99 11
-1683.54 1176.04 40
1517.64 800.579 2
-1637.95 1199.01 5
156.74 527.933 16
-2141.73 -88.0489 43
341.015 -1103.96 6
-1135.57 108.502 21
-778.642 -318.804 24
-1324.24 -781.548 12
1057.42 1371.65 36
-235.816 -1070.64 23
968.133 633.838 50
1020.59 250.261 26
-2910.3 857.873 27
-1400.32 -1519.6 43
-265.49 -2867.5 8
1246.96 494.527 38
1174.07 1523.18 8
-25.8535 -2021.51 46
1480.07 -2961.95 29
-2598.9 -661.612 11
761.168 1255.92 27
1895.59 1116.61 15
-2377.22 1655.28 11
-2576.19 1342.58 15
-133.174 119.931 22
-1284.35 1173.82 29
-1012.95 2921.3 27
2137.16 -734.698 24
1433.75 217.601 1
2840.13 -892.088 31
-2244.4 2724.17 18
2845.51 -1490.83 21
2387.49 1563.7 35
-1418.28 -2300.57 10
281.849 -1944.15 30
-2504.96 -748.14 42
2840.08 -2517.88 25
2604.18 -842.053 39
1495.51 1089.99 38
-1616.57 375.612 33
-771.206 -1597.85 33
1464.63 -2714.17 33
2694.94 726.274 46
561.274 -20.508 2
115.049 -2607.86 22
-193.552 -324.421 37
-1971.72 2638.35 49
-2577.99 158.027 8
-2368.89 -788.627 21
1281.28 2231.31 38
1198.75 2611.45 30
237.028 -589.847 12
-470.528 -1261.4 5
1812.11 1012.92 44
1269.39 -703.071 4
-1602.8 -51.9415 0
988.133 -1879.05 49
1775.13 -1973.07 30
-915.05 57.9494 42
1358.66 1812.51 32
-2751.48 1602.39 3
2574.9 -1772.62 4
1238.77 -1429.33 36
-1796.13 -383.423 23
2863.43 -2794.54 26
1519.04 1937.35 16
219.17 -578.513 50
2103.18 -1130.37 7
837.14 2591.49 35
249.208 -2044.7 48
-2067.52 -938.32 5
112.64 368.902 43
1047.15 1190.76 1
1025.95 -2602.26 7
-1670.06 516.095 8
1146.76 1282.17 3
2553.02 -417.324 25
2515.42 1343.02 26
-2031.48 446.162 13
1191.35 -2415.4 27
1007.79 429.496 30
-2092.7 1388.18 1
132.381 -2789.64 12
-702.189 583.011 31
1632.18 -79.9131 33
-554.774 -121.303 36
-1340.12 -1319.38 35
2629.52 -519.035 30
2521.51 1927.06 26
-2137.9 -1491.47 33
2615.62 2152.6 14
40.9197 -501.147 35
-2353.57 -2400.81 22
-1217.61 -968.942 16
439.098 -1785.11 5
2187.66 -795.631 41
-2042.52 -2104.49 23
2302.23 -526.512 33
-2639.15 2385.94 46
1620.28 434.652 1
133.288 -1336.81 44
-664.969 154.021 47
479.175 2284.7 17
1458.76 2274.97 3
2274.36 -2460.88 8
-2421.43 375.67 41
1616.16 2379.14 44
-2321.58 -704.282 35
-2539.07 -134.155 36
-654.2 772.6 34
-825.599 1765.67 21
-8.21662 -295.591 25
2597.06 -2122.83 5
2834.86 -1569.54 49
-1811.52 -1822.16 17
-358.392 -402.736 18
600.796 -2107.28 34
1188.4 2095.67 41
-754.504 -121.328 32
869.387 -735.816 18
-994.159 -2130.62 14
2126.19 -2135.15 30
2524.98 99.1888 17
-1254 -2253.66 32
-251.725 -2064.76 38
-2930.82 365.487 14
-1076.33 1314.93 42
-209.958 -2699.74 3
397.096 -464.685 42
-1912.83 2604.66 30
-221.648 2666.71 20
-330.899 1489.87 44
-2372.52 2000.27 29
2892.19 2528.84 9
138.435 1318.77 30
2008.15 1382.69 32
209.257 -1059.43 44
2507.8 2710.52 5
2018.25 -1002.43 26
1908.64 977.358 12
580.339 -1518.16 45
-2022.25 614.431 31
1029.89 2227.7 34
-2999.76 772.519 23
-2806.38 2130.49 18
458.58 1466.81 14
-1941.48 2383.47 50
-2801.98 -76.729 29
-392.983 -1781.05 24
2682.72 2719.57 24
2768.62 -1695.54 0
-2697.64 848.244 29
-2225.74 11.1225 33
158.726 2418.34 34
-679.756 1986.58 12
1369.84 -1792.7 43
-2366.63 -834.195 39
998.184 -892.965 8
-1985.34 1028.11 20
476.174 -376.558 35
1751.89 -1306.68 13
201.192 2992.41 38
-2012.4 1639.21 10
-2801.54 -2363.74 13
1756.68 -1716.51 14
-1751.26 1584.38 31
-861.995 -1812.6 5
1188.98 1487.81 5
927.773 -705.522 10
-2893.29 1712.82 20
1989.31 -2222.34 17
-826.851 -2516.07 29
2065.21 1903.9 32
-886.113 -1310.73 46
1467.48 1658.51 12
2127.62 650.667 6
-2200.24 -2243.81 10
-2574.3 2779.46 11
1103.68 2125.42 7
1854.74 -2726.88 3
-2152.92 -1635.07 20
931.238 2918.18 41
-2808.97 2846.8 44
2006.21 1301.63 30
-1633.43 -313.116 20
-2865.23 -740.991 43
656.809 744.031 33
-1445.28 2922.25 10
361.948 -2275.86 22
514.801 -98.3924 45
-824.442 -1204.73 42
1967.56 1879.68 40
-307.678 1163.56 41
-1838.2 2583.91 23
105.573 2395.6 50
-249.114 -1325.91 20
-2812.47 -1844.12 41
1306.57 1710.44 36
797.631 -2998.35 32
-168.861 177.718 16
-2171.99 -678.522 43
-258.726 -1245.03 49
2994.55 -901.304 40
604.406 -1489.84 10
82.5541 648.119 50
328.665 -2357.94 26
429.762 1072.26 3
2257.57 -2127.6 37
-583.298 332.716 25
2548.98 -1461.7 2
-939.064 -1971.64 31
410.625 -756.161 18
-2480.37 -491.006 5
1110.99 2231.22 27
-2638.55 -2339.21 50
1192.23 -150.095 3
2507.86 2151.07 50
-2254.29 -1858.45 33
2839.16 -2043.92 7
2837.78 2113.25 3
2696.36 -1306.61 23
2196.83 -691.405 38
1036.43 1100.19 16
1128.25 -2005.41 0
-1931.09 1009.64 34
-1059.57 -1075.05 4
-329.274 912.278 48
965.563 -1977.92 0
-2345.5 366.799 49
-2856.83 2317.03 45
284.407 -77.7125 41
498.381 -169.482 38
-1965.25 -717.441 42
-2971.33 -272.604 45
-1497.86 2037.34 21
-564.755 153.362 4
1692.78 -1152.85 9
724.036 -1036.12 7
-268.805 -2025.43 47
-2812.88 390.368 50
-998.581 -874.042 8
-722.506 613.865 1
-2530.72 -53.2679 14
-364.077 -1046.53 0
-2394.78 2733.09 17
2912.94 -2748.69 49
-1677.66 -1472.62 22
-1304.44 2293.81 43
345.662 2411.98 43
-1596.3 -1432.3 19
1473.13 1597.88 21
-217.194 -1908.72 44
2585.85 -1253 32
264.294 -2671.14 9
1591.25 -2805.97 26
2818 -1628.57 30
296.871 1661.9 39
-2688.39 -2570.18 50
-1.36111 1490.61 48
2470.64 1891.99 14
2465.12 -604.152 8
-1739.62 -763.338 13
-1585 -986.367 26
641.221 -2869.4 41
250.778 1477.7 40
-280.631 -1534.65 35
967.064 -1341.64 17
1130.41 1669.09 46
2845.44 -540.252 8
-2930.53 2528.81 5
-2561.77 -699.715 24
-547.965 2646.47 35
-2933.14 -675.702 38
325.853 -2297.02 8
1849.86 -1849.97 21
177.988 -180.325 19
-40.4714 -1702.53 22
2962.83 -900.361 22
2893.01 459.827 28
39.2693 1377.85 4
-1962.44 -752.271 13
2139.02 2360.19 40
-1495.53 298.882 36
-81.0905 2150.86 21
2494.12 411.792 50
525.962 -550.648 2
-2219.41 2815.32 34
383.173 -1242.77 15
2909.53 -1002.79 26
1846.44 568.586 10
-2016.38 -1815.21 40
1735.2 -2039.95 12
102.419 2207.95 16
1681.26 2726.12 41
1118.58 767.99 39
511.544 1809.6 24
1881.73 -1231.24 29
2391.84 -1440.48 23
948.388 373.837 34
1471.58 2891.93 14
-2968.91 -2644.82 47
1688.14 -1280.45 37
-160.858 2538.37 45
1514.43 -191.358 24
38.3404 2010.4 48
2510.61 -1422.66 20
1623.71 -273.13 21
882.576 1976.95 13
-1917.55 1726.24 50
-450.405 801.254 48
2675.78 -736.926 12
-2750.38 -2436 43
2727.91 2214.08 26
2989.8 -1730.38 20
-827.656 -1776.44 19
2395.24 1902.39 21
1349.78 -509.397 30
1005.11 1434.58 0
-2218.93 1066.99 16
-291.243 -1447.02 7
592.678 -2557.73 44
-1699.57 1713.74 48
1442.86 -1707.32 1
1564.96 -478.811 13
2015.07 736.884 32
-2342.87 -2894.9 21
-2386.46 -385.365 1
-1020.6 -745.388 27
-2526.35 -2710.41 9
2030.88 -789.902 43
-1328.62 1219.99 45
-523.11 326.661 27
1351.75 -1588.04 7
1809.36 -593.907 44
-2768.04 -73.7269 49
1379.31 2273.27 15
-2097.77 2440.24 1
2667.58 408.655 10
492.702 -2069.65 3
445.839 -1739.8 1
-2608.64 1623.56 19
-873.398 733.694 35
-2073.42 392.764 35
1846 1416.79 8
-2925.23 1832.96 47
402.359 2926.72 37
64.9531 -151.349 27
-2109.04 152.738 17
-2802.26 1545.43 25
-220.743 1159.71 1
-1969.63 2682.18 37
-1267.75 933.302 42
-351.664 -2645.73 19
108.065 1426.97 35
-797.881 -2257.66 21
-2825.24 -2304.31 37
298.094 1240.92 26
2853.88 2678.84 19
-1893.86 -1175.16 35
2096.62 1803.06 9
-1595.93 166.135 44
-247.692 -1874.18 30
1925.6 -2688.76 43
2544.07 1920.81 1
-1346.5 -2404.95 42
-2925.82 632.064 0
760.943 -1128.07 29
909.733 1413.78 37
-2221.48 -1102.93 0
416.392 -1729.24 31
2269.26 -738.23 30
-661.457 1786.96 3
551.364 -1012.31 44
-163.625 2224.51 36
-2568.11 -1884.74 2
1095.86 908.494 17
-1097.93 2880.85 11
-1672.72 -2629.52 40
907.438 -1913.05 37
201.175 -1306.96 24
2806 2312.91 17
-2960.66 -1128.2 11
1907.68 262.281 9
867.993 -30.4232 14
-889.385 1159.37 4
-836.886 -1219.11 29
-893.425 -1264.32 46
1482.65 1762.99 47
1770.09 -1154.85 29
-2399.16 1141.92 9
95.2542 259.35 50
-2958.24 162.126 32
-1852.16 -1969.91 22
-2135.22 2234.67 9
1807.95 1945.56 16
618.879 1834.45 5
1464.68 958.174 25
2391.03 -281.751 13
-272.224 2753.49 24
1110.26 2439.38 30
1458.85 -924.657 19
1974.39 -2203.51 5
1765.44 -719.396 17
-1539.86 -2853.95 6
1279.68 477.455 47
537.81 458.582 3
-744.777 -1569.24 41
-1352.07 -2732.03 32
933.909 -893.406 46
-2534.78 2111.61 24
-2423.96 -2261.58 22
-620.229 967.069 21
-1452.98 419.568 39
-1602.31 801.845 30
-2417.02 -940.221 40
-521.057 -1404.51 12
1800.19 520.531 30
1082.77 1939.61 33
-699.261 -1833.3 6
433.82 645.361 13
-2295.16 -2692.94 6
-2011.2 -926.121 14
-1660.87 48.8234 13
-1292.81 64.1328 7
1934.34 1125.53 15
985.897 -1807.75 35
-2505.91 -2237.04 9
2083.19 -1255.24 18
-1793.48 1137.93 2
-1633.78 2297.16 12
-1894.72 2260.18 32
421.052 2599.77 45
-1068.47 -1946.52 49
1319.62 -2034.1 32
2630.18 1666.34 9
-21.1942 -13.2656 17
-802.12 1352.09 47
-2992.19 33.1721 21
931.411 743.576 19
2634.71 1596.04 13
-2472.48 396.766 46
-2642.96 -158.07 36
1513.34 -2612.8 31
-39.0923 1606.15 29
-2851.38 -201.894 49
-2071.38 -799.19 42
-1887.76 1904.76 2
1628.21 -395.255 16
2464.97 64.6571 31
-1495.29 2903.79 25
-58.3677 -1345.69 50
-2850.05 -2649.82 46
210.069 -1163.16 14
-2449.53 -328.021 33
502.094 101.745 25
1126.33 -482.105 2
-2397.41 481.651 34
-2347.84 -2637.42 32
-1992.43 1463.02 33
-2308.6 595.977 47
-2633.16 -822.704 49
1883.77 2423.66 28
-115.491 1196.86 6
-69.7916 -1810.11 3
-2999.96 2834.86 21
2495.68 -2805.87 40
-1634.35 -1399.78 23
-721.433 2916.67 29
-425.112 -1718.29 13
-2869.93 -122.58 6
-1676.17 -2179.07 28
1307.03 1707.42 13
2982.92 -1820.09 6
2003.65 -1339.4 31
-888.753 -848.221 25
-1382.63 467.435 44
2721.55 2160.43 11
-1462.44 -1557.06 45
-794.664 -2899.54 21
-1314.42 1957.55 47
2234.29 2498.96 26
-2199.57 822.387 7
766.242 2199.36 13
-2853.8 2753.09 18
299.683 -1223.34 37
-263.93 -1971.22 39
290.891 -2844.54 24
2832.39 1990.7 40
-2824.59 2148.7 18
884.215 -923.637 12
1872.02 -2389.93 46
135.919 91.9988 10
-2603.56 2887.01 25
-879.682 -1038.93 14
-289.346 -22.7153 44
1941.67 -2767.14 13
-2098.6 2198.05 31
1898.64 2695.14 1
-1966.76 -1293.11 14
-1612.01 -2160.7 1
688.89 -2093.54 8
295.906 569.389 23
1379.71 -2146.46 45
783.412 602.475 6
-2231.77 2355.99 1
1107.95 604.653 11
-1996.38 -2590.11 8
1877.14 -43.6813 7
2444.32 -1616.84 24
1864.48 -1262.99 33
-1645.81 -2451.88 18
2250.62 -1809.89 35
-1454.03 2683.03 5
401.154 -2317.82 45
663.119 1966.94 11
2121.76 854.338 32
2195.42 -2434.79 12
-304.152 569.401 24
-2967.06 -2001.89 44
1954.71 38.9802 35
1137.57 -1373.11 9
2963.67 -2174.12 21
-2386.56 -415.477 34
-1135.55 -662.132 38
-464.398 397.181 3
-206.663 695.416 24
-1611.6 88.8669 21
2945.53 1902.13 34
-1818.24 1693.74 47
-2818.24 -1186.92 37
-72.6525 1588.6 22
957.514 -1996.45 5
1669.31 -335.922 26
910.726 -2139.7 42
613.39 -1802.62 3
-720.343 2064.46 20
2403.55 -1950.88 39
1884.59 293.087 24
195.377 560.986 46
-2775.91 64.2257 20
-2933.93 -2647.96 5
-698.016 -2885.28 18
1924.36 -1112.38 27
2379.42 182.734 18
-2080.77 -2720.39 11
-1642.15 -1900.67 21
799.41 1177.56 1
236.091 -223.069 32
1377.07 -990.633 29
2782.44 844.479 1
322.812 -1258.8 19
-346.712 2567.33 0
1519.9 -428.181 4
2208.71 -158.884 22
1037.97 311.946 15
1695.01 236.614 15
2181.19 -996.138 7
2927.93 -1355.68 0
2222.33 -2439.59 41
2873.18 -1752 43
2972.75 -920.948 39
334.164 -1115.75 4
-1807.5 2578.44 6
-2402.98 451.689 38
1083.34 -341.492 47
2544.38 998.941 35
1708.13 2151.47 6
-2278.71 1502.23 25
70.3665 -2898.16 14
-1879.42 2566.53 39
-34.067 -2517.83 31
-2769.49 -416.609 25
-2525.82 -796.901 12
2221.46 -106.171 4
2730.21 -665.546 9
2927.6 449.439 23
-797.703 1573.93 17
-211.272 2777.67 11
-1938.69 1867.2 43
-2938.39 -251.408 13
-321.152 -2682.5 18
164.264 -2797.59 49
-879.262 2087.33 22
-262.977 -2888.67 44
-2960.34 -879.452 0
944.694 837.421 13
-88.3411 -2142.59 38
2418.21 2236.74 49
430.406 1313.36 22
2235.22 1237.67 20
1879.7 146.332 20
-349.77 1437.18 13
1448.03 -446.988 21
-2781.84 2341.23 34
-1273.98 -1505.02 35
-471.404 678.996 24
-2249.77 -571.217 21
1744.21 2130.02 2
-598.302 655.913 41
-833.25 1785.54 5
-143.878 413.939 0
-1037.47 -1551.8 32
-1837.47 -2642.07 31
2201.72 1791.87 41
1772.68 -2142.36 20
-2535.08 1646.85 31
2823.13 2315.84 28
811.348 -1653.98 21
-2377.49 -362.197 47
-2286.45 1967.23 2
1896.24 369.354 6
236.604 -2123.02 29
840.928 2494.9 7
2215.87 -516.408 48
1677.62 2724.1 7
-1423.19 1615.72 21
-270.628 1400.54 33
988.917 -1226.61 28
1106.23 1495.99 0
-779.916 -1887.53 10
2405.11 -1165.15 36
1636.45 -2220.99 7
1920.75 -1337.91 40
1102.14 1470.72 11
415.281 2521.98 50
2473.37 1181.42 44
2464.16 779.317 25
-1393.68 21.8766 39
155.574 778.358 41
1848.84 255.667 34
-850.557 57.056 16
2548.03 -132.469 22
-2710.79 1281.53 13
1558.38 2080.54 23
-1731.48 -262.008 29
2514.55 437.137 50
-665.74 -949.983 22
-549.302 841.769 22
-1298.13 -818.301 15
-1875.7 -1516.03 42
210.968 -690.253 50
-2001.8 -1907.5 13
346.731 2399.28 14
-2019.61 1477 41
1988.32 -410.033 47
1592.09 -977.061 29
2207.19 1093.15 29
2961.87 1159.9 29
-366 -209.219 22
1762.06 -2065.06 46
-2193.27 -2123.82 16
256.637 -2191.44 47
1380.02 321.111 50
2794.44 -1977.26 44
-1648.85 2508.45 4
-1436.62 2419.1 40
-1246.79 -1680.77 19
1633.44 -1630.38 27
593.032 -222.059 24
-1737.39 652.209 22
402.605 -1235.82 39
1760.71 -1990.84 42
312.475 -1390 44
-1193.67 -286.63 30
2296.32 40.4861 46
1673.33 1581.37 8
-884.003 1190.31 39
1997.42 247.623 6
-679.396 -1699.71 17
2915.09 -342.957 41
2164.97 2449.26 13
2978.94 -2424.11 8
-2773.71 1018.23 36
-2832.93 -327.077 15
2171.81 -2492.04 45
-1206.83 -2447.2 25
1038.22 -589.512 9
751.677 2819.06 7
1672.05 209.711 47
1955.82 -2442.91 25
-2733.14 -310.605 22
-2497.13 569.771 26
1008.46 226.178 3
112.59 2393.08 46
-937.963 2495.23 2
-1269.29 -1756.32 38
-1202.68 2111.53 12
1609.49 -2475.24 48
-2069.87 905.605 12
2052.8 43.8274 13
-162.37 1992.92 50
-482.268 -147.05 29
-2357.54 1109.11 15
1209.27 -1101.24 37
-1344.74 -897.793 32
-2248.35 890.638 16
-787.297 445.987 39
796.422 1460.38 13
958.532 -2582.01 43
-1140.11 237.351 18
-548.881 574.448 31
-2341.68 1230.07 7
1791.86 -1931.4 16
2296.76 421.452 2
2343.04 1255.2 26
1987.12 -257.233 48
-726.973 -494.65 46
2729.42 -1391.94 23
-2334.03 1619.92 8
1847.81 -1533.6 32
444.045 -2976.53 38
94.7494 1293.88 43
-153.283 1373.54 0
-1914.7 158.409 11
-2484.52 -2690.31 24
-97.5102 520.084 17
-1981.75 2882.2 1
2150.79 210.206 16
1570.36 1591.19 35
374.448 -1082.95 50
-1509.36 409.192 36
-1337.61 -1850.31 24
-1959.04 1928.63 46
637.263 -1193.56 7
-604.486 2727.21 43
887.077 1583.8 50
623.847 1703.11 9
2062.09 -108.617 12
2743.89 -2152.47 3
185.797 -2477.86 31
-2733.6 1874.48 11
-617.248 2872.69 18
-1392.67 2141.83 6
1982.47 56.223 50
1254.42 2949.73 9
2343.58 2376.29 45
-2377.69 -796.847 20
-2924.41 461.402 49
1265.86 640.709 11
1549.63 1609.9 5
439.768 -1208.58 2
-2939.52 -782.298 7
-394.727 -1276.19 35
2245.14 -1816.89 5
-1832.92 -2717.8 24
-2212.41 1600.5 39
1482.13 -757.488 33
-2998.54 -1245.69 5
-715.46 -1732.67 50
-430.271 1421.91 26
-2578.53 284.866 23
-1185.08 -379.357 43
-1202.96 1940.51 10
-478.061 -2566.89 11
1491.82 1986.2 9
1915.45 1217.92 4
2403.32 623.647 22
1719.27 -1255.19 25
2613.22 1744.99 25
-806.524 -347.215 45
1049.39 -924.079 0
2573.81 1627.63 39
-890.993 -2036.3 24
-2068.5 949.066 50
2764.14 98.5298 25
309.283 964.545 17
-2640.1 -308.103 22
576.217 -25.0574 15
-627.204 -1177.52 3
1588.34 1453.45 43
732.996 439.374 13
-2132.88 470.132 21
1761.17 -1767.51 20
-2502.53 -2809.73 50
240.118 1481.39 6
-774.768 2433.03 41
-710.176 -1796.58 49
1340.33 1335.87 24
313.818 924.462 3
-2447.42 2034.33 50
152.745 1694.37 35
1716.32 2081.9 12
-2037.54 2684.97 27
-1943.4 1916.53 1
1361.45 -387.505 1
-157.629 740.156 40
2892.89 -721.192 16
1754.8 -2729.2 28
-1670.5 -537.354 14
-257.195 833.84 11
2248.58 1811.3 12
-540.494 -2263.18 48
-592.287 -749.407 14
1426.54 1812.14 30
-1924.47 1828.88 25
-2282.3 -2415.11 18
-2150.3 2652.59 43
-547.12 1678.08 4
1585.78 714.066 36
1972.77 -1999.23 17
-1678.69 -1583.39 7
844.351 895.79 38
-1749.19 -2666.86 9
927.469 -2592.39 39
-404.012 2439.7 25
-1313.2 -2376.16 23
1796.3 -2789.88 30
-67.3833 -2154.37 38
1219.86 -55.4291 11
-9.66184 340.506 15
-2473.3 676.737 7
-2690.06 -1027.72 34
-807.428 -2339.08 17
-1258.33 2674.91 18
-2498.92 2577.42 14
-928.614 -118.318 3
2869.32 1145.76 49
1424.31 21.393 21
472.421 674.633 13
51.7261 -1663.7 10
1327.85 -2385.55 8
-95.3346 -2464.55 44
-2844.16 2504.07 41
-1823.15 -1363.69 29
210.071 1340.03 7
660.781 2574.2 13
1281.45 -1505.05 30
2250.6 -767.114 35
-2425.25 2908.04 20
-905.853 -175.835 48
-2156.19 -390.005 1
979.533 -1059.6 19
2126.31 433.454 34
-737.534 2353.15 2
-778.128 2261.17 20
1977.59 1893.34 2
-638.05 1726.55 44
-2252.31 -2302.32 15
-1285.92 2057.38 29
1107.6 1346.51 15
2934.48 -2361.37 45
-319.042 -2207.17 43
264.429 1024.35 43
-2975.43 2038.65 4
-111.561 -1919.51 32
64.1105 -359.012 43
1426.81 2142.86 0
-1295.45 1125 41
340.647 -2200.9 21
2739.48 1315.26 38
-2255.78 2854.56 31
-2501.36 -2181.39 3
1076.04 -1613.02 8
2376.25 545.742 10
1253.23 -904.215 32
-2793.74 2033.17 37
-1785.28 123.733 4
-1469.88 1764.4 44
-1152.38 -1763 2
-2630.05 -1063.01 41
1616.85 -635.157 16
-1176.43 -76.404 24
1933.58 2804.01 50
335.774 2206.05 0
415.55 1191.85 4
-995.68 -1440.52 18
2607.92 -2886.68 21
2963.59 2800.85 8
-2130.21 1092.66 11
1530.01 -852.332 49
-2610.89 1009.04 0
-983.981 -2251.04 49
2161.19 -180.511 43
-1738.94 2684.43 2
88.621 1719.38 39
526.445 2212.11 50
-1657.14 -986.434 17
1201.29 -873.471 38
-1951.78 713.068 47
-1963.69 2612.2 36
1365.9 151.929 3
1215.06 -1134.17 25
2274.05 1249.85 26
-2380.13 -2841.87 47
1943.61 2114.96 44
2627.19 62.1406 28
1150.76 -142.89 12
-5.46859 -32.6081 8
-531.971 -1471.02 47
886.932 -801.067 29
1901.53 253.27 48
946.304 -1630.19 2
1887.76 2716.87 45
-1099.46 1972.77 28
602.93 -1774 11
-496.803 430.633 39
843.925 149.782 3
1702.11 -2739.2 27
2192.08 484.393 18
1919.24 922.196 37
-1797.25 1290.65 41
26.6902 862.43 15
645.953 -2516.51 17
-1148.38 -1991.18 44
2871.59 2600.39 31
-56.9242 -1670.04 22
2736.38 -1302.16 47
-2147.06 716.626 45
706.787 -567.49 44
-2454.25 -2132.3 29
-2745.79 -931.56 2
669.162 -2400.63 47
2554.26 1292.52 3
-183.303 -67.1621 18
2848.39 740.153 40
135.47 944.509 11
-1851.59 -1693.58 25
336.387 -498.817 11
-1545.57 772.89 25
2218.33 2640.69 26
1013.52 1785.97 14
-1529.69 -1289.5 19
-1113.57 -50.1961 45
-2071.47 2622.47 24
-2248.9 1278.17 44
153.714 2411.51 27
2485.43 -1294.92 11
1576.9 650.417 21
-1670.88 2334.92 50
319.825 -2229.17 10
1141.18 1286.74 43
-1711.02 1582.24 32
-981.504 -318.029 33
-1395.52 -938.05 44
2957.38 2259.71 16
-2962.95 -2806.75 16
2540.55 -238.587 9
2198.67 276.96 15
2008.96 -388.089 20
-16.4333 -348.784 25
