-73.9878 40.7361 27
-74.0106 40.801 47
-73.8833 40.6114 2
-73.8424 40.714 3
-73.8382 40.8749 43
-73.9985 40.7236 35
-73.8178 40.6152 37
-73.8527 40.8927 18
-73.7584 40.8228 33
-73.853 40.6814 22
-73.8945 40.6821 18
-73.8921 40.8687 3
-73.8873 40.6951 50
-73.9516 40.88 3
-73.9197 40.87 27
-73.7696 40.8252 39
-73.9895 40.8037 44
-73.8248 40.8952 45
-73.9407 40.7522 30
-73.9122 40.6804 21
-73.8972 40.6537 7
-73.807 40.7584 25
-73.8216 40.8632 31
-73.9802 40.8114 6
-73.9493 40.7231 1
-73.7705 40.6544 16
-73.8475 40.8016 19
-73.8886 40.7739 43
-73.7657 40.6448 50
-73.9851 40.6754 24
-73.7642 40.66 16
-73.9891 40.7841 40
-73.8949 40.661 1
-73.9083 40.8799 20
-73.7845 40.6489 3
-73.9551 40.8316 23
-73.9014 40.8753 33
-73.8401 40.6748 43
-73.8869 40.8417 38
-73.7668 40.7304 42
-73.834 40.8819 43
-73.8784 40.6316 21
-73.787 40.8159 44
-73.8074 40.8194 0
-73.8818 40.6204 36
-73.8433 40.6599 46
-73.7834 40.6422 22
-73.9652 40.6941 26
-73.9048 40.8385 18
-73.754 40.7867 31
-74.0231 40.8152 16
-73.8393 40.6616 42
-73.7999 40.6253 38
-73.9656 40.6251 19
-73.7679 40.6804 35
-73.8139 40.7255 14
-74.0202 40.8904 12
-73.9865 40.778 9
-73.9808 40.6769 11
-73.9641 40.8059 40
-73.8203 40.7875 2
-73.9621 40.8071 5
-73.8815 40.7742 16
-73.9847 40.744 43
-73.8732 40.6942 6
-73.9395 40.7536 21
-73.9235 40.7327 24
-73.948 40.71 12
-73.841 40.8155 36
-73.8991 40.6958 23
-73.845 40.7794 50
-73.8426 40.7606 26
-74.0193 40.7903 27
-73.9514 40.6738 43
-73.9004 40.6077 8
-73.8325 40.7725 38
-73.8358 40.823 8
-73.8897 40.6492 46
-73.822 40.6031 29
-74.0053 40.7159 11
-73.8543 40.8099 27
-73.8033 40.803 15
-73.9953 40.8294 11
-74.0043 40.8141 15
-73.8945 40.7542 22
-73.9462 40.8058 29
-73.934 40.8915 27
-73.7925 40.7123 24
-73.8241 40.759 1
-73.7609 40.7046 31
-73.9894 40.8818 18
-73.7607 40.6752 21
-73.7812 40.8249 35
-73.9522 40.6355 10
-73.8758 40.653 30
-74.0011 40.7116 42
-73.7609 40.6249 25
-73.7715 40.707 39
-73.8213 40.8017 38
-73.9611 40.7667 33
-73.9232 40.67 33
-73.8227 40.6152 33
-73.7674 40.7839 46
-73.8633 40.7473 2
-73.8833 40.6204 22
-73.8972 40.7324 37
-73.9771 40.8776 49
-74.0043 40.756 8
-73.9949 40.7096 21
-73.8309 40.8577 38
-73.8346 40.8763 30
-73.8779 40.7194 12
-73.9096 40.6865 5
-73.8071 40.7979 44
-73.8315 40.7138 4
-73.9605 40.7457 0
-73.8441 40.6562 49
-73.8087 40.6516 30
-73.9296 40.7511 42
-73.8275 40.8371 32
-74.0121 40.8268 3
-73.7728 40.6614 4
-73.8328 40.6782 36
-73.9692 40.7295 23
-73.7598 40.6113 26
-73.8203 40.8433 16
-73.8787 40.7199 50
-73.794 40.6929 7
-73.8509 40.8753 35
-73.8773 40.6481 48
-73.9814 40.7023 5
-73.8834 40.7664 43
-73.8415 40.8067 1
-73.8424 40.6207 7
-73.9635 40.7736 8
-73.837 40.8111 3
-73.7738 40.7278 25
-73.7755 40.8141 26
-73.9798 40.7702 13
-73.835 40.6299 27
-73.8432 40.7693 30
-73.9825 40.8163 1
-73.8826 40.6115 12
-73.9201 40.7769 31
-73.8152 40.7444 33
-73.9134 40.7423 36
-73.9487 40.6836 35
-73.7704 40.7228 30
-73.7752 40.8428 26
-73.9846 40.6752 33
-73.771 40.8538 14
-73.8867 40.7237 35
-73.9943 40.6306 22
-73.9432 40.7008 16
-73.8688 40.6608 5
-73.7902 40.7093 41
-73.9803 40.6451 23
-73.7851 40.7225 33
-74.0071 40.8653 46
-73.8157 40.7696 1
-73.8825 40.6828 44
-73.9184 40.7558 47
-73.867 40.8603 17
-73.823 40.8598 3
-73.7863 40.6276 8
-73.9973 40.7667 41
-73.8159 40.8649 44
-73.9928 40.7138 35
-74.0026 40.7417 36
-73.9179 40.7862 34
-73.9256 40.8348 21
-73.8889 40.7338 25
-73.7718 40.6442 5
-73.7611 40.6713 49
-73.9699 40.659 17
-73.9046 40.7285 18
-73.8615 40.645 34
-73.8351 40.851 41
-73.9224 40.7423 32
-73.8494 40.7122 18
-73.9332 40.6438 14
-73.793 40.6436 30
-73.7751 40.7532 17
-73.9448 40.6378 32
-73.8998 40.6471 38
-74.0202 40.7662 14
-73.9369 40.8128 42
-73.8979 40.6159 3
-73.8707 40.7255 42
-73.9745 40.876 30
-73.8985 40.879 20
-73.9034 40.8213 44
-73.9951 40.8463 29
-73.7586 40.8723 9
-73.8823 40.8129 30
-73.7983 40.8161 32
-73.8791 40.6964 44
-73.7758 40.8812 5
-73.7978 40.6991 26
-73.8027 40.7962 12
-73.8624 40.6739 45
-73.9794 40.7784 31
-73.8422 40.8575 34
-74.0233 40.7862 23
-74.0146 40.8527 18
-73.8679 40.8202 14
-73.9757 40.8651 50
-74.0144 40.7445 29
-73.9062 40.661 24
-73.768 40.8816 24
-73.7641 40.6652 0
-74.0097 40.7899 29
-73.9885 40.7488 33
-73.8814 40.8668 34
-73.919 40.8457 12
-73.827 40.6604 43
-73.9948 40.7074 39
-73.8437 40.7045 8
-73.9777 40.7987 20
-73.8671 40.7298 35
-73.8098 40.6842 13
-73.8795 40.895 38
-73.9789 40.8286 10
-74.0144 40.6324 13
-73.8096 40.6641 14
-73.9672 40.826 31
-73.9272 40.6594 5
-73.8351 40.8212 5
-73.8468 40.7137 10
-74.0185 40.8323 20
-73.7991 40.6393 17
-73.9257 40.6249 29
-73.7957 40.8416 32
-73.9283 40.684 46
-73.8226 40.8296 12
-73.7929 40.7802 6
-73.9874 40.6383 10
-74.0042 40.8845 11
-73.8389 40.8525 7
-73.8052 40.6146 3
-73.9852 40.6681 20
-73.8467 40.8913 41
-74.0147 40.8878 44
-73.7984 40.8121 30
-73.9619 40.7329 20
-74.0172 40.712 43
-73.859 40.7848 33
-73.9534 40.8915 10
-73.8722 40.6367 22
-73.8654 40.7435 45
-73.9255 40.6892 42
-73.8001 40.8404 40
-73.9023 40.8053 41
-73.9711 40.875 23
-73.8838 40.8657 50
-73.8997 40.6833 20
-74.0149 40.6579 41
-73.8298 40.8321 36
-73.8527 40.6013 32
-73.8961 40.757 16
-73.9861 40.715 43
-73.9001 40.6873 49
-73.754 40.7041 40
-73.8613 40.6753 10
-73.8848 40.7801 50
-73.8737 40.6327 26
-73.8692 40.8009 3
-73.7871 40.644 37
-73.9147 40.7646 25
-73.774 40.6766 2
-73.9307 40.6516 31
-73.8701 40.7112 18
-74 40.7242 5
-73.8386 40.8577 27
-74.0071 40.6336 50
-73.8349 40.7409 3
-73.7758 40.8537 50
-73.9898 40.6572 33
-73.7609 40.6481 7
-73.761 40.8519 3
-73.7674 40.6842 23
-73.7898 40.7144 38
-73.8419 40.8022 16
-73.8378 40.65 0
-73.9753 40.7978 34
-73.9361 40.6956 4
-73.9033 40.793 48
-73.8451 40.6513 0
-73.9939 40.7663 49
-74.0169 40.8619 45
-73.8757 40.7445 41
-73.8661 40.74 38
-73.9768 40.7131 42
-74.022 40.7349 45
-73.9558 40.8482 21
-73.9139 40.7558 4
-73.8124 40.6918 9
-73.856 40.6975 7
-73.9006 40.649 47
-74.0149 40.7674 50
-73.9334 40.7054 8
-73.921 40.7784 1
-74.0022 40.7457 14
-73.9049 40.697 0
-73.9961 40.8823 17
-73.7576 40.6135 49
-73.9639 40.6761 22
-73.9471 40.8607 43
-73.873 40.8665 43
-73.9602 40.6781 19
-73.8223 40.8266 21
-73.8983 40.6547 44
-73.7723 40.6869 32
-73.8766 40.6173 9
-73.817 40.6107 26
-73.7619 40.6685 30
-73.8752 40.8298 39
-74.0093 40.6223 50
-73.8886 40.8214 48
-73.7775 40.841 14
-73.7777 40.7187 8
-73.9667 40.7109 13
-73.9597 40.6999 26
-73.8597 40.6076 41
-73.8772 40.8207 40
-73.9011 40.6731 35
-73.8451 40.6825 17
-73.8377 40.8301 46
-73.7607 40.7218 8
-74.0202 40.8723 5
-74.0036 40.714 24
-73.9131 40.878 35
-74.0203 40.7152 38
-73.8739 40.6357 8
-73.8054 40.6576 21
-73.8805 40.7394 19
-73.8903 40.6648 22
-73.7554 40.7042 22
-73.7585 40.7708 28
-73.8867 40.8158 4
-73.9767 40.7114 13
-73.7924 40.864 40
-73.9557 40.7629 36
-73.8921 40.8537 21
-73.7764 40.7685 50
-73.8649 40.7213 2
-73.9882 40.8863 34
-73.8713 40.6874 15
-73.7578 40.6991 26
-73.8055 40.7762 10
-73.9791 40.6593 40
-73.8105 40.6483 12
-73.8839 40.8565 16
-73.813 40.8819 41
-73.8382 40.7859 39
-73.8655 40.837 24
-73.804 40.6879 29
-73.781 40.6777 23
-73.8459 40.7666 34
-73.8224 40.8901 14
-74.0219 40.6186 47
-73.8127 40.6855 37
-73.8957 40.8727 45
-73.8205 40.7389 24
-73.8868 40.8468 48
-73.7757 40.6785 20
-73.8156 40.7349 21
-73.8489 40.8452 13
-73.9747 40.8329 50
-73.9087 40.7876 48
-73.7683 40.7122 12
-74.0121 40.6289 43
-73.7659 40.8568 26
-73.7542 40.6635 20
-73.9257 40.6612 19
-73.7809 40.8415 21
-73.8279 40.7233 30
-73.8433 40.8186 0
-73.9882 40.8006 16
-73.9016 40.6774 7
-73.8619 40.6229 44
-73.9649 40.8323 48
-73.8237 40.6646 1
-73.8182 40.7248 13
-73.798 40.7844 32
-73.9938 40.6064 21
-73.9957 40.7294 1
-73.9344 40.7117 27
-74.002 40.6154 9
-73.7973 40.7096 43
-73.9482 40.8081 45
-73.912 40.7643 27
-73.8278 40.6704 7
-73.8072 40.7192 44
-74.0129 40.7447 49
-73.8265 40.8597 15
-73.9828 40.8679 1
-73.7686 40.7683 10
-73.8664 40.6468 3
-73.8685 40.663 1
-74.0057 40.8279 19
-73.9277 40.7843 35
-73.9817 40.7675 35
-73.8056 40.8177 8
-74.0199 40.8381 47
-73.8704 40.8918 37
-73.8856 40.7409 27
-73.9833 40.7558 17
-74.0144 40.824 25
-73.8984 40.8051 1
-73.977 40.8798 37
-73.9455 40.794 42
-73.9043 40.6186 19
-73.8837 40.8182 35
-73.9244 40.6376 21
-74.0154 40.6353 37
-73.8751 40.8091 26
-73.7603 40.8796 19
-73.9736 40.6907 35
-73.7943 40.8367 9
-73.9602 40.7564 44
-73.8996 40.6564 30
-73.802 40.6165 43
-73.7742 40.8425 1
-73.949 40.6304 42
-74.02 40.7793 0
-73.8543 40.693 29
-73.8476 40.8176 37
-73.9883 40.6942 0
-73.8698 40.6635 31
-73.7865 40.7121 30
-73.9182 40.8359 3
-73.8637 40.6987 44
-73.8959 40.8573 36
-74.0039 40.6559 2
-73.8393 40.7928 17
-73.9378 40.8895 11
-73.9637 40.6194 40
-73.8477 40.6545 37
-73.8795 40.6842 24
-73.7624 40.8617 17
-74.0215 40.693 11
-73.8028 40.7611 9
-73.8495 40.7468 14
-73.9285 40.8051 4
-73.9261 40.6885 29
-73.9286 40.6863 46
-73.8219 40.8347 47
-73.809 40.6917 29
-73.9963 40.8043 9
-73.8842 40.761 50
-74.0214 40.7562 32
-73.9717 40.6517 22
-73.9844 40.8578 9
-73.8073 40.8437 16
-73.8607 40.8382 5
-73.8227 40.7953 25
-73.7811 40.7345 13
-73.9007 40.8833 24
-73.8386 40.8679 30
-73.823 40.703 19
-73.7998 40.6403 5
-73.8092 40.713 17
-73.9577 40.6084 6
-73.831 40.7717 47
-73.8643 40.7708 3
-73.922 40.6714 41
-73.9493 40.6144 32
-73.8465 40.7045 46
-74.0024 40.8518 24
-73.9974 40.6374 22
-73.9164 40.7957 21
-73.9538 40.7689 39
-73.9605 40.7876 30
-73.9971 40.7022 40
-73.9119 40.6794 12
-73.8076 40.7738 30
-73.8399 40.8434 33
-73.9199 40.6584 6
-73.869 40.7799 13
-73.9916 40.6163 6
-73.9789 40.7029 14
-73.9631 40.7507 13
-73.9466 40.7514 7
-73.8016 40.8035 15
-73.8442 40.6597 35
-74.0011 40.6386 9
-73.7949 40.6868 18
-73.9691 40.8041 2
-73.9619 40.8609 12
-73.9736 40.8591 32
-73.8696 40.8757 45
-73.9365 40.6529 49
-73.8292 40.6486 32
-73.7703 40.83 9
-73.8895 40.7476 17
-73.9245 40.8146 47
-74.0229 40.7499 21
-73.8467 40.7847 19
-73.7701 40.8265 13
-73.9996 40.7677 46
-74.0073 40.7405 36
-73.8205 40.6202 31
-73.8903 40.827 29
-74.0166 40.7384 49
-73.9816 40.7091 42
-73.9733 40.8417 2
-73.8153 40.7289 16
-73.7778 40.7515 31
-73.9557 40.8906 25
-73.8911 40.6823 50
-74.0166 40.6184 46
-73.8791 40.6913 14
-73.9986 40.7322 33
-73.8659 40.7533 25
-73.8379 40.7247 2
-73.9962 40.7719 34
-73.994 40.619 32
-73.978 40.82 33
-73.9922 40.7775 47
-74.0068 40.708 49
-73.8039 40.8671 28
-73.8937 40.807 6
-73.8916 40.6596 3
-74.0233 40.8873 21
-73.7764 40.6107 40
-73.9619 40.6797 23
-73.9209 40.8913 29
-73.9076 40.6641 13
-74.0175 40.7423 6
-73.9638 40.6415 28
-73.8298 40.832 13
-73.7545 40.6591 6
-73.7985 40.6826 31
-73.9284 40.7067 25
-73.9506 40.7712 44
-73.7662 40.8542 11
-73.9542 40.672 45
-73.9242 40.6061 21
-73.9476 40.8443 47
-73.7881 40.8708 26
-73.9873 40.7886 7
-73.8541 40.8561 13
-74.0167 40.8833 18
-73.875 40.6883 37
-73.9004 40.6517 39
-73.8754 40.6088 24
-73.7612 40.8459 40
-74.0154 40.8536 18
-73.8488 40.703 12
-73.8044 40.6311 46
-73.8824 40.7528 10
-74.0055 40.8898 25
-73.928 40.6974 14
-73.9015 40.7472 44
-73.8013 40.6126 13
-73.9828 40.856 31
-73.8032 40.8804 1
-73.9769 40.6849 14
-73.9609 40.6424 1
-73.8576 40.6457 8
-73.8752 40.7762 23
-73.8265 40.6431 45
-73.8533 40.7778 6
-73.9888 40.8638 1
-73.8387 40.7779 11
-73.9782 40.6213 8
-73.8042 40.7461 7
-73.7787 40.669 24
-73.8047 40.6864 33
-73.9625 40.6281 18
-73.7874 40.6596 35
-73.9538 40.8798 5
-73.8705 40.6347 45
-73.8587 40.8447 11
-73.7932 40.7902 32
-73.7899 40.6289 12
-73.9022 40.7762 24
-74.0218 40.6502 44
-73.8007 40.7502 35
-73.8374 40.681 9
-73.7553 40.6417 21
-73.9957 40.7279 34
-73.9395 40.7158 38
-73.9094 40.7678 3
-73.8978 40.7824 24
-73.9609 40.7526 21
-73.7562 40.8415 34
-73.9702 40.8313 47
-74.0151 40.6901 37
-73.8918 40.8262 22
-73.8455 40.6504 5
-73.8135 40.7318 26
-73.8476 40.6434 42
-73.8609 40.6599 3
-73.9209 40.8495 20
-73.7805 40.6527 39
-73.8038 40.7627 24
-73.8797 40.7758 46
-74.0132 40.7514 20
-74.0203 40.6185 5
-73.9199 40.6068 18
-73.802 40.6938 27
-73.7816 40.7572 18
-73.982 40.6149 11
-73.9623 40.6551 21
-73.8526 40.806 1
-73.8779 40.7374 32
-73.8266 40.6997 29
-73.7635 40.7897 1
-73.874 40.6866 19
-73.9041 40.8741 0
-73.8202 40.7273 4
-73.7893 40.7405 22
-73.8419 40.7636 15
-73.8123 40.7599 15
-73.7905 40.6995 7
-73.757 40.6818 0
-73.7887 40.6287 41
-73.7594 40.6624 43
-73.7549 40.7031 39
-73.8735 40.6936 4
-73.9697 40.8747 6
-73.9965 40.7704 38
-73.8398 40.7315 47
-73.7742 40.7973 35
-73.8118 40.8538 6
-73.9909 40.8219 25
-73.8853 40.6062 14
-73.973 40.8741 39
-73.89 40.6249 31
-74.0129 40.7279 25
-74.002 40.7092 12
-73.7887 40.7431 4
-73.7658 40.7157 9
-73.757 40.7703 23
-73.9243 40.8254 17
-73.898 40.8845 11
-73.9756 40.8398 43
-74.0205 40.736 13
-73.9029 40.6168 18
-73.8811 40.6111 49
-73.928 40.8506 22
-73.9003 40.6067 44
-74.0215 40.7052 0
-73.8461 40.7893 13
-73.8925 40.6433 38
-73.7799 40.8579 49
-73.8692 40.8127 22
-73.7881 40.809 20
-73.804 40.7555 20
-73.9042 40.8187 13
-73.8234 40.7264 21
-74.0135 40.8631 34
-73.9457 40.6745 35
-73.9097 40.7816 24
-73.9896 40.7203 21
-73.8101 40.8527 2
-73.9154 40.7804 41
-73.9259 40.8358 5
-73.895 40.7686 0
-73.9351 40.6722 32
-73.9711 40.6188 31
-73.7896 40.8361 41
-73.8089 40.6433 20
-74.0024 40.829 31
-73.7617 40.8618 28
-73.8521 40.6672 21
-73.9953 40.7305 47
-73.9912 40.8447 2
-73.8033 40.7664 6
-73.8779 40.6442 29
-73.8507 40.8706 7
-73.7889 40.723 48
-73.8131 40.8818 7
-73.9525 40.8275 21
-73.9007 40.8169 33
-73.8441 40.6882 28
-73.8388 40.8216 0
-73.9235 40.6558 10
-73.7804 40.6912 36
-73.815 40.6394 7
-73.8022 40.6827 40
-73.839 40.8204 11
-73.8698 40.8719 50
-73.7774 40.8062 44
-73.7778 40.7865 25
-73.9511 40.7494 39
-73.8815 40.7864 41
-73.8054 40.7608 34
-73.9267 40.7511 16
-73.774 40.7418 22
-74.0103 40.8111 13
-73.8185 40.8503 23
-73.9663 40.7354 29
-73.7755 40.7697 50
-73.9184 40.7017 22
-73.9132 40.7896 22
-73.9468 40.7082 15
-73.9728 40.674 42
-73.879 40.7145 50
-73.9784 40.6548 13
-73.8729 40.8659 14
-73.9792 40.8207 41
-73.7992 40.7282 47
-73.817 40.7004 29
-73.7893 40.8019 29
-73.7554 40.8052 29
-73.905 40.738 22
-73.8093 40.6471 46
-73.9871 40.6442 16
-73.877 40.6409 47
-73.8265 40.764 50
-73.7629 40.6514 44
-73.9626 40.8713 4
-73.9531 40.8669 40
-73.9445 40.6659 19
-73.8151 40.6684 27
-73.8619 40.7374 24
-73.9666 40.7803 22
-73.8704 40.6877 39
-73.8094 40.6507 42
-73.8745 40.6801 44
-73.9421 40.7342 30
-73.7853 40.7503 46
-73.8133 40.8258 8
-73.9282 40.8066 39
-73.7988 40.7604 6
-73.919 40.665 17
-73.7575 40.7315 41
-73.7912 40.8684 13
-73.7547 40.6295 8
-74.0131 40.7982 36
-74.0158 40.7323 15
-73.7909 40.6261 45
-73.9427 40.6283 25
-73.8419 40.7194 9
-73.8547 40.8865 7
-73.8134 40.7586 47
-73.8006 40.6285 25
-74.0113 40.7331 22
-74.0007 40.7762 26
-73.8432 40.7594 3
-73.8834 40.8656 46
-73.9306 40.8706 2
-73.9455 40.6622 38
-73.9425 40.8518 12
-73.8162 40.6269 48
-73.9815 40.7927 12
-73.7963 40.7504 13
-73.8958 40.846 50
-73.9102 40.7411 29
-73.9944 40.8027 15
-73.8342 40.6943 37
-73.9489 40.7043 32
-73.9895 40.792 16
-73.9239 40.7702 39
-73.8527 40.8199 13
-73.8454 40.6217 43
-73.9397 40.7599 18
-73.9132 40.7764 31
-73.9937 40.8086 7
-73.808 40.6536 16
-73.7853 40.7689 2
-73.7832 40.8098 26
-73.7992 40.7357 48
-73.9212 40.724 46
-73.7659 40.6801 23
-73.9934 40.8277 8
-73.8055 40.6731 32
-73.8686 40.6024 38
-73.8842 40.8117 43
-73.8954 40.8156 0
-73.9745 40.7561 11
-74.0001 40.6164 24
-73.8929 40.7738 17
-73.9775 40.8896 1
-73.7919 40.7586 16
-73.8179 40.8263 35
-73.8717 40.6952 50
-73.9563 40.7683 36
-73.9486 40.6576 24
-73.9765 40.8428 46
-73.8599 40.6898 7
-73.9157 40.882 43
-73.8486 40.8259 50
-73.8605 40.8318 9
-73.7959 40.743 12
-73.7652 40.6428 3
-73.8802 40.6268 31
-74.0113 40.8402 11
-73.9162 40.8891 18
-73.9511 40.8533 6
-73.7994 40.751 50
-73.8321 40.8929 9
-73.7832 40.8648 45
-73.9953 40.7092 20
-74.0199 40.7709 49
-73.8316 40.7797 11
-73.8189 40.8272 5
-73.8687 40.689 2
-74.0206 40.7099 7
-73.9062 40.6857 35
-73.7876 40.6592 5
-73.9709 40.6151 24
-73.9879 40.8267 39
-73.8219 40.7112 33
-74.0232 40.6872 5
-73.9207 40.6633 50
-73.9078 40.818 26
-74.0044 40.7623 23
-73.9418 40.7297 43
-73.9426 40.8434 10
-73.91 40.6225 11
-73.8215 40.8457 9
-73.8024 40.808 4
-73.7805 40.7789 22
-73.8113 40.6868 25
-73.7711 40.8338 25
-73.9247 40.7313 45
-73.8414 40.703 0
-73.7729 40.8281 39
-73.9285 40.6485 24
-73.9814 40.7948 50
-73.7643 40.7531 25
-73.8746 40.7956 17
-74.0071 40.7332 22
-73.8626 40.7471 15
-73.9167 40.6906 3
-73.8171 40.8195 43
-73.8556 40.7698 13
-73.9843 40.7713 21
-73.8094 40.6616 20
-74.0009 40.6105 50
-73.8777 40.8209 6
-73.9233 40.8676 41
-73.9204 40.6602 49
-73.8283 40.8138 24
-73.8744 40.7936 3
-73.9985 40.848 50
-73.8816 40.8314 35
-73.8114 40.8503 12
-73.9801 40.8799 27
-73.9758 40.8422 1
-73.8273 40.7293 1
-73.8956 40.7846 40
-73.7585 40.7129 16
-73.8097 40.6145 28
-73.9636 40.7219 14
-73.9001 40.7892 11
-73.7875 40.8371 12
-73.9128 40.6373 48
-73.9151 40.7116 14
-73.8244 40.8371 30
-73.975 40.8379 25
-73.9911 40.6299 18
-73.9851 40.8783 43
-73.9131 40.8306 4
-73.8173 40.7833 36
-73.7999 40.6503 17
-73.9639 40.6707 7
-73.8506 40.7922 38
-73.9671 40.6176 9
-73.8468 40.6212 39
-73.9067 40.8679 25
-73.9475 40.6318 23
-73.8078 40.6115 30
-73.8915 40.6427 38
-73.8337 40.7456 11
-73.8889 40.765 15
-73.9996 40.7815 7
-74.0094 40.6979 34
-73.9248 40.6336 17
-73.945 40.8794 18
-74.0008 40.8746 14
-73.9302 40.7425 3
-73.7596 40.8045 49
-73.8245 40.7493 21
-73.8673 40.7814 13
-73.8862 40.6667 10
-73.8288 40.6313 8
-73.8928 40.6275 44
-74.0163 40.871 41
-73.9704 40.6814 29
-73.8791 40.814 7
-73.8588 40.8745 13
-73.8309 40.6745 30
-73.7874 40.7107 35
-73.9975 40.8908 20
-73.9292 40.7397 48
-73.9854 40.7292 1
-73.8445 40.6963 19
-73.793 40.7695 34
-73.9216 40.8636 2
-73.9235 40.8591 20
-73.7997 40.8411 2
-73.9172 40.8329 44
-73.9897 40.6354 15
-73.9463 40.8491 29
-73.8387 40.8143 15
-73.7567 40.6325 45
-73.9028 40.6401 43
-73.8766 40.7985 43
-74.0222 40.8482 4
-73.8935 40.6542 32
-73.8856 40.7307 43
-73.8244 40.8533 0
-73.9467 40.8034 41
-73.8732 40.6404 21
-73.7654 40.8128 38
-73.9899 40.8882 31
-74.0009 40.6414 3
-73.8402 40.6692 8
-73.7817 40.775 10
-73.8322 40.704 32
-74.014 40.848 37
-73.9687 40.7544 4
-73.9545 40.8348 44
-73.9403 40.6619 2
-74.0067 40.6962 41
-73.8159 40.7172 16
-73.9414 40.7445 24
-73.8016 40.8857 50
-73.8734 40.8564 0
-73.8698 40.8067 4
-73.9332 40.6777 18
-73.7713 40.6068 21
-73.7553 40.8856 8
-73.9842 40.8019 11
-73.8198 40.7065 49
-74.0058 40.7978 0
-73.9327 40.6379 49
-73.7914 40.7394 43
-73.9666 40.8799 2
-73.8845 40.8326 39
-73.8649 40.8567 50
-73.963 40.6999 17
-73.8345 40.7055 38
-73.9762 40.7832 47
-73.9767 40.8763 36
-73.8271 40.7557 3
-73.8339 40.6927 25
-73.7863 40.8096 26
-73.9954 40.609 47
-73.8012 40.852 44
-73.7705 40.7513 28
-73.8368 40.7413 12
-73.8888 40.7467 8
-73.9124 40.6762 47
-73.8487 40.709 29
-73.8031 40.7607 48
-73.846 40.6684 2
-73.8037 40.8815 45
-73.9379 40.845 28
-73.8614 40.6613 11
-73.9108 40.7694 39
-73.8506 40.7556 3
-73.812 40.614 27
-73.79 40.772 18
-73.8023 40.7935 37
-73.9693 40.8116 41
-73.8873 40.7906 15
-73.8595 40.6249 17
-73.9401 40.6507 44
-73.7595 40.8758 31
-73.8911 40.6664 22
-73.7656 40.6845 47
-73.985 40.7834 45
-73.8567 40.7205 44
-73.9988 40.6438 29
-74.0119 40.7026 2
-73.8584 40.6306 47
-73.7737 40.8117 3
-73.8967 40.745 18
-73.7605 40.7846 40
-73.8824 40.7946 11
-73.9717 40.6653 25
-73.8734 40.7238 11
-73.958 40.7862 25
-73.7888 40.8777 26
-73.843 40.8358 14
-73.9572 40.6851 19
-73.9385 40.7458 45
-73.9816 40.8768 24
-73.9896 40.8109 44
-73.8816 40.8665 27
-73.7768 40.6848 11
-73.8177 40.7802 21
-73.9636 40.8628 50
-73.8741 40.639 10
-73.8372 40.8114 43
-73.9654 40.8259 32
-73.9326 40.7327 33
-73.9512 40.7023 44
-73.7556 40.8591 16
-74.0216 40.6107 16
-73.7744 40.7366 9
-73.7897 40.7619 15
-73.7982 40.7293 20
-73.8892 40.7312 25
