89 14 625
21 444 510
400 321 841
255 173 534
446 268 411
397 275 934
297 99 566
21 30 741
460 227 946
37 106 937
353 28 891
433 18 586
426 88 760
153 444 534
16 200 931
157 483 430
162 278 984
451 203 878
219 428 916
82 256 701
346 178 491
329 14 727
90 404 839
32 235 662
89 434 816
272 462 775
208 392 703
93 71 788
38 101 679
377 11 998
174 244 611
458 123 958
461 287 468
78 178 908
167 329 918
456 149 536
258 134 727
136 53 722
281 193 524
346 458 975
66 28 974
98 224 622
466 367 638
230 103 944
385 166 895
456 427 990
348 440 570
220 46 515
499 450 543
95 200 579
353 263 854
101 169 651
261 13 628
479 397 691
233 485 605
232 188 965
343 144 859
310 154 492
172 103 705
349 105 653
376 241 833
192 55 710
97 330 893
352 6 882
405 362 587
485 326 874
228 176 682
247 243 440
11 395 638
173 312 934
131 160 527
341 193 589
296 286 669
16 97 913
290 65 729
385 29 892
45 155 940
124 323 469
140 19 754
198 12 943
425 55 604
335 347 523
155 391 530
355 26 948
57 102 689
287 160 835
333 109 457
468 47 779
62 126 556
75 351 599
216 125 519
477 75 509
31 413 413
137 484 633
18 424 631
108 130 828
334 417 915
449 316 672
425 44 870
264 33 792
427 474 752
298 327 607
425 455 597
262 324 425
374 402 815
169 37 939
198 350 530
52 5 413
204 15 956
305 39 566
190 492 514
45 206 472
29 239 678
121 78 755
473 43 884
290 318 478
132 82 695
80 498 530
284 60 454
454 139 869
41 282 880
228 296 705
407 203 677
56 343 991
103 36 458
39 112 749
438 35 947
316 176 814
317 185 699
181 94 922
196 112 908
42 97 481
230 399 833
1 405 680
55 475 430
489 398 678
159 47 479
432 238 532
285 196 502
293 233 863
148 463 541
177 400 598
400 114 485
276 75 670
284 0 596
474 49 580
305 429 911
274 339 931
4 423 614
123 346 709
138 177 590
180 146 698
449 389 810
362 423 886
341 428 755
347 108 889
351 258 425
110 341 766
75 333 749
488 205 409
118 420 724
393 131 929
337 80 770
36 210 705
299 315 996
164 307 919
446 220 430
46 458 663
42 344 596
105 96 859
249 1 405
0 412 751
125 443 978
159 373 510
161 265 637
335 271 986
160 497 891
340 95 829
358 457 606
232 235 845
35 496 766
376 8 767
135 256 948
396 106 674
400 427 763
361 291 656
279 336 841
473 88 744
141 31 488
350 381 545
167 282 608
64 44 465
315 400 428
281 445 476
430 290 774
364 149 966
189 9 546
151 375 467
442 402 893
426 118 704
212 59 700
104 52 757
385 311 461
10 188 606
84 440 825
135 295 701
326 209 629
346 292 728
229 48 648
115 229 886
292 123 526
437 190 846
174 477 408
254 31 773
374 339 830
181 284 901
410 312 773
324 432 636
140 157 778
106 306 845
423 125 868
141 496 543
75 402 534
39 435 693
427 19 582
53 456 932
237 408 467
316 204 796
326 57 725
238 237 643
36 431 621
165 201 611
255 145 698
49 467 683
186 306 780
498 115 918
486 72 463
481 184 648
218 316 508
210 74 803
86 324 685
361 214 610
206 117 734
136 465 775
178 357 878
42 35 753
478 179 970
34 14 679
280 58 447
145 280 962
341 189 824
410 69 642
478 239 738
65 199 535
198 248 870
85 234 401
277 340 894
129 24 554
130 54 474
443 136 519
157 274 996
9 442 989
208 157 622
94 17 528
79 396 931
139 168 516
223 313 863
399 228 625
487 333 857
343 299 794
142 152 744
97 211 954
201 31 562
226 370 537
185 241 619
51 343 684
152 466 478
178 328 947
145 240 651
310 6 552
401 148 625
360 467 750
50 127 836
283 191 415
108 209 581
19 182 984
74 123 565
221 226 546
279 65 711
18 177 923
349 37 910
149 135 576
450 401 862
482 113 862
31 154 944
6 345 599
205 134 604
352 16 756
117 116 587
78 121 850
309 488 673
99 496 460
321 102 785
141 421 413
20 319 591
205 417 988
477 103 597
492 472 844
136 95 657
469 97 621
420 234 669
106 355 830
384 270 877
444 220 630
447 124 580
7 446 486
150 325 925
370 407 604
233 367 947
145 114 945
335 192 717
344 471 873
399 332 727
274 100 881
439 187 543
445 307 797
265 92 913
160 260 690
368 57 988
66 106 628
253 37 923
480 227 564
108 316 456
395 67 811
173 326 614
131 393 867
120 471 795
464 391 406
255 488 734
274 168 869
341 40 668
493 190 977
117 108 730
107 44 765
414 172 576
396 235 742
82 362 604
379 135 590
287 434 429
139 350 960
495 334 477
276 24 658
497 76 546
180 184 952
351 417 823
412 117 788
186 443 757
285 449 630
234 99 589
183 436 504
46 26 947
436 185 789
180 192 407
13 443 791
254 154 588
389 334 842
61 4 950
402 426 590
455 127 792
156 7 458
244 273 804
339 347 551
210 269 525
207 482 428
112 61 791
143 204 626
433 65 608
338 172 879
196 416 413
57 327 414
470 357 908
275 105 926
250 163 470
456 128 548
352 276 932
234 453 751
134 9 400
230 309 850
278 177 883
34 443 732
379 391 593
459 233 724
324 232 696
471 172 439
73 76 533
317 336 927
432 399 692
162 235 868
443 196 424
291 285 711
389 36 930
193 166 979
61 20 520
375 50 496
419 330 798
389 440 617
235 120 718
54 354 705
169 234 686
323 274 931
191 181 701
147 402 419
460 464 656
406 335 931
277 370 441
131 377 951
330 21 681
48 312 947
228 427 647
131 9 738
434 469 930
474 276 810
66 231 430
337 336 605
328 185 464
411 86 965
268 211 821
124 253 708
336 145 817
5 190 993
188 71 968
450 112 403
166 278 405
153 113 861
123 396 986
93 237 864
273 318 686
271 20 527
447 314 627
154 171 490
82 260 712
153 447 990
102 299 978
329 122 785
242 71 638
147 134 887
401 486 477
409 187 935
309 447 738
336 342 472
86 361 496
335 238 582
222 22 571
210 164 996
97 1 466
320 64 485
341 143 692
218 281 945
19 12 670
183 334 919
486 237 402
441 214 434
258 90 416
364 394 888
77 65 986
379 45 884
270 407 873
309 479 536
147 173 640
276 209 426
15 169 803
465 27 777
290 475 987
40 360 684
215 112 727
391 34 998
462 9 803
293 66 840
372 66 640
51 334 697
178 251 406
289 309 975
20 460 767
190 96 641
15 353 965
154 470 514
291 334 427
357 404 657
245 92 418
304 248 468
161 143 524
342 440 657
39 225 815
295 253 704
272 449 660
209 64 816
348 6 597
109 196 856
232 257 688
488 418 563
32 370 532
242 211 478
426 12 864
391 55 812
427 498 757
90 173 997
4 368 412
495 50 482
12 74 840
16 255 681
232 100 539
207 346 963
424 313 466
466 318 744
110 18 910
292 381 737
383 47 408
416 323 630
252 100 524
205 364 431
487 150 532
342 119 467
337 75 680
153 423 493
188 410 831
416 106 429
421 199 521
72 112 510
66 493 828
266 425 409
40 235 647
48 448 943
220 319 665
273 257 438
415 162 935
426 102 883
89 2 498
187 193 819
181 363 761
380 484 874
202 124 991
490 369 876
391 271 556
400 96 598
488 498 825
438 134 817
446 475 504
483 401 430
78 6 408
292 21 751
125 487 507
223 34 997
334 444 516
75 124 863
299 440 758
455 393 758
160 298 643
142 412 883
151 420 913
114 220 413
472 402 736
331 405 439
411 108 686
106 367 586
362 51 768
59 356 797
417 137 765
224 359 808
61 423 561
227 262 403
309 32 735
34 420 710
481 174 971
423 376 429
203 311 667
38 91 776
491 409 448
52 458 963
18 235 821
202 483 941
194 484 525
240 472 915
114 291 630
123 498 694
429 273 644
90 271 440
282 401 956
248 436 948
268 423 529
400 7 433
479 158 606
442 187 670
295 316 831
328 382 713
163 163 821
11 215 414
50 283 592
11 200 437
481 441 469
184 476 764
99 295 959
109 422 670
225 48 961
17 213 688
443 444 903
357 416 831
454 217 627
257 183 627
444 103 657
53 184 528
1 325 542
357 221 614
146 397 970
335 398 710
185 377 563
329 315 524
425 247 872
125 81 407
57 319 953
471 296 738
30 386 425
226 120 892
289 256 598
300 233 986
339 117 610
39 159 847
238 296 450
468 246 933
269 304 951
454 311 421
239 16 875
273 181 523
348 251 730
389 386 554
230 363 940
93 397 584
224 370 416
250 374 796
278 157 602
428 144 829
410 378 589
127 290 521
157 59 909
163 463 923
137 108 466
189 271 783
257 139 698
369 50 571
389 470 442
358 367 871
39 451 804
99 19 472
431 489 607
309 287 830
337 443 834
454 338 579
209 358 818
285 129 677
49 71 425
473 368 425
62 246 416
19 464 627
114 115 633
348 455 724
359 64 803
190 159 736
101 343 809
38 483 884
390 124 922
450 474 417
470 172 915
311 337 777
334 220 699
293 309 959
24 333 860
67 133 616
118 272 703
415 172 435
129 396 512
411 77 443
4 113 802
27 321 411
291 221 575
144 212 959
305 91 534
398 415 742
357 125 745
245 182 826
73 53 555
331 57 504
233 401 467
187 457 615
278 163 565
291 179 490
144 42 902
170 53 531
422 22 441
141 278 987
83 150 477
94 134 482
393 91 834
170 436 913
62 117 703
475 322 584
263 13 929
472 100 884
314 217 798
221 406 535
42 193 714
230 67 718
267 199 948
339 414 738
77 193 747
464 144 507
347 487 504
441 217 593
233 424 926
5 341 441
440 304 407
206 201 900
408 211 554
371 402 996
112 19 875
474 345 804
425 465 990
431 208 440
155 445 740
154 342 674
259 203 872
383 103 885
164 449 604
472 293 989
433 434 544
152 10 688
428 135 425
368 228 660
242 437 733
445 481 994
128 462 417
423 182 926
369 483 928
49 269 568
130 158 411
492 493 616
294 390 701
374 151 765
451 483 913
141 427 431
149 436 721
199 170 493
178 365 640
138 457 900
256 110 627
96 232 589
37 351 597
252 416 770
418 88 906
387 399 702
396 11 646
483 42 692
202 21 509
495 445 863
488 176 458
494 449 999
467 433 606
419 129 441
462 139 947
136 71 831
461 284 793
115 262 859
417 360 854
377 138 696
325 198 969
137 26 417
70 112 783
384 208 413
347 21 977
496 424 919
218 18 511
187 55 958
18 471 628
339 113 996
398 116 727
454 445 713
433 388 881
460 373 912
180 386 995
332 406 976
193 447 598
349 303 605
102 358 565
237 285 814
86 492 691
340 81 720
293 320 490
291 318 829
31 333 471
35 318 730
116 61 748
4 397 414
139 440 528
274 429 772
132 401 645
481 431 428
326 235 626
236 208 520
448 221 781
15 285 633
461 405 931
327 408 873
156 323 892
421 493 551
241 137 670
352 425 745
485 297 578
193 296 677
323 295 743
378 248 972
161 261 961
111 493 784
458 329 429
73 7 579
207 115 793
218 196 697
12 18 976
195 250 722
323 282 882
228 346 485
177 497 831
471 2 517
159 319 949
90 297 546
385 224 453
213 393 645
259 488 481
413 107 828
499 64 488
327 276 470
194 416 949
319 126 990
497 76 655
499 30 758
102 69 595
268 429 892
248 36 836
185 215 438
232 80 735
393 128 943
297 487 909
136 99 577
289 273 508
66 403 907
174 81 899
141 352 638
315 461 951
307 477 982
96 432 985
122 362 934
290 155 576
410 450 533
95 194 983
265 497 842
334 486 785
335 171 535
444 210 955
469 107 400
19 474 863
446 304 792
382 238 550
261 111 885
474 23 420
288 484 790
178 494 464
49 197 437
94 387 949
391 1 589
327 109 701
18 34 761
440 265 867
385 422 941
220 437 644
353 192 602
466 388 716
0 47 622
448 307 577
471 382 913
81 40 506
134 315 556
195 22 490
163 72 627
271 140 835
235 451 540
265 1 791
468 364 450
443 439 516
33 25 765
353 212 920
112 457 934
479 173 656
81 357 684
185 434 753
140 250 452
394 363 720
137 408 653
405 443 452
295 455 534
64 21 916
351 177 761
352 372 801
111 21 464
0 403 601
405 123 662
112 242 835
194 471 482
152 2 455
158 342 567
41 209 848
354 149 753
451 324 497
106 130 946
328 163 944
495 224 923
20 430 536
452 294 901
282 43 750
260 220 403
68 333 593
124 133 599
420 162 910
181 385 531
105 173 528
280 203 437
130 370 556
223 463 521
127 109 945
72 255 424
163 91 864
202 290 663
282 433 654
239 333 984
207 163 544
276 81 924
357 340 976
183 240 660
179 443 695
349 144 736
38 302 929
153 206 770
171 389 532
373 200 945
157 448 509
145 292 913
444 430 919
109 432 735
439 91 706
25 442 983
224 384 908
259 381 519
499 408 768
393 458 536
372 148 522
223 337 513
205 497 659
453 239 669
480 178 877
284 392 417
242 25 706
176 74 486
144 320 963
333 359 767
15 291 579
118 237 684
305 422 791
301 136 927
127 69 599
387 264 757
177 392 612
65 466 770
432 400 658
213 34 705
155 229 633
423 332 736
252 245 508
360 41 868
298 103 722
489 192 591
413 194 498
96 89 684
38 247 912
386 248 495
88 401 768
260 469 567
244 438 994
233 46 837
55 309 646
111 363 872
449 451 871
467 208 438
132 44 502
229 57 959
353 79 988
132 125 837
154 216 975
384 16 852
425 13 945
56 351 622
177 285 531
458 413 792
251 284 650
138 259 558
451 326 989
34 2 807
366 86 906
141 285 424
277 286 440
239 448 919
91 341 529
360 198 414
102 200 608
66 377 446
376 231 985
42 182 796
227 140 746
47 378 593
332 222 695
381 98 937
101 72 612
200 489 770
321 438 709
320 392 786
35 123 924
476 438 537
54 41 858
260 139 916
93 269 628
101 293 764
444 216 780
193 500 800
329 466 493
39 27 463
134 122 757
155 69 918
357 11 744
241 54 844
310 214 766
60 247 957
236 130 777
275 351 845
250 57 869
181 85 573
280 50 539
358 307 626
377 209 759
496 252 847
61 72 582
200 247 484
283 60 767
255 178 844
231 240 888
179 291 939
332 276 964
337 448 415
365 130 729
305 127 779
139 26 542
367 85 737
462 364 965
437 467 676
351 282 738
397 406 446
276 242 633
100 234 941
443 287 479
156 274 737
251 306 572
275 400 757
237 280 889
492 256 712
149 394 877
359 351 782
129 238 677
97 187 405
475 376 954
371 162 842
53 80 433
125 220 866
300 130 496
6 207 893
433 241 487
301 180 836
444 405 491
325 259 799
168 422 734
70 302 896
153 114 757
243 214 974
421 398 882
143 324 963
438 320 626
78 110 924
363 309 687
488 295 923
156 210 427
231 282 491
217 494 976
11 189 488
49 327 469
127 105 819
149 235 452
264 41 969
81 245 687
415 181 976
10 368 631
367 79 748
343 314 402
84 245 956
346 461 917
498 378 793
273 437 908
228 388 869
154 482 924
182 372 473
328 33 494
193 253 618
233 302 679
5 259 482
260 106 962
59 437 815
393 436 406
387 224 974
361 462 564
298 276 823
151 52 987
117 100 579
193 113 917
20 43 811
120 455 908
454 499 976
444 78 569
347 242 887
489 94 963
30 134 875
193 258 693
204 338 484
32 171 480
317 223 670
31 175 641
213 328 476
103 0 886
29 464 444
52 239 937
466 320 784
76 420 480
137 344 960
369 203 698
458 448 934
51 6 847
494 230 673
28 358 836
396 270 797
94 385 536
385 109 882
338 42 903
391 479 831
369 280 590
215 94 780
198 477 807
297 463 673
183 3 487
56 323 465
358 167 587
7 165 703
388 20 702
199 286 801
149 251 440
149 433 675
180 39 483
156 199 685
462 385 813
477 307 745
55 393 769
341 196 931
498 332 447
447 119 925
309 135 621
476 71 607
461 291 821
30 357 823
74 440 542
32 69 750
367 53 963
384 337 952
242 449 906
261 86 957
180 349 980
481 27 839
380 234 454
351 381 763
158 9 902
414 289 921
268 115 701
299 279 913
1 475 415
299 377 787
403 485 581
389 70 812
489 19 547
311 230 851
282 112 466
92 325 778
352 436 534
148 382 485
167 82 925
15 164 666
63 191 527
390 80 619
107 431 579
254 207 885
173 8 850
369 466 577
138 361 935
389 371 850
332 273 773
408 426 458
186 354 616
260 139 649
227 315 682
345 345 714
335 448 433
30 450 517
76 1 642
487 76 443
309 16 520
244 83 742
205 417 487
478 37 828
317 168 769
312 455 458
448 18 767
260 45 527
371 433 883
1 161 458
384 379 696
220 160 556
485 16 606
350 307 681
12 253 850
230 36 880
105 48 549
230 3 781
32 260 755
462 385 904
58 135 471
12 486 946
235 418 962
453 331 733
174 342 433
51 192 627
60 352 863
190 405 424
371 275 424
393 473 677
454 42 803
388 292 649
352 214 405
176 220 465
419 419 678
78 267 650
278 446 601
447 251 684
264 79 574
235 287 520
113 436 733
25 373 608
231 466 651
389 75 911
166 461 854
159 83 623
341 389 876
282 197 566
220 214 892
377 179 403
104 58 836
471 479 970
91 65 585
338 48 484
209 229 869
489 123 654
169 125 518
126 417 972
146 493 777
2 390 414
91 343 774
153 466 549
433 498 770
451 283 501
192 493 536
340 339 679
323 177 664
404 443 544
319 247 888
344 215 687
14 439 810
399 482 633
444 84 431
439 49 589
132 498 488
63 26 675
318 22 720
190 237 975
263 26 910
122 25 975
65 93 503
448 331 428
176 320 651
397 449 464
310 351 465
314 475 987
245 282 843
414 251 624
2 335 799
30 269 407
4 471 536
131 188 543
312 256 849
40 72 886
400 254 405
335 119 576
415 335 902
303 120 988
322 384 921
47 123 738
24 405 635
350 142 756
292 3 698
71 260 916
56 291 633
318 18 805
485 219 464
101 283 615
392 450 907
1 131 452
438 137 664
104 261 456
357 487 849
274 162 621
60 255 577
446 200 780
65 46 768
319 69 931
9 7 700
487 127 576
186 454 727
233 368 801
159 270 575
108 176 921
206 131 515
397 387 466
460 371 876
330 475 666
245 206 475
37 94 407
41 183 479
426 53 926
303 101 984
453 330 680
444 435 744
423 406 832
114 457 914
161 224 619
229 448 914
142 101 686
464 289 722
458 307 950
406 327 494
50 59 587
254 456 434
218 260 811
71 392 759
323 484 817
235 477 953
342 455 628
56 319 718
393 496 839
155 130 770
256 433 409
457 411 794
365 123 917
158 479 977
462 156 659
335 278 682
393 360 456
297 316 997
219 485 510
131 36 468
203 482 584
187 331 598
157 440 522
139 242 684
13 94 701
126 364 950
477 335 620
367 289 740
404 296 783
66 431 614
242 246 642
464 38 598
247 287 491
432 223 855
47 136 519
413 291 570
422 219 753
256 104 545
242 137 637
4 28 658
44 7 567
210 179 761
160 39 782
471 200 469
170 283 559
3 197 733
248 445 771
323 24 724
47 24 858
98 32 984
156 179 715
197 47 858
8 233 776
115 83 890
254 439 908
243 205 619
60 322 556
303 331 731
322 190 695
443 458 687
327 113 471
31 231 493
333 354 962
461 156 419
19 364 947
344 170 685
404 353 740
319 113 530
44 419 485
40 293 706
7 5 560
414 131 675
498 491 559
222 362 733
137 170 781
165 350 766
111 399 495
478 201 986
3 52 695
323 197 531
24 159 509
195 270 796
469 11 417
407 348 472
231 407 997
460 73 832
240 185 615
10 42 695
143 79 462
251 138 911
246 488 672
40 69 876
329 404 853
214 318 603
393 321 889
90 53 493
497 88 799
196 365 677
154 304 441
30 155 965
158 58 773
184 473 576
250 201 402
250 382 490
44 74 465
422 483 972
266 388 607
181 278 959
466 191 404
463 447 874
331 39 484
26 92 935
437 192 737
495 136 567
475 124 996
95 156 896
270 285 532
139 390 847
108 476 947
140 50 746
91 372 820
158 274 779
346 118 822
362 144 688
66 232 865
422 329 593
227 323 499
67 391 592
392 133 838
23 357 481
420 212 649
122 68 945
344 242 965
18 409 560
237 174 403
93 127 954
105 13 855
468 24 768
261 73 725
151 62 520
9 303 498
412 369 639
272 434 508
182 206 484
396 399 831
230 329 488
85 442 932
31 250 582
228 71 979
263 38 731
129 214 537
98 479 991
281 352 538
82 99 883
164 194 948
474 103 654
427 223 831
296 326 511
180 421 946
198 406 535
216 386 854
379 440 934
224 206 422
132 412 884
326 214 962
160 16 673
261 267 748
7 50 992
273 113 994
242 46 419
365 291 658
235 160 792
76 406 778
53 250 563
188 252 532
388 344 966
89 93 890
244 89 929
214 399 892
402 139 435
204 313 650
436 179 966
96 433 619
469 135 931
50 312 687
387 491 694
247 118 852
188 263 633
321 4 583
54 291 806
344 332 718
84 188 552
37 161 822
174 412 790
435 412 547
287 56 984
256 220 795
472 328 769
146 111 754
66 378 412
270 392 757
497 161 746
277 374 481
100 224 438
279 179 632
463 209 711
328 488 815
32 349 629
95 223 502
412 365 440
344 108 494
430 13 919
306 77 791
235 42 746
164 86 929
440 420 935
250 402 964
221 388 460
112 249 842
253 342 979
126 329 647
179 195 490
498 492 956
429 201 746
310 420 793
424 401 492
437 18 970
316 18 986
402 417 556
64 194 980
5 334 973
96 21 879
75 382 837
84 73 736
406 185 716
354 129 833
378 282 498
110 8 449
335 117 830
316 318 923
404 414 840
263 110 884
70 228 882
405 351 795
36 204 825
360 203 420
4 404 464
155 312 921
337 12 895
236 430 721
65 496 680
338 409 842
409 390 767
59 228 784
332 253 699
279 245 793
280 221 684
249 348 476
73 244 972
306 322 482
285 100 833
46 34 974
380 412 835
413 156 788
110 495 777
74 292 693
294 267 448
159 133 709
499 132 859
318 384 799
54 124 917
154 416 859
391 424 998
3 279 952
346 18 513
72 165 561
1 69 907
441 332 747
240 369 629
221 79 647
492 164 503
112 54 895
412 297 769
48 223 488
161 360 640
225 285 731
439 420 486
486 69 772
210 488 642
79 64 460
232 365 430
244 370 418
367 494 866
46 476 465
458 350 904
348 314 695
390 212 721
395 387 774
288 136 445
35 184 401
500 206 451
284 2 796
461 297 670
73 25 611
414 480 412
119 407 412
77 315 581
54 467 589
261 470 475
268 431 731
84 70 827
170 205 905
16 224 651
133 352 871
464 136 440
144 35 715
479 399 585
294 349 595
156 186 512
96 452 878
277 129 870
50 31 430
85 101 804
330 343 988
251 62 817
392 214 696
248 28 731
302 267 774
12 311 962
407 379 466
90 433 884
164 276 670
273 23 818
151 152 430
157 15 420
68 120 776
383 139 441
288 496 525
356 371 792
398 435 707
1 264 681
437 482 1000
193 361 550
6 272 427
383 38 912
242 390 500
133 398 487
60 154 968
477 26 893
499 226 564
408 409 433
68 347 417
414 229 808
456 422 567
425 450 406
250 23 449
193 363 784
429 353 858
164 396 515
308 103 815
316 443 526
54 188 416
188 279 765
403 412 579
468 100 921
126 344 999
19 124 522
350 192 815
23 89 841
482 292 939
252 413 492
184 287 592
287 352 472
292 151 461
219 329 858
445 167 911
433 189 511
72 237 544
365 136 777
50 293 405
316 16 934
57 430 540
429 412 501
59 343 878
5 7 439
188 213 623
297 443 691
417 495 848
22 257 523
39 150 1000
435 277 656
6 144 709
350 389 675
443 96 939
28 188 781
148 39 958
268 96 819
125 279 727
314 120 628
496 1 414
123 11 812
464 382 432
166 187 736
333 470 694
473 463 759
362 466 553
98 37 776
431 387 997
359 58 690
443 93 580
29 395 503
346 292 906
496 135 610
491 151 607
122 144 552
329 321 746
458 248 597
198 374 449
22 484 530
321 426 504
149 385 435
23 42 575
76 37 420
305 59 552
479 38 891
1 38 914
27 211 811
384 43 733
385 63 914
47 138 710
84 451 899
382 242 819
195 293 623
361 129 811
251 375 744
110 274 593
129 373 887
1 319 864
17 164 730
165 178 762
443 487 470
455 238 600
155 268 725
201 66 675
413 298 866
14 146 782
471 390 870
378 232 520
326 132 576
448 198 573
485 431 538
226 280 568
494 215 996
402 488 838
337 413 747
454 436 933
149 168 966
20 128 566
163 52 814
477 402 836
417 67 442
391 149 647
275 462 908
190 64 859
87 408 841
224 343 965
469 138 507
352 286 430
238 324 738
399 371 690
471 100 640
95 412 517
255 272 982
301 127 899
441 471 898
105 103 551
251 278 692
388 249 726
273 466 623
190 500 931
31 357 400
45 300 526
210 75 545
100 81 511
434 201 494
309 310 986
121 468 557
349 38 510
74 204 601
337 438 442
272 44 549
174 67 895
41 337 839
159 153 887
167 163 895
280 152 678
363 454 837
354 219 906
500 287 411
305 112 700
165 150 819
194 110 954
473 193 649
183 308 640
45 207 937
149 273 890
154 123 556
33 21 462
384 293 485
485 288 523
46 114 973
154 450 902
450 68 409
376 42 800
489 412 989
142 281 991
492 430 907
29 435 660
59 58 435
473 428 689
269 340 914
119 327 998
54 452 637
216 283 959
298 485 444
295 371 650
396 180 991
407 2 925
184 236 848
352 361 549
344 164 428
201 36 872
201 175 506
49 113 476
68 401 963
124 78 778
492 351 491
443 365 643
50 294 413
371 242 686
47 151 629
38 157 541
123 139 552
288 357 441
348 275 444
332 475 716
389 275 913
281 289 638
189 347 668
476 159 431
235 191 822
54 215 713
203 414 667
73 121 438
56 244 764
136 499 932
401 46 993
106 94 516
179 271 869
289 302 407
89 147 805
413 36 706
105 468 769
460 439 954
7 109 901
426 239 655
395 465 638
248 53 805
25 429 532
9 57 721
214 440 559
119 192 837
328 257 788
412 115 439
189 45 593
447 478 628
416 173 761
232 410 873
497 428 582
369 31 931
499 304 810
318 196 494
298 198 911
8 22 576
7 190 681
138 58 452
306 310 651
493 255 506
484 80 715
194 450 977
253 263 402
260 386 807
493 57 717
67 254 421
445 117 496
236 194 417
323 145 486
294 290 606
435 370 816
478 243 471
323 454 767
20 340 996
120 341 554
380 25 635
276 147 752
187 133 904
157 194 841
472 450 615
345 466 790
188 457 938
478 319 547
359 87 547
151 409 692
334 109 898
433 351 690
428 195 579
108 420 749
174 286 425
27 462 780
84 51 586
7 129 464
59 171 596
319 133 495
424 456 916
420 475 797
80 206 622
228 181 457
87 43 756
58 229 953
27 265 764
392 177 777
77 288 605
210 27 895
473 450 526
398 149 929
463 409 949
490 464 715
249 368 426
399 433 426
387 420 708
318 49 713
4 191 934
50 417 679
441 115 744
101 376 823
135 144 728
43 213 959
435 240 826
306 360 662
421 365 945
395 198 765
444 304 882
382 363 529
205 75 416
346 93 759
258 265 472
16 452 492
250 81 996
496 441 687
170 399 760
238 38 775
401 74 634
202 218 519
426 492 908
50 295 930
406 180 566
22 438 853
71 329 499
5 274 837
222 245 819
341 161 564
467 269 575
404 108 452
281 193 922
9 304 669
386 14 925
179 12 635
170 385 415
298 68 520
311 236 514
61 25 453
18 249 999
498 414 635
14 182 673
449 297 915
289 197 430
177 291 996
421 263 491
361 416 662
488 340 871
255 477 701
258 46 530
296 70 856
203 365 908
374 93 829
178 256 538
237 196 892
109 224 886
111 311 687
495 387 691
341 6 988
302 199 732
298 386 812
226 263 531
308 142 446
61 451 574
137 125 885
0 470 740
465 314 917
197 385 869
486 125 484
51 220 832
330 74 886
106 157 491
343 393 869
394 462 579
464 190 673
341 305 816
149 334 643
267 255 547
417 122 644
354 402 744
88 409 428
300 251 567
3 10 918
327 294 428
365 104 429
473 371 787
373 51 569
254 484 413
280 290 738
280 457 494
184 259 441
241 359 966
342 443 812
115 20 587
465 454 510
369 407 883
478 435 645
318 467 450
32 363 663
472 92 942
179 192 890
128 83 590
290 231 650
94 49 703
351 167 793
69 420 792
346 221 653
211 295 769
381 196 933
431 444 817
393 21 666
203 63 895
146 76 486
397 200 720
409 352 755
198 93 723
398 24 572
158 181 515
440 22 966
459 161 819
369 129 505
292 388 907
91 494 469
390 278 979
294 87 525
68 193 667
342 33 714
255 36 934
317 241 690
360 396 925
441 211 805
192 127 852
129 239 408
316 404 495
19 98 794
396 60 617
51 139 871
299 134 758
466 75 887
278 7 488
70 445 915
334 22 850
368 16 826
408 55 742
493 377 621
240 470 863
164 187 956
322 460 899
260 358 736
34 8 732
230 332 592
155 404 514
134 445 508
407 6 795
152 73 736
276 397 788
15 239 615
71 346 445
98 52 644
452 148 473
252 305 785
432 230 957
200 452 894
321 301 510
166 42 512
424 384 663
189 12 887
445 482 867
33 458 483
447 397 852
369 403 971
364 126 948
39 180 792
185 308 571
270 4 775
200 374 883
305 435 667
222 203 790
418 90 986
157 67 935
254 317 956
31 19 972
247 363 908
187 304 772
399 231 928
394 140 448
483 316 668
311 143 485
33 37 696
102 422 516
99 465 589
468 208 921
219 357 878
186 331 995
102 129 907
355 468 484
301 14 543
55 133 740
84 407 625
308 164 855
196 201 424
197 481 876
419 199 701
491 316 507
424 195 634
388 145 625
388 476 893
257 489 633
96 313 573
99 460 478
498 71 655
380 319 577
243 67 870
6 149 877
437 486 865
88 93 926
398 117 587
341 37 757
209 407 479
367 166 610
3 144 593
293 21 721
218 19 831
353 308 962
422 408 823
162 405 730
163 74 707
165 190 781
448 360 445
10 13 714
3 151 881
284 109 867
164 299 818
90 247 815
283 324 602
337 407 679
383 255 507
300 60 420
356 174 882
372 50 979
365 18 804
31 482 460
48 408 604
385 164 545
212 457 853
189 273 917
95 217 834
238 394 710
397 134 676
427 322 764
280 8 830
365 461 837
203 316 881
309 330 438
185 433 732
349 226 898
168 237 661
216 378 424
214 383 953
76 386 947
484 125 450
469 374 473
279 33 710
89 176 878
206 357 431
498 168 664
185 378 679
446 450 750
140 448 942
296 259 783
2 127 865
409 27 624
442 56 960
410 216 709
468 225 553
332 208 601
244 218 662
387 310 554
170 340 413
490 107 827
62 373 970
168 93 709
217 441 586
443 116 812
470 415 760
423 191 978
299 291 540
303 254 475
150 252 440
137 382 938
406 141 528
400 356 522
412 443 880
295 396 612
117 395 510
134 114 555
380 258 695
412 186 567
23 34 606
28 338 949
31 296 420
77 447 558
219 315 607
395 413 548
41 59 795
167 143 446
292 158 449
0 10 869
159 413 569
106 330 675
379 165 793
26 473 832
489 234 942
407 414 602
122 226 870
356 238 534
199 430 560
300 98 679
397 32 764
433 445 455
24 422 988
308 450 568
413 20 446
92 198 612
444 47 638
84 198 999
481 262 613
63 138 745
176 398 708
454 154 915
150 345 409
405 168 669
172 252 723
408 297 991
456 97 792
202 225 766
441 233 421
496 500 679
66 334 628
277 95 561
6 66 428
368 125 823
182 97 888
215 87 970
365 189 949
391 168 807
388 297 485
70 398 717
140 211 448
26 195 882
217 217 768
391 127 554
16 445 410
267 336 612
8 0 475
248 415 842
165 101 769
19 96 405
147 64 880
408 89 999
356 51 925
229 360 965
361 414 564
111 264 653
163 171 783
372 60 460
114 351 608
151 163 473
325 490 509
464 385 802
89 305 765
460 459 487
216 165 411
352 169 691
30 393 900
362 42 721
59 128 833
219 267 461
309 250 784
413 233 886
330 92 402
279 311 428
215 180 533
0 174 620
351 12 602
244 27 812
280 258 555
131 40 638
474 62 604
343 68 911
211 157 837
308 396 791
441 199 978
84 403 927
277 164 564
95 231 620
242 70 958
471 72 443
414 50 698
247 56 836
154 109 448
292 355 557
233 172 924
113 118 607
26 95 778
14 408 664
379 356 914
71 253 872
191 452 420
282 25 665
454 220 521
163 476 892
36 210 480
211 225 814
201 272 965
375 377 810
399 474 956
222 52 772
316 186 874
190 478 981
235 273 423
252 369 862
457 335 915
165 372 883
219 250 755
458 422 888
242 437 716
36 461 842
410 172 789
387 43 746
377 418 541
16 64 773
445 445 862
2 15 750
492 232 748
44 282 626
234 339 957
295 89 761
120 340 905
453 431 817
307 293 460
355 189 945
388 80 862
393 386 997
116 363 881
459 113 856
470 500 536
365 98 892
443 16 985
118 401 832
167 217 663
500 199 980
56 272 917
475 40 745
131 160 579
269 44 604
211 464 568
132 60 751
418 179 527
59 426 760
266 467 549
416 411 895
299 470 876
281 81 653
389 67 497
61 454 620
283 61 704
415 113 908
174 165 465
123 339 914
261 116 937
320 283 883
478 287 571
224 458 626
277 364 881
83 424 416
450 258 995
443 271 580
152 433 877
486 408 726
40 271 771
424 280 983
307 165 796
106 295 915
34 500 412
276 279 684
139 388 758
500 274 529
122 45 553
20 257 854
497 450 714
217 314 533
68 166 508
322 326 872
275 389 636
338 275 532
27 170 599
460 267 575
49 8 448
287 192 400
116 425 638
206 432 872
206 73 575
3 262 458
292 328 582
162 395 876
130 68 411
329 414 582
242 41 437
232 458 407
17 425 666
500 111 950
495 357 801
321 188 737
250 217 561
144 290 706
279 482 902
283 165 482
178 327 747
190 117 712
8 416 428
59 65 928
198 206 457
120 349 987
230 259 808
18 307 979
210 303 959
178 153 626
163 294 724
317 314 911
57 450 999
153 297 523
299 479 414
97 330 409
276 45 517
89 122 443
58 63 707
64 112 844
396 298 554
84 416 492
236 85 798
227 449 809
185 29 640
252 262 611
389 179 539
469 440 924
379 424 959
87 403 408
250 453 547
408 291 829
357 488 495
449 209 488
292 274 615
239 205 842
475 184 777
283 333 683
415 402 806
40 109 945
194 389 794
2 474 881
241 398 848
255 107 965
109 416 619
402 186 847
403 206 719
70 92 879
365 293 450
199 127 552
496 453 520
1 435 788
212 166 855
386 423 529
390 400 596
195 107 421
223 496 843
435 263 944
129 483 414
30 478 554
25 441 406
357 452 990
466 494 541
180 439 523
397 335 927
122 184 602
306 31 657
486 409 725
466 281 847
85 167 599
426 285 483
321 478 893
9 373 964
215 185 950
58 45 971
121 418 948
127 339 943
464 76 831
77 115 818
99 305 663
7 92 941
40 418 659
200 458 654
284 223 569
342 13 803
303 75 848
377 115 909
0 269 700
295 333 776
223 493 650
102 357 722
170 255 614
92 319 541
124 497 663
49 334 660
466 9 892
20 477 675
435 121 551
284 156 703
489 184 717
412 99 601
38 178 924
309 329 721
208 219 800
218 496 463
257 241 684
260 190 635
149 39 591
379 338 428
32 241 637
169 236 539
463 271 806
196 73 524
135 181 753
442 39 484
424 165 492
399 81 542
195 196 565
214 30 723
219 89 918
236 428 418
457 234 919
408 260 842
115 33 940
34 413 987
144 473 961
300 314 806
412 46 906
349 335 821
91 74 712
466 417 633
195 137 779
43 4 835
232 91 563
346 45 550
92 35 453
401 241 512
72 480 519
310 464 417
38 109 622
8 10 626
207 68 952
106 113 687
147 497 698
160 108 497
359 225 665
158 217 609
469 236 733
26 84 562
360 403 770
302 330 793
435 491 739
463 17 934
470 97 632
97 115 616
296 379 534
326 345 477
173 222 902
267 261 789
17 284 850
30 226 488
122 78 797
108 323 585
362 65 701
350 81 974
370 186 547
9 98 875
190 143 800
66 224 664
390 472 799
372 402 921
417 345 784
326 367 542
212 412 460
234 215 607
274 79 643
129 409 701
253 29 511
381 123 562
493 57 528
74 220 948
427 166 722
351 327 484
144 17 681
5 281 734
480 318 897
213 442 629
247 128 966
161 434 416
403 190 931
200 394 487
419 164 804
471 477 771
419 210 830
237 11 613
412 138 783
160 303 548
480 128 649
67 123 673
252 371 552
397 369 854
85 341 824
101 487 859
143 306 867
312 289 685
433 177 746
334 139 572
245 413 780
43 182 968
22 243 820
35 98 464
405 451 437
482 96 808
257 430 610
251 314 734
304 369 691
252 236 524
392 106 976
119 249 643
405 372 913
181 424 662
160 479 999
391 22 808
92 332 513
388 376 738
370 428 495
251 281 849
490 480 885
112 341 626
385 94 763
134 258 915
265 120 939
42 383 642
274 321 783
332 25 974
376 112 510
441 464 447
112 477 588
468 349 537
346 326 567
48 47 796
200 309 661
86 37 909
293 25 744
193 323 794
328 83 975
474 201 804
61 300 573
451 136 415
290 203 529
245 33 540
10 450 663
427 32 573
186 247 663
464 219 518
337 115 948
405 130 910
394 62 671
403 155 507
476 353 710
176 96 939
142 494 898
271 351 934
455 289 428
456 366 804
329 398 913
214 228 592
285 207 579
211 400 795
1 26 786
197 219 891
76 425 754
376 20 404
260 240 808
70 177 703
169 137 470
111 93 964
222 118 461
114 358 474
266 259 498
346 230 960
234 72 699
81 70 813
295 93 980
382 260 860
208 110 536
36 214 906
330 115 578
470 332 439
297 210 887
385 50 427
194 212 683
287 268 984
26 244 527
119 197 484
99 396 726
493 44 898
158 274 799
385 108 672
322 398 561
47 264 680
479 280 831
330 331 842
310 274 896
138 347 454
236 92 921
52 198 966
484 13 713
189 61 951
208 119 699
230 499 616
287 305 923
479 360 1000
412 70 812
431 106 751
129 479 956
347 38 792
297 453 490
104 99 685
400 35 409
213 202 591
91 307 944
214 416 611
318 260 861
216 413 926
9 281 547
285 284 677
171 130 429
456 189 905
332 38 524
411 189 852
387 236 583
430 178 757
137 222 534
211 462 411
154 115 546
383 101 920
442 230 508
308 475 473
498 220 568
435 144 959
290 345 721
169 68 722
195 80 766
394 493 557
244 132 400
179 226 979
18 241 989
278 351 625
108 447 548
373 75 934
273 414 414
434 470 474
369 396 403
221 454 715
77 53 541
430 150 918
74 112 573
207 291 883
93 125 778
492 163 478
382 194 946
328 205 493
376 21 403
145 157 541
352 268 450
325 103 644
420 232 964
188 491 849
29 436 514
475 93 514
89 438 986
66 321 641
34 403 934
23 156 523
321 366 585
200 111 463
460 133 608
197 396 529
353 148 483
278 329 818
297 314 490
205 244 881
419 148 691
102 379 769
297 37 726
250 275 951
280 5 745
469 153 854
353 443 927
130 417 880
191 201 553
497 457 735
403 175 880
368 390 455
432 27 757
278 95 914
424 295 749
0 398 926
389 55 526
212 285 633
245 219 682
120 431 662
320 167 743
206 143 820
477 64 452
120 419 933
191 174 952
484 69 526
319 183 610
399 453 464
328 289 715
463 181 967
300 10 975
220 457 618
457 401 826
424 346 862
52 208 912
235 314 735
487 381 524
81 358 600
197 243 821
149 295 528
458 498 409
372 179 454
240 170 970
455 168 501
491 386 529
16 357 813
214 300 699
149 77 977
50 13 977
455 174 799
217 354 669
327 194 498
159 410 655
51 17 620
58 153 783
41 114 498
41 300 514
259 130 523
266 285 643
476 285 849
236 295 569
445 259 427
122 145 948
176 138 791
416 336 630
223 386 737
259 255 506
415 367 518
281 378 818
17 268 682
101 23 503
45 327 407
272 393 919
473 101 729
210 142 872
404 158 680
266 149 514
34 320 469
429 171 560
477 136 703
222 363 788
261 183 862
