38 87 691
404 431 491
422 150 558
103 452 972
166 109 982
212 384 931
397 238 422
122 22 712
262 194 854
12 191 436
358 414 847
115 14 812
194 288 663
483 189 879
53 281 680
382 461 923
276 454 856
240 124 514
63 331 666
413 373 805
431 215 640
490 216 699
381 278 742
5 496 656
59 339 410
77 191 595
89 468 522
385 8 889
489 448 605
7 428 673
218 348 410
155 84 678
126 78 429
72 371 457
383 319 943
466 224 472
13 45 850
120 408 945
425 56 893
499 81 613
86 115 941
164 161 941
449 31 762
354 51 480
479 244 475
48 450 992
60 215 756
34 377 610
191 191 583
341 406 567
163 224 553
66 119 723
262 65 994
65 465 816
437 299 423
198 473 606
8 184 707
454 253 686
123 386 774
157 411 778
323 18 925
378 10 638
106 159 535
384 83 899
482 168 911
469 78 949
387 177 743
297 420 619
312 400 720
416 428 844
333 27 809
343 226 673
459 410 503
276 65 502
132 346 902
336 254 680
45 217 666
304 497 497
164 148 744
24 123 972
38 459 813
101 401 925
306 174 440
217 116 914
56 291 891
354 163 432
179 10 876
179 91 993
80 274 421
292 89 847
140 228 725
125 334 409
109 350 714
268 491 659
217 230 876
75 72 541
59 447 680
313 385 953
23 22 555
245 237 655
233 343 628
429 120 485
170 63 620
120 188 972
244 131 611
206 369 850
483 49 637
258 485 931
93 179 482
350 444 437
326 208 720
222 128 864
406 335 871
248 440 780
201 486 596
220 206 464
196 352 826
124 328 893
8 168 914
397 359 749
19 317 739
187 24 521
59 252 614
167 368 776
57 196 617
59 160 692
216 371 642
469 453 454
210 367 742
188 264 954
218 96 896
7 48 511
226 194 701
19 126 603
109 431 887
380 487 645
104 475 799
268 133 476
454 24 930
200 262 719
189 79 542
41 167 616
322 273 522
188 291 744
492 472 877
475 130 542
146 464 568
30 445 852
85 138 894
208 434 997
272 159 761
389 266 530
258 186 674
426 0 740
345 394 437
178 382 483
173 333 591
283 145 538
423 328 998
184 486 824
227 267 634
438 3 984
416 445 634
54 449 953
422 431 540
228 206 905
81 463 944
10 458 539
117 170 606
86 190 801
325 235 547
283 100 805
443 52 473
279 493 992
320 487 883
371 130 997
304 146 429
179 160 579
308 298 471
128 464 651
132 134 893
470 109 808
352 474 820
31 3 861
315 73 974
97 103 809
167 394 531
120 282 552
330 483 400
472 144 584
260 43 672
318 79 791
398 184 738
305 483 969
44 333 440
495 327 466
487 356 724
414 469 979
36 255 544
295 42 891
444 120 549
59 73 412
195 47 513
492 297 802
93 16 855
209 235 684
48 303 808
5 294 985
286 149 405
281 25 849
105 398 761
179 446 437
343 239 627
206 383 409
118 410 625
308 98 464
232 480 584
435 229 489
16 5 504
57 110 740
15 268 779
120 421 817
234 147 407
379 68 943
352 125 797
222 327 979
24 201 486
162 225 930
105 103 932
468 32 489
48 170 551
52 356 881
35 99 495
408 10 982
32 190 744
293 46 821
192 453 706
373 130 551
244 92 613
108 341 904
395 271 691
303 441 567
39 318 744
147 380 480
172 340 783
298 130 911
17 475 629
422 330 735
496 131 864
283 470 774
465 167 935
87 424 808
430 113 441
39 154 538
93 395 510
486 210 733
370 440 935
66 356 813
429 109 776
42 417 653
164 395 776
372 443 763
193 132 451
199 364 927
185 254 524
36 251 682
308 378 575
446 448 686
495 117 692
395 287 582
223 239 831
20 378 559
380 241 581
490 107 668
332 476 991
32 198 557
36 489 481
429 418 597
412 417 676
284 399 818
232 423 616
188 358 872
183 164 480
93 366 694
139 23 856
101 459 705
350 416 752
37 28 931
490 61 628
308 355 675
452 460 840
371 58 934
83 381 924
404 328 930
486 268 950
224 323 407
60 97 590
392 78 558
370 43 993
287 228 579
205 325 850
186 488 724
445 310 692
296 118 436
56 258 828
165 451 926
218 460 786
190 240 824
368 240 670
169 467 725
491 66 818
134 203 946
77 150 774
421 153 702
270 252 495
29 181 760
415 271 706
437 292 976
166 288 820
231 476 878
465 132 924
351 383 963
158 402 657
218 292 693
417 199 544
495 145 508
52 61 987
222 286 654
403 481 840
161 323 659
185 441 912
155 36 607
110 256 575
416 41 988
339 431 601
74 233 649
138 393 529
144 65 878
276 270 595
67 186 836
432 475 977
414 283 470
10 205 780
176 440 420
387 360 410
18 121 413
68 148 404
499 239 901
429 112 484
239 477 532
96 375 726
255 481 917
162 435 566
403 120 755
92 475 861
387 250 670
165 72 593
466 392 825
136 72 754
120 452 564
402 486 669
310 318 587
327 343 919
20 428 975
411 138 812
136 457 606
363 440 590
231 238 725
119 376 450
409 59 889
368 342 878
153 148 551
19 192 711
316 56 407
95 393 984
370 139 582
441 388 741
483 20 971
454 264 910
463 372 586
381 460 614
431 432 673
479 313 628
310 197 782
284 105 747
284 150 608
9 375 650
115 490 510
165 265 667
9 266 697
115 28 732
312 35 963
412 489 900
243 271 574
342 113 567
390 101 450
18 101 654
193 350 792
385 130 991
207 429 884
472 145 608
295 367 915
149 377 608
457 266 938
400 322 515
407 269 762
415 355 592
422 258 845
440 249 538
418 254 463
98 465 630
57 167 495
394 400 465
61 452 701
244 42 781
423 132 485
355 190 635
36 286 437
473 266 467
359 24 553
234 398 655
194 377 908
237 308 706
452 122 485
193 467 566
147 71 743
465 377 443
375 337 539
251 430 594
484 324 504
393 492 641
369 99 510
17 269 543
414 340 599
249 220 786
430 265 732
150 307 469
273 316 689
128 151 617
158 168 840
85 313 535
238 4 593
58 280 617
257 462 827
442 163 625
233 225 704
145 30 517
103 325 760
453 264 663
311 80 846
489 445 830
44 67 822
440 301 875
336 62 671
234 39 529
345 332 986
235 424 753
221 35 410
259 296 755
495 358 965
444 169 986
432 452 679
332 323 694
302 203 732
253 27 401
19 135 688
37 111 845
64 325 911
78 498 772
86 354 933
319 172 631
274 92 675
54 37 819
207 302 424
432 178 506
421 353 482
451 498 435
374 65 519
139 377 869
57 243 603
156 268 759
100 313 516
495 280 518
26 319 831
81 115 962
201 433 586
178 107 505
494 166 502
227 193 779
436 393 814
442 326 413
240 208 405
200 250 889
188 192 852
274 185 593
195 430 544
113 253 733
321 345 585
115 429 723
332 295 500
246 326 730
381 84 448
469 121 732
480 64 555
184 236 836
313 94 726
115 100 925
180 357 970
283 295 977
186 364 947
260 205 681
288 419 676
497 14 956
0 292 750
392 5 812
142 16 861
329 473 407
232 129 493
260 400 576
7 143 749
476 108 533
218 112 821
294 357 904
463 70 539
376 93 430
129 78 701
172 477 932
52 12 722
407 187 712
214 491 707
185 183 829
191 24 713
44 393 760
2 109 420
56 56 652
369 122 826
424 192 963
348 68 988
412 186 495
212 102 614
313 445 886
21 230 687
269 221 462
20 109 523
80 161 779
260 14 607
83 286 518
390 257 431
102 163 483
243 118 420
58 402 523
389 379 760
444 249 821
403 385 669
243 8 422
79 213 897
82 442 723
67 223 408
145 27 423
324 448 648
404 249 893
148 340 829
369 233 709
16 220 830
152 8 843
83 227 435
200 499 694
179 130 781
24 110 867
241 46 703
244 313 635
220 104 492
398 317 417
491 460 992
345 0 737
21 492 835
55 394 955
126 224 888
301 390 599
25 455 694
18 79 608
495 212 963
472 223 776
409 82 414
392 464 700
103 400 877
48 3 554
458 119 445
449 479 510
262 130 662
425 320 604
120 316 433
362 238 727
139 261 757
246 226 663
1 300 648
117 286 818
219 242 585
369 481 584
165 254 559
113 102 590
380 276 831
65 310 542
409 202 728
233 123 861
93 271 516
57 211 738
294 484 514
130 81 449
376 200 409
201 178 896
428 140 680
52 427 646
288 154 501
416 458 406
185 177 742
221 496 585
256 1 958
131 357 687
76 265 803
341 395 914
225 349 504
393 497 809
443 415 585
370 106 748
374 407 948
429 405 408
414 197 520
407 486 651
408 305 656
350 345 594
211 367 808
104 59 472
434 104 487
493 233 639
76 212 447
394 363 454
500 252 919
7 234 482
140 208 639
341 390 596
70 245 844
142 56 446
346 190 770
6 334 722
301 452 664
304 196 771
328 27 953
148 48 770
465 81 683
232 426 445
423 91 758
83 164 965
342 101 999
0 100 844
78 266 724
38 248 541
372 54 653
385 148 926
96 79 813
301 461 649
202 101 768
436 432 485
184 134 661
393 0 909
278 486 416
0 146 816
68 116 589
365 236 501
25 100 694
115 79 734
360 257 750
330 1 688
417 94 780
186 288 534
477 253 866
34 378 506
430 246 605
217 357 806
160 73 510
440 250 482
379 436 474
273 462 745
406 386 716
279 28 954
290 249 657
480 49 900
108 418 638
146 81 630
288 24 702
56 334 767
345 129 601
353 66 830
42 315 736
288 103 814
178 127 453
368 24 497
242 58 785
139 307 696
285 284 707
344 160 434
318 483 401
240 34 979
105 288 910
241 323 549
230 183 440
444 33 690
19 48 901
461 87 994
450 238 776
28 419 442
41 350 673
479 109 985
450 60 862
390 45 885
84 24 447
374 127 974
459 399 941
57 16 481
168 499 894
401 292 715
248 210 484
193 81 602
387 154 567
473 494 501
67 483 869
341 312 888
314 174 933
62 70 901
437 248 921
214 36 606
69 486 522
110 123 583
209 219 908
341 412 799
307 285 857
322 267 518
432 312 458
377 374 655
489 356 444
373 216 791
169 451 578
214 196 500
172 65 937
250 449 789
430 302 652
273 309 867
102 270 429
33 79 632
344 201 920
56 178 859
46 352 853
48 386 703
391 43 527
418 291 455
240 75 605
254 185 714
460 85 629
175 215 901
119 356 916
358 336 566
239 82 977
304 497 836
267 56 662
63 242 870
246 152 428
487 135 524
199 321 604
448 23 562
261 184 538
438 197 541
70 170 885
206 142 732
94 411 662
417 253 941
32 47 923
455 370 976
323 236 639
437 401 641
498 273 444
464 123 961
73 238 604
185 204 938
195 113 765
438 132 746
280 457 451
25 139 844
491 330 815
179 498 915
26 87 869
466 88 538
367 436 872
410 384 784
464 253 600
105 273 424
147 220 728
81 49 788
127 263 935
117 226 477
205 293 717
386 354 600
402 206 598
408 333 416
325 358 662
204 407 696
242 51 577
189 47 996
64 476 934
187 350 546
240 10 785
272 491 430
104 287 619
312 240 942
500 2 603
272 297 533
349 111 447
170 449 896
326 113 491
14 368 578
51 176 577
42 53 737
5 133 951
85 6 721
304 364 492
195 388 488
134 196 731
113 446 626
224 24 686
448 219 967
32 59 433
441 338 633
342 76 459
58 36 403
433 25 591
197 172 643
200 169 643
90 359 977
288 92 439
422 98 547
179 371 652
443 16 976
379 441 725
15 454 717
339 410 859
490 319 528
53 425 974
149 338 840
474 270 862
472 40 630
374 291 554
13 390 442
87 346 622
384 351 922
437 455 837
303 141 987
493 222 1000
430 34 990
71 189 745
230 350 927
336 425 433
19 298 941
224 175 431
58 138 576
182 284 999
302 110 679
215 70 696
367 475 851
195 44 743
493 435 941
14 59 704
201 406 942
414 490 486
84 442 881
142 429 707
5 278 949
464 121 492
465 466 589
235 115 543
121 483 451
62 473 684
274 91 745
208 316 821
98 106 816
210 462 528
141 460 731
31 89 896
190 199 539
56 44 637
196 163 569
475 222 665
207 290 989
496 253 947
131 483 671
20 299 547
178 161 626
474 265 757
122 371 825
308 131 896
260 164 808
75 237 696
107 203 734
1 100 907
12 0 927
250 472 824
395 416 906
469 37 955
417 418 515
280 198 578
244 175 937
342 420 477
114 294 848
467 36 418
173 496 771
178 208 520
412 158 443
50 116 609
401 358 725
48 467 892
438 457 482
273 244 592
490 31 869
145 282 875
69 158 740
305 346 880
450 334 932
397 258 553
285 123 652
307 285 571
472 30 806
54 215 666
395 255 822
238 371 799
50 427 901
422 468 942
216 50 858
126 297 673
452 385 618
478 283 536
153 408 898
23 183 461
130 16 784
120 73 941
358 13 584
211 309 947
137 178 477
102 430 892
461 479 798
444 377 918
110 239 991
68 419 789
349 373 460
23 260 833
201 407 652
75 167 727
194 38 505
306 240 551
88 142 463
314 138 779
84 294 920
246 21 646
395 169 898
409 391 820
250 162 557
251 279 764
322 375 988
210 500 608
63 397 706
8 434 490
38 419 538
56 104 893
23 375 581
146 403 962
461 51 986
249 146 892
35 499 881
219 401 450
171 246 927
174 323 708
29 481 917
430 44 910
179 389 970
400 197 646
132 419 716
114 42 956
174 199 569
80 69 678
186 177 420
71 29 404
392 201 862
131 406 525
478 399 495
380 345 716
226 287 535
229 72 533
153 157 601
418 51 833
65 339 806
247 142 581
73 272 853
500 25 845
188 468 900
306 361 466
146 232 460
420 95 426
295 478 519
18 306 701
5 38 634
90 147 493
408 355 801
148 169 628
322 407 889
437 129 480
37 469 417
297 322 681
76 311 755
367 306 715
155 111 453
245 198 858
99 204 729
139 463 914
437 158 792
250 94 609
364 354 409
211 262 579
184 442 690
264 362 601
34 497 671
200 102 630
483 358 428
161 6 404
11 200 670
396 336 536
40 91 464
32 264 853
134 99 537
437 163 455
85 384 713
93 208 506
476 30 833
346 173 877
473 236 904
272 460 415
105 70 644
490 245 964
397 235 729
23 176 959
136 90 737
330 317 800
317 160 582
162 110 661
192 146 532
462 31 797
271 468 453
438 423 999
53 90 609
32 485 686
169 348 493
12 421 513
198 180 967
340 39 777
135 428 584
14 393 788
333 386 777
328 401 833
454 463 471
232 428 990
175 476 532
231 485 761
184 400 895
474 455 997
40 85 837
423 374 625
355 202 782
175 129 444
96 88 848
251 48 635
15 39 448
313 312 699
251 30 525
425 38 892
235 273 801
466 110 863
302 95 579
80 320 781
340 419 856
361 111 944
412 28 548
157 54 836
122 450 945
407 220 726
140 207 701
67 384 506
471 252 647
166 415 776
77 126 452
142 495 763
166 23 428
346 449 699
230 161 552
3 71 629
145 77 614
279 256 847
309 452 602
113 6 976
189 447 775
157 310 511
349 260 937
442 61 402
335 24 906
314 392 429
177 399 410
467 64 932
467 249 793
411 280 566
6 245 467
331 416 505
289 130 757
464 239 797
95 265 781
396 485 485
153 445 969
230 399 631
147 82 424
484 238 907
75 492 996
42 214 923
346 311 909
407 396 728
299 437 505
443 459 781
465 360 850
160 21 681
388 447 682
414 173 836
66 373 623
280 368 781
96 238 497
324 475 900
52 170 581
211 435 953
9 450 473
498 386 475
161 128 783
380 491 414
491 208 974
349 35 750
282 63 594
46 2 598
312 499 557
372 414 623
368 285 997
239 155 715
488 306 765
346 386 661
432 376 995
113 218 980
260 147 819
435 114 923
256 262 960
416 470 881
289 487 807
119 391 810
242 306 494
327 206 812
366 396 778
321 242 525
420 197 679
445 371 470
23 284 579
485 204 504
192 103 498
65 346 833
376 190 855
238 394 426
319 72 933
367 119 401
465 413 900
254 2 495
75 424 704
274 324 763
469 487 941
336 497 429
359 316 944
340 455 610
16 466 693
234 292 593
327 291 993
135 353 717
182 6 747
337 473 692
4 479 598
133 40 807
476 113 952
439 498 418
86 427 933
181 329 950
205 1 455
387 260 828
230 418 459
464 139 951
352 112 694
371 144 881
418 104 874
394 133 766
331 153 404
431 412 501
359 194 815
470 117 912
75 186 752
237 108 775
317 311 725
139 296 989
98 351 828
263 199 458
236 375 677
145 204 591
45 226 471
158 470 789
431 220 795
372 62 829
4 290 425
239 87 535
196 406 644
351 233 859
252 301 604
315 358 574
462 93 785
423 369 845
467 176 948
118 376 765
190 410 891
318 446 653
48 192 455
188 314 707
119 154 743
244 326 438
333 317 986
180 302 616
319 173 719
461 63 467
416 485 715
25 421 683
201 169 415
311 264 864
168 277 891
57 409 577
447 280 762
400 179 558
267 446 450
400 330 789
183 474 762
434 171 936
421 383 860
27 0 643
326 156 463
460 326 836
452 479 908
247 78 507
446 344 689
403 48 507
24 412 548
53 274 472
231 51 729
459 312 818
171 8 645
36 256 690
271 154 740
179 396 902
398 427 757
186 457 811
177 391 656
25 284 937
292 44 633
477 269 758
135 449 723
155 375 895
355 257 681
132 104 716
126 43 437
428 73 407
429 245 561
281 147 896
231 143 523
339 173 758
185 332 862
374 34 879
428 2 484
328 329 861
48 344 412
183 404 717
94 450 794
178 243 473
6 490 499
269 125 934
1 278 626
468 176 622
269 93 662
351 292 974
85 277 409
397 167 893
491 489 984
102 334 414
87 499 798
492 303 983
156 44 826
455 108 583
268 352 799
283 198 867
340 448 595
191 295 499
255 53 722
134 45 495
467 320 885
173 433 651
495 268 672
137 157 674
324 0 548
395 119 780
499 19 796
227 345 691
397 182 483
77 200 695
45 237 950
455 176 957
232 324 838
370 109 981
453 107 750
57 222 797
333 181 941
419 346 753
128 128 583
396 87 879
276 328 621
425 178 961
369 250 909
462 59 709
77 71 776
385 409 887
253 12 887
349 216 573
420 226 457
230 483 454
89 243 601
165 241 628
43 43 458
458 455 577
191 112 921
242 123 598
323 436 730
2 239 902
97 292 560
434 321 492
191 290 668
453 339 776
445 324 720
189 458 439
277 220 511
427 293 761
122 113 931
418 147 745
267 174 761
261 500 894
439 261 546
385 462 941
303 338 570
368 81 915
439 137 407
372 0 580
361 398 750
167 414 471
345 473 613
216 148 563
196 294 469
222 85 544
232 358 903
9 108 638
5 450 751
202 394 661
279 304 692
87 5 732
310 144 979
197 113 930
20 144 507
14 175 802
483 193 682
41 69 880
391 34 470
15 197 947
398 327 904
81 31 459
160 294 506
493 476 662
468 123 891
144 310 983
211 429 602
2 491 458
230 363 502
5 435 876
167 413 779
461 372 535
11 2 987
15 461 953
56 19 753
169 497 834
311 216 892
494 482 787
442 249 474
499 363 688
12 44 491
370 79 769
211 368 978
31 11 641
350 484 676
141 451 549
409 212 683
153 352 744
494 7 682
96 459 705
314 198 447
484 468 449
116 154 742
182 253 435
37 428 563
450 118 663
336 71 489
378 211 568
327 334 752
336 132 460
252 146 914
336 142 985
5 53 726
220 450 904
75 141 711
320 18 866
319 324 603
298 369 953
354 316 493
316 282 524
132 382 701
189 295 437
180 298 722
42 236 767
354 350 814
278 314 545
383 273 617
187 94 403
103 479 741
239 265 773
418 134 591
68 336 979
493 85 489
251 371 471
9 440 543
491 480 601
64 119 898
438 177 467
272 192 689
426 485 645
27 147 966
79 500 716
49 212 577
118 172 444
331 117 988
145 241 584
35 494 521
291 434 625
178 88 795
136 86 698
153 224 983
291 67 953
185 453 592
48 308 640
257 334 839
197 82 697
426 64 419
347 454 431
377 36 487
262 31 930
441 70 692
411 494 768
463 15 959
112 412 410
131 113 672
430 145 573
190 203 602
96 360 940
68 292 695
265 295 953
210 131 452
224 153 861
14 462 935
409 476 872
77 188 864
239 467 930
448 148 524
373 264 433
97 23 900
70 63 687
257 254 535
315 365 879
201 411 821
188 480 814
100 127 781
145 341 699
413 281 883
377 97 768
399 267 864
251 378 717
448 103 522
111 169 953
236 139 949
419 141 632
412 52 561
82 0 553
87 119 519
183 485 761
335 407 699
242 358 717
394 234 614
201 408 935
79 383 412
379 12 517
123 133 879
392 280 610
366 127 915
128 320 700
322 223 552
144 229 419
483 201 609
151 67 642
19 413 934
262 343 561
355 165 468
258 196 822
288 20 528
339 394 443
300 313 863
276 255 921
183 128 476
342 149 892
433 291 510
107 89 520
23 305 978
247 303 993
200 397 568
209 265 899
391 352 600
16 309 755
246 292 425
126 314 722
499 277 860
200 375 825
186 427 767
285 56 997
356 211 681
318 465 693
112 362 759
157 394 835
375 479 421
246 243 487
131 14 576
352 364 907
497 496 819
288 346 685
434 214 963
361 30 762
175 472 658
377 216 757
353 360 439
469 430 925
169 431 724
408 420 583
417 9 832
376 118 637
52 394 988
337 291 918
35 396 753
356 403 947
392 432 523
120 73 455
433 286 545
54 151 509
350 154 924
428 81 743
378 351 461
72 314 829
258 478 957
366 428 567
205 377 874
185 425 826
203 114 699
72 176 689
83 78 694
69 84 533
224 322 451
104 52 676
324 314 684
486 287 500
262 252 754
92 442 662
447 294 922
328 105 978
114 192 402
54 465 621
92 324 856
57 317 869
16 147 954
249 178 853
305 237 623
232 109 699
244 467 763
142 373 585
168 436 841
217 78 856
491 182 464
470 352 514
96 337 744
6 62 514
294 247 895
33 148 625
282 391 838
88 485 878
240 186 990
130 8 644
435 209 623
15 446 606
85 426 745
105 115 766
155 67 460
25 446 993
437 236 565
266 135 449
468 355 617
126 439 835
165 376 777
403 368 613
347 100 742
377 21 581
363 258 634
409 291 995
211 294 942
75 21 566
239 133 676
294 377 530
490 285 683
42 201 554
133 80 569
236 153 423
51 167 876
113 143 815
332 203 679
248 358 559
156 187 974
89 358 915
236 38 989
264 197 414
416 273 934
17 271 451
36 396 783
490 0 523
495 165 917
192 483 634
401 56 616
479 434 667
307 354 877
160 36 844
103 91 785
458 126 727
181 305 982
15 474 639
280 310 770
50 87 400
270 192 587
396 126 548
486 471 800
157 459 546
183 352 541
111 303 772
1 368 755
446 106 995
27 473 581
160 385 416
460 303 736
169 84 768
221 451 934
158 448 561
86 269 906
257 462 937
222 133 626
236 163 744
17 132 649
451 419 476
411 20 409
229 156 726
114 15 949
432 343 425
10 326 583
373 195 679
169 305 460
360 390 613
212 101 689
487 242 632
113 185 933
15 277 431
452 267 906
348 224 634
158 272 971
87 259 491
143 285 853
376 315 944
64 155 460
469 420 978
124 225 704
212 226 891
152 209 996
207 14 567
142 175 433
350 213 895
331 76 923
250 495 995
127 309 972
212 398 511
190 483 958
49 287 780
67 152 612
431 339 475
22 463 537
91 83 799
164 349 571
62 321 430
84 86 557
16 425 480
416 380 660
378 327 818
341 305 507
213 475 751
354 9 952
197 378 772
472 39 411
74 430 433
397 89 878
256 291 858
302 498 600
110 479 944
127 167 590
372 178 923
159 228 815
282 96 978
476 277 544
71 249 622
151 85 498
414 250 668
422 455 578
496 447 455
139 4 683
86 393 844
397 14 617
358 460 723
256 99 967
416 341 769
321 441 478
204 173 640
234 458 402
118 347 707
404 162 689
8 453 983
169 293 764
194 322 527
128 127 762
485 275 683
141 342 836
459 6 551
236 129 904
194 111 726
409 145 581
254 0 958
465 153 603
121 117 824
342 437 497
5 55 773
434 33 908
451 403 641
265 85 555
282 396 908
44 25 443
52 48 958
127 132 666
354 187 973
188 451 713
388 107 646
10 213 871
374 376 849
3 419 857
159 285 606
37 291 692
437 140 974
166 357 988
131 212 727
67 99 668
209 210 593
478 25 690
128 422 784
56 22 854
164 214 660
318 112 746
246 486 590
155 188 868
419 22 948
169 336 570
39 118 431
496 47 671
164 338 773
321 446 973
224 152 999
23 217 901
492 396 584
138 40 441
137 87 921
47 109 894
85 448 546
115 473 756
81 207 632
103 281 675
157 296 775
124 88 518
469 271 563
382 435 658
46 140 560
104 310 635
113 428 788
199 343 576
321 305 854
206 386 556
227 362 545
98 339 964
377 197 952
427 19 531
451 153 907
285 265 426
109 263 939
214 345 444
332 274 865
484 431 564
139 375 495
370 32 468
284 198 434
183 292 422
156 123 883
341 188 704
186 392 534
160 327 960
305 146 745
452 333 898
149 237 446
341 423 715
395 145 856
233 446 673
137 12 555
178 369 430
241 13 666
369 181 811
222 330 573
268 64 462
255 265 783
171 320 999
241 329 469
401 169 918
464 105 504
232 124 808
223 209 554
470 249 917
305 397 634
105 414 605
88 23 853
192 427 671
315 289 634
278 135 654
281 459 441
210 6 526
79 241 971
137 371 876
229 419 606
93 282 662
271 0 404
241 52 926
383 210 587
422 341 611
406 366 737
127 141 786
120 155 505
480 40 777
47 336 569
242 366 528
360 283 874
135 238 867
394 187 619
339 133 617
227 322 494
60 330 807
376 203 977
476 285 490
218 222 886
398 158 563
161 367 700
66 113 434
197 60 861
136 449 973
192 457 888
467 183 665
25 421 452
352 261 884
112 180 439
232 311 949
417 204 723
499 23 417
360 252 426
259 473 950
331 440 487
450 243 948
114 170 532
67 139 938
293 278 680
175 256 464
362 408 751
382 64 807
455 189 937
201 31 420
335 56 405
151 222 761
81 436 904
90 449 461
380 347 664
250 251 508
66 433 733
472 361 650
187 409 448
238 422 966
271 236 474
63 122 486
290 399 858
163 493 589
496 46 745
165 205 786
255 301 458
280 401 595
409 380 481
415 399 623
233 4 707
457 369 709
254 75 746
371 104 403
458 268 486
175 334 659
206 20 837
6 149 746
422 35 871
374 374 729
251 262 596
120 244 448
480 454 457
373 343 572
462 176 629
276 252 670
209 328 905
408 7 930
446 241 779
479 348 982
71 152 502
377 423 557
389 76 558
380 357 488
490 263 739
248 189 979
106 238 815
180 140 827
67 491 724
320 462 571
483 22 664
394 29 622
133 34 717
474 22 526
424 225 817
495 121 418
481 174 818
201 437 426
374 236 569
235 87 765
147 211 822
79 471 669
429 355 807
170 468 650
3 241 469
311 329 519
50 63 851
110 148 668
485 269 949
299 280 573
298 303 423
261 446 582
102 114 920
387 495 755
407 294 824
108 20 821
5 80 839
24 118 628
436 199 550
266 346 651
472 421 521
131 261 455
144 451 934
330 16 572
358 309 475
298 412 786
137 291 776
42 339 584
364 352 531
72 194 446
259 226 757
170 237 951
222 357 630
107 49 510
150 119 668
159 404 957
445 117 881
131 330 427
116 201 606
145 420 463
422 6 511
379 266 833
467 366 475
373 195 661
17 409 908
141 40 561
49 187 810
60 287 652
354 115 739
194 186 910
343 32 501
89 29 828
256 358 598
123 229 949
422 290 760
242 251 840
493 112 402
123 443 447
42 86 605
124 177 828
235 339 649
324 470 840
3 171 714
33 453 966
228 328 601
391 296 749
437 421 952
330 480 439
497 219 419
221 39 723
159 299 722
426 500 667
104 290 654
370 279 910
323 411 873
224 388 741
297 103 837
326 40 843
279 432 613
25 173 917
488 178 737
326 458 988
183 223 484
419 351 883
336 364 807
164 302 584
87 373 560
353 40 687
243 88 700
84 82 648
63 82 415
168 491 750
375 170 590
191 192 681
28 25 818
276 449 541
398 375 777
327 453 862
234 382 519
55 308 906
415 173 413
380 492 779
216 275 963
161 35 915
435 112 619
172 227 644
487 427 400
6 407 545
159 164 778
197 454 831
159 19 774
82 234 420
250 42 670
306 263 402
201 475 922
494 329 483
500 341 882
80 224 606
371 244 893
356 466 683
285 297 938
307 99 892
382 415 554
268 482 496
295 234 529
227 113 850
154 429 895
227 303 906
0 187 989
148 178 445
146 418 945
446 322 956
351 179 925
456 7 598
107 269 502
386 223 600
405 22 779
221 401 406
304 116 666
287 184 953
29 241 749
78 469 418
339 398 696
479 264 781
279 37 985
419 470 991
307 218 690
242 252 767
50 196 493
267 369 641
72 293 464
277 295 704
212 49 955
251 45 732
372 406 789
151 281 633
72 316 753
494 249 971
118 63 751
118 29 676
265 74 802
74 400 474
334 175 652
88 229 466
500 461 471
155 433 758
199 210 524
349 54 802
136 411 901
45 17 775
122 227 761
439 48 608
190 17 669
496 303 684
242 157 712
89 45 454
258 416 576
207 458 639
484 315 561
453 186 493
66 183 911
101 464 949
149 250 652
263 240 899
391 237 706
106 27 970
175 121 999
192 361 472
384 328 656
204 236 791
133 8 824
181 36 878
476 317 779
200 394 464
398 332 929
293 430 798
32 367 919
128 214 591
305 263 600
280 47 567
167 103 873
350 274 855
250 310 956
398 483 789
270 407 644
261 228 614
180 98 982
97 327 686
317 266 536
134 47 823
497 291 524
244 251 947
453 15 486
79 219 721
36 347 937
21 283 741
464 240 646
156 495 930
376 453 554
210 172 711
199 102 802
276 452 933
252 247 542
465 425 552
411 486 877
236 66 582
483 345 735
174 246 721
267 301 885
159 163 772
442 399 458
303 274 842
136 434 551
446 358 557
230 361 698
332 411 991
428 170 915
351 171 963
24 471 928
405 214 443
64 484 756
184 256 857
389 433 523
342 437 686
19 312 995
239 239 878
376 101 814
37 385 931
25 435 499
499 331 970
37 309 941
387 306 416
57 224 766
311 12 622
76 46 982
172 491 967
348 100 652
104 141 972
394 4 711
352 209 933
246 89 994
24 120 478
232 61 718
133 281 794
367 341 643
30 17 722
358 12 662
310 165 978
475 44 548
104 448 638
168 404 680
345 341 885
6 238 634
211 390 833
184 33 633
128 127 844
231 23 576
198 378 795
307 246 595
287 92 584
233 460 887
121 280 681
421 12 466
231 35 512
135 20 974
381 127 994
292 275 664
182 134 832
115 351 555
493 455 400
186 287 788
277 215 593
265 247 930
481 494 475
15 39 417
315 305 641
457 307 546
291 219 935
100 169 961
258 279 644
454 402 616
458 82 587
478 379 809
63 284 997
407 261 983
17 454 734
213 232 836
457 12 444
329 161 866
257 497 692
216 411 914
299 82 662
366 329 737
467 211 712
357 495 696
429 438 694
404 176 728
5 201 588
49 467 582
21 96 850
336 386 558
175 444 679
166 38 526
417 254 524
121 480 744
240 172 879
388 414 880
62 486 554
414 140 792
193 321 924
100 380 584
34 457 719
278 459 794
418 56 623
85 110 534
327 428 807
61 444 422
314 170 830
326 212 821
150 270 857
398 451 871
119 57 726
494 54 527
189 432 704
333 312 950
81 304 687
32 201 540
416 354 832
373 414 492
439 92 484
311 97 623
336 252 682
452 185 536
109 412 438
460 297 630
373 387 701
339 38 734
166 378 639
108 34 528
387 72 646
228 403 864
198 390 946
85 388 995
151 22 496
270 277 996
80 265 631
328 60 706
24 83 686
204 42 449
410 446 970
117 73 639
483 164 774
162 259 851
453 409 521
222 9 474
91 383 435
460 427 869
385 75 473
103 37 896
151 104 711
296 457 537
146 458 952
155 450 532
169 38 833
349 142 729
391 142 624
380 159 940
96 121 778
163 128 407
277 289 506
172 197 810
434 66 520
432 397 568
110 402 408
45 278 694
14 166 542
83 488 749
278 254 690
343 13 904
55 235 484
167 122 854
13 126 964
73 356 890
232 295 583
485 301 857
118 263 649
481 115 668
136 69 587
395 316 766
119 434 750
211 109 663
328 82 442
37 332 579
279 27 461
212 23 426
171 184 477
229 356 634
281 129 888
269 471 800
421 222 411
474 207 867
376 240 665
318 192 512
153 216 430
44 27 763
63 307 437
192 340 776
241 67 815
247 111 784
265 109 446
0 182 831
400 439 938
256 391 823
387 218 489
290 313 502
231 82 420
118 370 696
202 457 738
45 412 668
113 8 606
191 36 986
392 338 487
497 322 710
268 376 903
133 417 875
342 174 407
430 332 811
440 30 696
53 464 936
61 311 552
146 335 774
87 440 955
457 62 682
333 481 768
126 17 471
265 113 798
171 83 705
210 116 998
1 1 645
322 151 704
150 436 900
427 232 409
208 420 569
35 132 699
489 288 691
41 249 871
116 414 676
283 219 784
461 232 867
139 297 697
340 35 460
17 286 911
350 302 419
145 11 686
400 219 414
176 406 741
174 12 678
97 455 738
465 283 889
397 76 692
430 143 958
324 163 982
27 429 981
436 266 660
267 481 715
227 167 593
361 232 997
213 95 706
313 325 628
4 363 719
302 499 579
169 219 560
85 283 553
217 314 946
68 135 472
223 472 830
359 60 843
124 101 500
284 419 566
275 390 897
324 64 787
153 91 459
402 153 401
333 430 575
10 379 619
285 450 615
246 211 930
437 441 764
254 385 566
141 206 660
244 347 446
138 146 501
91 82 603
448 56 998
211 255 517
445 498 635
46 153 629
447 448 867
123 464 790
31 247 949
87 354 586
26 63 457
1 172 717
205 489 677
373 26 549
57 24 994
49 37 937
446 458 959
487 147 953
340 86 476
388 234 425
144 353 866
65 12 597
211 11 514
288 2 990
285 202 904
291 228 639
362 424 804
258 256 866
161 430 521
458 23 506
377 47 608
167 282 603
438 73 500
314 372 870
251 217 569
137 238 521
12 211 841
48 19 784
144 60 465
382 310 623
315 466 851
54 352 897
431 491 554
482 185 950
372 54 879
138 21 722
246 166 477
39 149 596
483 67 475
431 429 434
478 131 484
50 453 542
406 349 563
132 103 441
41 465 741
461 280 582
183 306 409
352 215 981
275 167 587
446 318 530
98 152 484
186 114 403
392 289 955
400 328 478
30 97 564
25 143 705
383 334 920
121 27 596
473 317 838
478 484 521
407 478 610
340 74 643
194 88 594
459 380 671
62 343 888
343 222 479
429 2 627
0 72 716
476 56 867
497 65 699
430 74 459
88 160 982
153 128 506
123 351 520
56 472 697
177 231 588
89 154 795
121 387 412
307 319 920
47 498 893
12 115 768
254 366 729
137 178 748
98 32 997
233 490 490
279 316 565
243 339 407
371 57 603
261 68 814
331 31 760
316 345 640
416 110 691
74 268 419
222 325 578
85 212 855
9 118 727
481 255 463
121 331 706
177 85 679
114 392 816
17 313 692
210 108 628
176 496 826
116 463 666
170 334 571
119 188 839
240 488 897
476 173 479
9 343 602
70 182 837
136 251 872
109 62 762
0 419 900
418 54 767
353 34 457
136 401 677
141 20 439
114 211 410
406 342 434
158 178 451
253 432 687
334 117 917
159 45 858
67 123 799
440 195 746
405 119 528
97 93 628
131 227 475
409 29 406
452 43 721
432 457 659
87 424 651
133 315 964
274 159 710
125 180 728
69 288 884
8 309 892
440 126 733
292 381 867
247 20 429
46 428 634
343 181 706
352 30 559
472 298 755
239 164 451
95 27 557
101 111 710
251 125 739
491 83 894
291 193 592
431 215 723
436 255 437
142 394 873
395 64 743
267 361 666
112 293 594
163 391 674
7 465 521
267 321 564
449 264 928
66 244 993
173 452 438
96 359 464
111 477 440
242 357 921
356 370 430
146 199 876
254 78 734
124 131 494
245 381 612
382 295 824
300 233 400
461 409 969
349 362 905
175 106 412
372 315 538
488 307 931
151 108 431
465 159 851
500 126 591
64 66 802
267 201 910
403 7 962
224 199 799
187 363 451
203 247 588
83 446 761
480 17 561
388 168 519
393 353 510
204 404 953
494 492 960
490 325 733
315 33 999
7 255 596
31 49 943
63 117 585
190 379 535
375 234 996
342 281 719
344 93 940
64 329 479
97 437 560
459 418 849
408 192 433
457 443 675
409 162 726
292 232 430
25 434 423
202 127 690
463 135 870
62 267 760
188 456 793
160 365 878
409 438 704
14 268 980
201 162 473
476 256 480
487 5 911
342 460 649
187 258 627
252 238 955
293 167 924
14 486 797
41 181 599
282 469 794
224 492 482
194 63 537
113 457 610
357 7 501
93 353 737
208 364 653
416 337 420
25 145 890
463 409 460
82 449 710
416 224 784
156 75 886
264 17 405
325 422 736
448 187 871
11 58 596
28 291 589
279 51 830
227 112 515
190 490 732
249 23 822
113 277 715
321 228 601
430 188 977
68 180 865
303 358 546
96 242 569
100 433 557
261 52 776
396 238 716
310 186 895
352 381 847
287 492 826
481 198 761
438 186 692
300 184 928
130 222 657
272 254 743
370 159 785
298 57 645
0 230 886
460 381 499
125 333 560
481 490 569
61 352 940
117 364 877
422 331 427
435 141 765
247 382 917
319 234 771
335 410 989
322 288 417
355 18 634
357 332 939
65 410 558
321 338 482
269 156 953
488 465 778
276 248 467
366 134 649
54 329 722
252 137 759
87 35 525
367 186 723
91 450 750
309 269 797
63 432 441
188 263 971
431 489 610
221 404 400
371 398 881
366 399 584
383 100 466
365 319 584
30 255 678
267 320 658
290 189 849
206 206 623
131 338 410
358 225 909
354 140 731
121 84 517
439 433 401
88 271 616
102 498 716
330 316 994
45 114 775
82 308 764
136 287 999
216 426 489
302 173 880
478 416 472
260 197 424
438 89 719
21 197 422
7 127 688
413 343 664
289 354 601
315 462 907
217 445 731
274 192 826
54 2 594
79 163 460
426 201 678
357 48 840
171 430 998
498 242 462
9 500 923
143 351 774
414 253 796
442 332 470
148 287 778
390 435 987
170 469 564
454 445 638
172 445 972
234 460 632
380 250 760
422 205 429
445 467 853
257 298 592
74 261 525
204 109 898
70 143 629
269 18 771
200 290 568
408 459 810
84 21 474
21 215 567
483 117 447
5 99 958
15 79 634
97 492 437
399 76 519
494 213 813
392 332 801
191 293 989
499 272 811
183 388 849
185 441 916
204 332 648
306 235 611
1 75 597
215 94 686
449 488 882
477 270 621
109 483 826
185 409 736
256 42 915
389 491 609
109 356 956
296 432 403
257 389 722
32 186 452
495 424 793
478 88 410
152 130 815
430 464 751
316 87 803
23 163 806
305 260 536
281 410 737
235 59 562
90 113 931
62 195 500
341 90 922
17 432 780
19 70 830
95 306 974
271 143 717
351 109 613
69 8 663
370 435 564
297 398 721
147 177 468
244 230 806
278 276 683
266 212 599
285 25 425
101 359 664
341 150 629
457 3 533
61 192 940
252 24 455
222 358 448
488 141 434
2 212 494
272 207 460
314 267 407
102 24 689
105 95 678
410 314 903
465 407 483
325 288 463
362 162 865
427 282 571
143 426 687
496 64 497
307 24 991
352 366 910
357 215 979
325 255 823
103 136 778
122 379 489
10 442 764
200 29 423
175 48 864
475 265 1000
350 386 551
30 298 458
55 340 948
156 183 441
132 336 503
490 327 954
210 151 931
59 1 698
41 143 855
149 247 524
416 334 990
236 331 758
66 215 474
367 87 454
199 143 495
426 356 992
151 355 915
138 54 645
205 50 517
330 383 582
99 345 694
321 39 833
496 36 611
260 424 916
408 443 731
385 220 514
293 476 714
193 295 663
319 251 602
492 111 717
65 338 838
390 137 861
400 220 671
53 494 813
328 332 583
141 214 672
22 348 517
130 434 775
71 152 491
177 157 996
76 500 465
370 472 587
80 496 658
34 299 779
332 478 724
310 1 978
308 416 669
51 265 958
454 95 926
184 164 936
63 104 588
417 477 698
463 183 822
209 381 683
178 340 431
421 364 495
484 171 589
90 474 664
89 2 735
487 61 768
23 104 772
82 286 852
308 422 856
233 296 401
94 367 987
109 343 591
280 125 472
454 59 876
444 9 828
313 483 760
205 142 916
255 230 884
83 323 479
249 240 455
436 322 798
85 129 820
389 20 725
54 439 589
74 310 660
69 376 454
425 430 711
429 389 844
480 15 753
98 250 683
125 396 973
381 61 932
20 205 569
406 396 911
424 198 581
114 26 730
1 332 418
173 481 926
235 448 943
424 62 537
360 105 765
337 139 666
27 349 476
414 360 449
274 374 693
12 116 662
436 236 441
13 141 753
260 37 668
243 349 507
73 440 733
310 108 668
491 111 860
420 179 696
197 65 589
202 365 440
250 132 688
238 184 616
6 229 578
254 154 539
165 180 653
419 255 728
46 377 919
152 484 752
269 338 672
467 346 645
314 149 522
425 126 696
118 13 427
394 193 458
254 275 859
158 124 797
367 256 907
87 157 693
339 279 461
114 90 460
53 494 527
329 177 867
143 412 681
304 213 933
410 48 641
54 307 401
338 266 500
204 148 745
416 140 408
490 372 755
494 413 419
496 231 531
27 416 420
89 77 544
366 466 660
299 33 507
212 171 842
304 374 609
308 92 787
3 186 808
369 364 718
178 111 903
210 447 549
180 397 400
300 353 465
30 252 803
302 221 583
96 477 662
272 308 472
60 204 777
61 230 803
304 346 609
255 83 744
74 14 496
316 488 510
132 4 461
479 286 795
56 407 891
351 464 534
168 18 692
275 38 983
301 221 597
358 445 533
326 157 442
319 227 890
214 163 570
183 24 612
250 304 534
374 164 686
246 497 488
244 386 592
332 175 801
493 137 442
442 238 922
118 378 711
340 430 503
90 396 832
435 278 816
348 419 449
395 173 617
440 254 852
52 61 482
45 145 594
369 228 848
264 59 736
486 355 652
145 385 712
207 169 787
436 174 411
157 22 710
152 329 743
153 249 932
258 144 783
499 130 596
392 267 825
260 20 518
321 381 482
83 398 840
493 2 865
97 217 588
333 77 938
383 494 874
88 401 893
379 437 761
461 431 483
72 211 857
389 26 802
182 398 939
173 224 456
24 143 657
353 439 491
23 177 611
275 127 619
79 221 456
324 354 467
455 58 872
185 87 631
221 230 891
493 147 485
370 301 929
406 24 493
154 305 729
172 0 490
439 471 702
3 60 527
130 230 541
314 250 447
248 258 443
55 322 549
281 346 568
348 139 902
372 39 450
92 26 892
221 217 639
365 112 958
382 284 802
103 316 962
243 173 742
336 472 658
51 327 690
174 246 411
151 28 603
0 12 864
310 308 657
136 246 941
456 257 924
402 286 907
215 239 513
403 80 731
131 446 900
207 435 420
402 145 860
53 256 895
137 237 674
447 44 982
53 18 636
424 61 462
29 197 634
302 175 870
68 99 804
275 399 781
471 310 660
37 118 826
281 412 604
355 55 752
142 120 988
98 162 736
287 260 724
479 430 649
430 479 726
118 317 537
149 126 884
399 190 447
95 306 762
314 280 824
340 446 954
373 39 792
442 453 946
156 320 906
187 85 812
448 259 794
354 103 827
481 308 657
189 214 787
94 416 636
163 132 594
56 332 955
338 78 632
60 199 685
89 13 452
105 458 766
488 219 629
388 23 645
379 395 926
425 345 823
279 149 877
210 175 589
238 217 553
34 230 468
97 151 551
414 358 597
347 115 510
196 420 659
262 5 835
165 130 620
301 179 963
28 393 675
240 105 995
108 405 914
289 122 428
60 334 891
434 137 801
122 362 789
401 151 922
51 421 850
29 105 833
218 77 908
449 455 509
188 429 704
419 205 679
247 405 413
421 83 463
215 293 712
456 15 571
435 196 558
155 190 696
393 18 603
101 402 446
321 129 968
433 92 567
0 40 470
69 496 718
98 13 628
286 190 894
297 107 766
115 440 508
231 102 740
317 453 928
114 258 746
402 485 453
6 309 705
159 476 747
260 377 874
67 268 694
88 102 609
66 278 578
41 255 450
252 232 954
197 361 752
333 35 746
39 371 851
462 408 823
191 205 539
145 360 417
452 93 864
441 55 576
393 343 480
482 467 499
55 228 960
343 50 795
79 136 755
279 85 823
318 363 428
268 243 585
111 204 957
480 251 942
242 417 428
410 447 406
277 411 461
288 59 566
468 170 432
148 332 969
262 9 649
208 306 832
325 281 565
62 42 516
354 204 939
237 100 599
387 376 908
370 68 453
371 238 891
64 322 531
324 306 600
110 55 922
134 74 953
286 175 568
156 145 815
353 317 934
44 237 458
407 290 796
40 415 868
125 107 589
363 118 884
26 234 468
138 79 701
33 121 912
170 405 653
412 207 672
125 436 768
124 348 827
272 375 687
419 44 583
3 19 632
336 289 842
172 383 938
62 372 665
65 165 862
425 373 599
128 200 520
12 179 762
260 355 803
7 467 943
233 492 791
206 12 527
432 285 816
195 445 690
64 302 495
210 240 940
136 158 467
484 399 859
309 455 848
189 439 834
427 486 706
376 414 785
177 101 692
474 396 509
180 498 627
403 375 992
117 219 847
151 340 987
104 260 572
464 157 742
13 362 748
472 255 846
450 169 917
327 161 751
118 135 706
111 489 503
316 155 647
140 106 553
292 131 813
303 4 664
301 483 950
158 271 814
116 224 533
173 73 426
472 278 479
437 100 520
417 496 743
266 373 791
317 470 553
24 450 909
445 184 426
97 233 611
109 283 546
394 415 426
50 460 631
184 28 462
429 89 437
174 489 612
355 239 711
139 38 483
321 422 953
439 275 865
61 363 525
321 497 902
495 289 929
217 148 404
98 58 607
299 413 856
284 279 542
448 52 719
500 474 569
349 490 636
245 255 924
0 403 593
157 198 754
2 92 719
415 109 592
43 371 472
229 180 538
351 342 992
181 423 874
213 128 780
241 330 899
363 357 613
254 200 862
11 64 449
331 15 502
0 470 692
413 449 944
60 216 997
412 242 955
259 392 630
418 39 622
319 356 904
60 174 516
384 130 724
319 2 493
323 289 508
8 86 848
46 267 583
120 190 708
51 445 454
71 8 897
39 0 654
61 50 904
135 478 785
145 331 524
326 324 580
280 191 469
358 424 671
114 192 641
91 440 424
311 190 818
335 281 573
59 141 928
346 170 584
197 14 701
95 108 722
458 115 434
397 328 778
298 29 748
43 153 498
106 225 824
93 153 439
196 22 931
480 7 676
137 437 984
269 54 801
473 397 837
215 117 545
266 366 544
61 114 849
468 250 928
439 72 880
418 134 938
70 71 454
216 291 764
174 294 731
17 215 412
472 477 658
30 113 816
288 236 893
173 143 753
468 158 830
451 461 422
201 392 829
491 157 717
222 183 608
481 118 447
161 17 574
462 121 428
370 290 845
412 412 627
272 121 642
226 359 860
84 396 568
1 188 614
22 441 883
3 104 812
446 367 956
1 418 726
159 363 949
185 362 726
487 481 549
0 102 589
479 212 999
334 249 975
120 198 655
292 500 720
86 254 662
275 236 612
375 102 716
324 211 535
231 221 974
178 435 789
161 403 739
343 231 432
291 288 951
58 33 633
379 409 967
500 54 956
42 49 879
50 296 490
283 120 837
18 341 595
376 388 498
298 413 689
313 431 982
299 356 772
263 251 489
120 42 557
382 446 904
485 187 765
17 242 449
83 405 975
454 416 451
198 245 762
180 425 617
19 285 483
466 216 445
425 371 587
267 93 491
392 52 786
165 191 548
486 214 422
452 245 503
16 402 419
313 366 878
363 65 503
423 248 689
380 337 944
308 216 536
24 134 928
79 49 635
12 172 622
1 464 690
391 458 732
467 383 835
349 52 447
446 214 893
45 125 632
488 46 668
180 415 783
313 110 486
117 31 787
148 251 416
457 382 523
45 309 637
433 179 741
39 391 634
389 377 546
348 376 589
58 271 780
249 106 693
396 30 606
21 163 737
436 89 468
444 318 830
397 54 675
256 266 828
299 76 785
79 203 677
343 425 898
22 243 460
175 215 718
413 313 635
339 296 537
467 457 923
496 211 818
46 50 533
151 484 936
84 76 791
446 309 567
380 252 796
310 491 783
207 225 792
26 241 456
169 338 791
434 456 907
479 295 482
343 245 769
249 206 501
391 459 982
404 457 555
276 84 901
324 266 587
451 345 956
267 204 617
350 43 971
74 385 674
462 137 855
397 378 427
199 297 465
356 286 554
294 382 452
22 126 658
250 294 785
70 400 760
7 450 654
449 30 844
478 279 493
381 456 576
182 279 955
235 474 420
480 349 803
422 299 654
173 429 493
43 214 494
41 42 570
258 370 595
443 305 793
94 288 662
270 284 451
311 409 405
454 124 907
346 494 650
301 91 932
206 173 431
239 326 824
16 399 400
446 296 810
63 451 485
254 453 821
141 156 870
423 144 814
142 216 815
291 417 430
16 379 561
370 152 749
64 172 868
468 202 475
199 314 731
152 308 817
173 239 921
314 215 416
364 451 758
326 413 466
184 322 912
458 189 851
39 478 720
108 425 903
274 140 972
432 68 955
233 498 786
481 431 697
118 293 505
175 325 836
257 209 922
36 255 652
285 482 805
22 186 493
284 143 523
111 387 604
408 54 902
246 23 571
43 228 755
452 61 659
98 420 547
118 79 409
181 46 516
327 4 863
71 410 742
481 459 716
273 494 731
191 418 867
118 309 464
73 368 417
226 228 409
47 95 887
267 369 426
225 58 401
96 66 903
331 240 974
443 69 415
478 211 518
187 55 681
299 299 587
196 144 892
77 2 825
437 433 791
363 326 517
37 326 934
245 17 956
71 36 895
61 372 885
478 488 591
67 45 876
72 460 771
307 348 528
103 105 773
465 222 729
277 134 938
453 12 972
465 108 571
409 94 967
176 78 540
235 267 846
257 106 620
53 258 852
325 53 883
325 166 947
99 105 622
468 182 536
434 206 743
121 182 820
68 192 969
340 106 886
194 399 600
275 465 416
335 455 608
144 322 649
455 183 461
274 144 482
484 208 542
226 496 809
402 20 765
430 362 916
339 23 519
376 47 857
82 109 606
447 215 580
130 438 823
149 215 971
412 135 793
280 126 831
394 105 580
314 196 891
1 116 816
499 194 905
218 320 704
498 92 431
134 343 937
121 378 881
279 92 762
183 314 913
454 182 685
207 378 803
262 455 757
138 162 434
72 466 895
71 401 605
146 91 823
27 355 436
64 492 545
166 309 625
27 281 519
306 131 625
293 123 692
468 466 437
196 437 894
161 419 837
299 424 747
461 209 718
29 88 834
273 115 536
41 441 732
128 84 973
123 352 809
481 232 963
42 139 529
200 321 706
390 339 771
2 243 523
300 353 743
290 126 447
228 153 745
363 78 656
232 334 489
293 433 924
128 324 985
297 389 973
34 77 825
210 211 802
299 426 669
323 157 730
97 235 866
283 67 695
244 26 936
342 388 775
375 114 689
157 359 747
445 264 422
352 333 415
487 255 856
88 114 524
353 196 865
100 167 525
344 73 987
492 156 795
113 406 743
377 357 591
462 477 988
119 30 432
455 40 761
379 103 510
274 113 702
339 452 936
195 143 777
212 192 848
67 468 989
317 220 974
429 223 706
233 396 753
144 38 619
388 446 962
12 167 721
76 461 758
285 286 748
82 234 422
35 404 626
218 379 685
7 130 988
469 53 970
130 182 528
258 129 650
197 22 400
254 132 616
404 12 864
494 229 834
11 158 550
156 32 525
10 455 545
101 172 760
76 216 826
342 31 514
425 172 814
79 369 734
51 206 419
165 31 749
286 334 622
206 140 942
301 205 680
189 181 516
257 451 632
443 118 679
353 114 764
130 225 611
487 308 497
63 186 476
485 5 608
479 332 966
370 440 774
154 241 496
498 369 595
25 377 770
116 276 746
142 393 621
499 83 750
441 289 882
146 446 943
45 67 897
259 56 878
153 274 438
419 454 660
55 209 649
123 323 401
331 29 959
68 133 720
343 484 580
312 367 891
117 344 856
58 130 638
464 111 697
365 363 657
476 17 525
252 210 822
471 153 835
30 15 670
28 85 433
238 219 586
374 254 560
226 248 743
432 208 894
94 294 684
89 10 731
66 115 934
139 472 791
372 328 782
190 391 597
344 340 970
51 393 544
370 470 586
200 161 685
306 457 569
157 298 820
120 363 763
201 51 718
111 391 553
185 84 953
238 278 862
348 82 631
203 200 467
451 63 775
18 287 600
53 255 676
81 81 755
441 493 576
347 273 789
350 476 499
479 232 909
468 258 882
56 203 618
246 50 427
28 406 597
414 357 568
351 156 623
270 313 537
280 186 929
148 387 636
405 24 928
106 117 638
63 87 895
405 260 591
400 345 699
25 128 586
269 458 983
229 394 852
121 221 910
32 134 901
84 425 642
106 91 881
343 444 718
156 157 625
117 225 412
234 306 998
128 267 531
265 474 699
116 95 414
463 279 435
257 312 410
211 24 452
112 150 865
424 476 806
265 500 704
398 159 618
331 24 513
5 216 855
180 77 579
443 376 766
207 178 975
425 419 488
270 7 646
272 60 840
400 219 756
480 367 714
196 108 402
300 449 846
440 17 578
11 443 757
391 214 564
290 279 703
149 455 991
290 72 771
217 33 939
188 492 675
58 457 952
123 301 903
114 373 906
83 191 940
322 300 593
59 74 506
55 119 957
23 320 543
146 37 681
344 187 498
188 152 524
