319 337 435
477 305 944
482 258 665
468 392 438
268 54 721
214 402 478
479 364 443
217 222 888
26 364 416
21 133 871
243 166 471
150 338 549
113 41 869
236 336 864
373 171 790
144 422 478
17 202 480
251 476 931
456 94 911
261 482 443
205 63 881
98 468 742
63 328 955
399 489 943
261 46 552
3 343 637
315 414 955
336 270 700
397 77 540
273 128 547
486 485 817
147 105 471
396 128 853
266 234 648
215 349 843
49 349 785
193 268 610
18 7 786
178 298 655
325 348 676
96 93 889
327 212 748
444 247 477
64 424 749
374 283 847
185 275 543
5 123 631
427 403 811
75 234 922
242 89 474
278 380 853
216 28 849
138 363 632
122 432 540
320 264 446
196 37 615
438 278 933
437 29 850
393 213 816
256 431 901
465 317 637
148 10 741
328 96 618
247 417 555
397 321 762
189 245 880
316 141 448
421 59 576
463 29 483
74 243 832
170 186 707
182 377 476
248 339 972
187 319 752
494 83 548
444 55 970
374 318 747
215 197 526
490 481 536
463 206 478
100 390 870
368 228 449
382 393 775
103 95 594
69 205 877
327 135 519
474 142 769
62 329 503
160 365 928
126 16 442
465 432 442
87 4 602
132 112 415
254 471 441
299 74 871
233 220 613
155 4 438
494 82 736
84 37 842
309 387 426
52 239 496
22 208 981
431 181 978
221 315 526
369 257 522
344 362 604
325 47 747
18 490 612
78 262 682
430 6 919
401 342 724
287 476 444
0 396 544
401 357 797
482 425 886
348 302 841
56 68 585
298 297 501
308 39 731
41 278 718
163 368 901
82 378 780
3 236 929
81 146 700
35 257 760
296 111 976
448 249 632
244 131 409
49 457 791
287 21 707
408 496 527
281 438 884
42 472 743
48 172 536
435 291 762
186 410 643
242 92 905
134 351 754
136 0 421
136 446 798
239 243 416
176 353 424
484 362 774
359 220 726
279 141 489
54 63 838
435 95 918
438 413 660
377 430 869
323 354 756
492 86 790
7 295 978
490 203 713
184 236 541
46 177 861
312 32 518
249 184 995
338 235 597
67 11 905
226 124 626
450 454 827
148 74 628
291 307 738
33 12 810
497 376 504
4 56 979
482 106 519
438 333 432
399 62 688
14 171 895
471 426 868
103 235 501
330 157 462
372 357 851
108 210 485
58 427 485
318 249 545
393 73 863
22 70 878
86 74 680
471 403 889
117 482 789
20 277 592
309 358 743
131 1 926
31 220 992
363 350 841
361 497 915
373 406 962
124 18 974
182 108 849
370 335 786
299 87 546
114 440 766
410 176 845
199 9 715
116 282 534
493 372 939
405 311 704
492 353 556
395 129 796
323 408 474
58 25 541
454 134 664
422 37 936
70 194 646
339 166 428
344 411 464
184 456 491
484 220 927
489 395 405
311 424 646
80 240 534
239 48 490
487 298 904
125 415 603
454 395 592
363 367 606
106 462 841
187 203 915
112 147 563
95 234 738
185 259 814
391 424 637
382 2 487
453 184 618
436 463 495
500 416 672
122 122 577
33 248 991
232 485 634
326 230 409
68 175 600
37 174 427
147 483 939
446 316 674
297 427 401
326 281 647
343 53 938
329 205 608
292 407 921
80 298 952
12 37 532
117 207 914
60 351 840
289 413 865
258 400 841
442 295 448
390 178 865
288 210 799
325 323 983
274 154 467
341 127 563
435 372 689
115 259 525
362 134 953
184 259 796
309 354 681
139 88 441
312 470 975
172 142 851
20 380 608
301 433 506
333 210 837
111 274 441
476 420 536
264 95 714
222 45 926
381 14 630
260 275 861
461 488 772
265 272 909
354 230 877
126 20 849
74 302 735
338 448 905
271 15 580
404 12 740
85 306 966
420 114 855
213 209 524
181 253 714
311 48 799
250 278 496
28 214 483
412 384 888
71 391 837
367 478 540
26 384 867
248 16 409
312 39 534
173 480 785
430 440 687
2 277 491
385 342 873
69 222 866
52 477 909
46 116 745
437 253 621
465 237 821
348 351 547
356 414 892
233 62 730
188 206 900
470 186 854
88 377 662
330 36 823
470 378 505
328 443 792
401 401 496
306 457 529
235 331 516
430 400 956
460 310 436
396 247 457
488 397 668
136 415 740
432 422 809
96 336 498
275 480 835
465 343 467
214 51 744
18 90 810
445 31 810
433 13 523
430 183 730
75 476 456
498 491 763
449 459 582
200 227 617
429 131 488
381 22 778
90 278 504
348 300 553
318 356 557
248 269 563
244 124 982
42 160 633
5 233 915
123 204 442
443 85 759
423 138 922
10 208 813
78 149 858
23 428 575
448 98 808
326 195 979
415 34 655
448 367 559
87 275 990
259 177 861
414 275 402
131 76 609
231 39 419
141 336 748
220 63 419
372 42 770
75 313 658
115 412 941
288 355 450
2 400 480
14 374 522
499 342 879
99 35 753
372 252 585
394 145 895
147 4 976
347 89 743
248 204 613
2 277 690
122 484 879
334 258 532
258 496 498
330 308 405
457 4 639
393 268 453
145 72 633
489 36 796
133 362 435
313 149 940
320 362 539
233 460 477
132 384 579
292 389 402
342 17 994
114 326 650
21 443 475
484 68 409
393 137 988
105 375 633
116 113 993
155 381 889
13 3 964
210 66 957
245 252 909
142 43 796
132 334 949
362 339 627
229 417 964
458 322 787
480 259 537
155 77 475
297 371 406
25 450 561
191 165 782
342 229 480
117 387 564
302 272 696
155 310 834
431 158 576
216 345 995
167 204 950
370 61 856
122 482 989
98 62 632
415 254 473
182 316 676
489 179 548
144 489 609
465 166 441
317 236 608
141 447 979
116 352 627
129 472 484
163 157 517
467 461 743
498 58 404
175 457 444
280 75 929
304 66 893
168 11 416
219 356 659
404 264 723
495 219 721
223 59 868
316 55 909
441 410 450
379 153 917
235 287 546
80 390 546
205 386 561
350 403 401
8 210 494
133 260 478
283 495 931
2 189 437
41 401 553
174 203 557
272 99 798
171 11 482
2 107 406
152 186 927
461 459 686
369 302 539
263 154 585
104 144 987
369 301 609
273 396 974
314 353 510
214 222 828
301 102 981
139 159 850
51 224 819
126 116 511
30 197 415
213 349 825
298 168 685
365 46 807
323 41 566
284 331 615
203 116 749
64 439 584
110 380 685
417 174 608
179 400 437
225 174 680
12 416 980
355 9 416
39 462 794
127 324 743
283 299 636
324 81 996
346 246 784
495 6 932
256 147 967
8 475 866
358 328 713
487 373 641
430 100 883
32 373 600
315 350 778
320 384 665
391 308 803
184 63 716
22 112 490
322 447 579
130 447 847
198 275 897
466 420 812
35 133 650
109 8 996
282 300 574
183 17 829
392 390 642
484 66 732
67 214 729
498 91 522
460 0 516
184 5 838
80 105 913
135 156 967
272 439 873
238 144 833
71 483 902
250 323 749
418 383 422
322 316 780
333 68 667
132 477 779
451 69 894
354 69 562
492 115 761
248 395 905
400 308 722
105 409 813
270 212 755
335 155 714
156 75 894
303 376 904
325 445 516
118 206 527
195 318 915
425 4 506
226 342 999
260 323 613
483 329 524
465 276 537
113 227 621
194 299 624
0 300 798
178 84 840
362 139 661
293 72 882
154 375 584
59 112 876
27 447 841
175 493 865
489 128 881
110 482 476
86 209 472
5 160 406
400 472 574
182 399 710
96 259 472
237 71 727
77 230 594
87 311 856
365 336 457
393 243 1000
96 131 755
281 274 919
334 56 703
189 72 515
6 393 680
89 67 634
28 83 473
444 417 874
168 419 953
184 346 811
357 459 461
151 338 471
275 348 702
76 106 447
212 145 915
328 464 965
403 500 441
262 149 746
447 145 698
335 474 482
248 352 460
444 433 632
400 444 558
163 405 714
464 340 801
470 76 555
371 272 582
396 103 893
82 466 919
273 207 815
9 95 914
474 78 992
153 86 832
5 72 484
107 200 922
49 101 424
75 360 406
93 39 617
357 323 692
281 481 911
20 426 883
30 33 782
236 242 964
198 76 815
373 182 451
307 30 555
234 350 835
89 215 916
191 115 771
128 239 714
329 210 785
415 176 701
31 279 762
32 406 720
488 161 866
181 114 417
499 460 507
20 260 939
111 443 569
38 484 487
423 44 905
73 439 439
458 31 649
179 5 696
166 175 859
21 452 449
205 31 531
169 265 498
166 383 565
418 393 558
75 489 827
70 497 728
91 190 915
335 358 764
241 254 887
53 430 453
183 312 865
63 178 569
291 240 405
307 240 680
273 328 529
209 449 556
408 400 691
415 81 563
18 131 656
484 64 549
369 308 547
436 107 552
88 441 604
136 248 707
179 149 759
40 193 854
387 150 468
426 263 889
288 192 614
224 260 707
181 384 493
107 326 741
170 360 835
5 237 986
30 253 738
294 488 956
231 34 921
148 275 946
4 137 963
295 129 732
183 87 808
1 224 626
306 424 546
412 290 560
169 422 481
129 491 923
473 237 749
363 274 537
145 151 472
241 140 542
72 190 818
452 335 861
399 434 535
92 301 467
10 48 724
306 303 671
59 6 512
448 88 824
84 411 797
389 8 997
346 297 686
396 172 780
176 390 720
420 287 935
317 164 779
345 297 567
411 417 463
297 86 566
387 146 704
301 475 913
325 156 768
57 371 802
385 391 587
446 7 797
356 493 930
312 324 735
72 58 962
102 109 571
320 10 766
299 217 928
292 372 683
82 317 877
390 481 715
445 484 572
454 106 723
10 380 428
116 431 559
82 331 972
219 83 959
242 173 950
194 264 743
244 438 796
27 95 941
118 108 480
219 382 726
248 312 545
52 231 913
72 227 703
36 378 890
430 266 650
218 215 902
362 9 601
145 311 543
152 480 501
476 49 428
61 121 889
279 68 733
74 350 413
155 71 500
112 145 733
88 497 974
355 122 532
257 197 475
374 416 560
4 309 993
44 354 771
99 170 717
247 91 727
230 406 494
436 369 710
39 167 860
457 340 412
397 257 529
221 27 906
265 346 931
177 150 861
139 26 618
0 54 662
330 494 678
42 350 693
17 69 886
358 394 593
489 427 986
69 8 602
500 189 655
171 213 662
290 14 866
280 174 580
161 422 654
416 312 585
265 206 726
165 482 706
462 88 862
419 272 897
455 99 443
380 261 654
468 133 766
231 113 894
109 114 767
285 8 882
488 38 831
478 23 967
387 101 698
149 185 811
125 246 766
302 107 595
108 293 957
16 469 463
118 133 694
283 35 848
278 424 597
333 489 526
85 413 454
463 316 800
1 280 418
262 101 726
114 354 553
500 282 702
432 194 811
49 458 698
420 268 789
213 355 847
194 161 808
202 160 804
400 0 649
98 212 714
144 109 565
398 30 947
165 497 572
469 59 937
21 451 961
438 12 867
391 337 653
263 154 568
272 51 633
29 493 729
297 150 763
86 267 780
129 190 538
324 346 994
87 471 908
424 302 627
481 128 860
99 273 760
87 425 658
1 160 651
349 174 815
355 261 433
83 316 555
254 174 963
293 84 475
67 126 788
61 166 427
268 483 786
333 271 734
217 421 993
119 291 417
197 213 735
98 448 466
43 245 950
323 213 422
159 55 417
480 246 925
267 449 746
416 366 790
47 363 777
280 234 664
409 408 871
171 38 865
334 271 870
99 185 562
159 19 911
339 297 620
397 63 643
40 174 889
41 376 631
402 185 633
26 342 840
277 304 941
196 364 867
262 183 933
217 391 507
132 215 695
494 26 770
44 240 966
271 469 681
333 283 450
438 456 992
364 286 948
130 277 823
332 6 506
237 51 921
497 112 617
224 222 790
411 437 697
123 6 403
422 443 613
459 495 779
125 390 461
68 114 848
144 193 863
366 233 583
110 57 622
347 398 885
72 270 782
441 420 452
496 230 682
236 197 968
273 176 683
172 491 703
318 471 989
136 346 455
475 321 824
119 322 885
119 311 978
268 382 529
454 190 687
22 224 862
86 155 881
302 88 641
50 447 920
484 495 889
46 82 870
4 176 805
307 297 673
307 481 653
383 93 891
298 145 425
29 179 952
6 386 593
111 307 485
36 310 793
106 75 510
334 16 720
244 39 696
44 224 437
362 138 997
370 452 974
17 241 883
132 162 553
386 470 576
200 434 879
0 476 648
424 255 618
331 257 751
421 263 871
146 496 929
119 168 509
110 466 912
105 257 489
314 482 818
380 281 747
443 284 740
126 252 759
99 301 601
241 375 537
350 226 770
377 405 700
2 344 495
464 365 631
490 418 768
307 383 643
127 237 475
68 163 422
12 412 983
336 230 420
29 217 578
228 361 826
62 212 559
32 10 898
215 50 994
240 378 811
280 406 490
376 231 453
444 496 521
136 38 884
71 318 518
413 112 402
309 73 725
462 54 879
378 397 543
131 360 511
109 171 832
298 231 637
4 307 744
350 491 715
343 363 798
164 415 535
490 267 573
391 392 485
441 205 574
438 272 660
455 53 571
239 57 580
492 370 750
398 227 612
379 126 818
473 325 518
217 23 883
149 317 877
249 214 587
33 496 728
67 309 650
446 357 921
44 137 586
465 114 412
309 414 707
273 279 911
0 151 571
474 43 992
324 172 985
79 267 529
207 320 530
32 68 795
303 390 500
259 101 708
292 52 845
282 196 528
160 310 951
136 231 707
264 48 566
100 366 818
54 130 797
384 331 543
224 458 868
251 475 774
417 261 786
402 187 827
15 228 673
184 465 846
310 10 435
45 34 999
342 63 830
467 338 999
241 10 523
387 129 774
391 69 609
307 345 716
180 472 897
488 76 718
221 123 945
43 361 765
97 31 499
411 27 682
290 197 692
457 255 671
275 76 578
356 362 905
323 420 465
21 322 640
200 109 440
368 163 496
434 294 595
323 408 510
155 234 815
459 68 716
303 166 868
415 410 629
219 27 918
135 44 835
206 56 454
144 29 426
318 74 876
370 394 783
200 411 660
240 251 785
14 52 963
455 265 588
499 216 865
100 418 853
37 296 752
101 228 827
397 280 605
273 84 962
145 249 873
328 262 846
270 387 955
82 496 442
391 271 439
191 439 939
485 477 915
476 206 995
256 386 567
78 276 747
434 138 835
140 321 467
19 59 920
491 212 669
486 237 625
190 489 409
406 266 804
217 38 955
64 113 697
271 320 998
384 196 636
32 40 738
466 110 628
390 489 994
138 413 606
0 444 915
377 468 422
288 22 791
106 374 959
326 44 846
401 285 990
16 154 799
49 303 648
330 398 429
190 105 594
167 118 605
83 401 698
289 186 487
365 316 474
412 249 901
416 313 962
260 379 873
209 292 962
182 428 812
326 104 517
277 325 479
35 83 574
259 44 584
263 378 809
375 128 932
103 346 849
464 150 987
91 394 737
166 178 795
55 212 894
139 208 830
285 470 905
146 369 919
268 445 843
77 285 497
78 310 691
475 271 923
287 413 887
195 18 542
389 62 507
455 213 616
205 204 612
378 253 458
129 231 644
196 41 893
177 349 492
106 414 897
233 187 619
49 42 446
421 393 903
9 393 479
360 473 841
419 313 518
355 148 459
408 0 966
456 112 550
65 450 998
255 63 834
160 166 628
116 357 664
441 207 540
22 213 962
460 12 702
319 308 483
355 332 411
457 51 858
29 172 510
310 212 532
297 279 558
378 12 965
356 301 872
212 254 422
390 411 527
434 303 754
163 88 764
117 210 964
472 441 627
89 407 520
29 117 804
5 40 571
61 106 875
149 364 921
241 478 921
152 123 941
337 482 614
377 329 648
340 92 535
375 97 651
126 141 428
149 373 821
452 371 821
389 16 547
351 477 461
335 309 622
25 188 433
433 230 706
392 401 774
129 52 824
298 320 809
261 190 705
480 394 773
400 470 664
61 478 483
103 38 902
211 46 916
24 19 692
211 446 507
97 225 960
17 379 912
134 98 520
140 398 764
183 337 551
246 335 919
471 128 536
207 300 842
10 395 573
170 438 827
183 79 470
422 436 440
488 35 995
108 459 658
451 169 837
101 295 649
157 254 999
320 387 682
298 61 804
374 243 839
484 479 868
363 321 704
383 441 826
471 410 573
230 169 709
173 139 740
218 422 688
467 331 730
36 327 667
218 423 733
375 434 530
497 449 468
446 27 972
438 365 808
372 153 695
321 181 713
79 13 958
461 44 485
415 27 935
280 55 815
252 261 550
298 325 477
80 332 818
277 170 574
182 461 820
259 491 596
146 288 533
67 120 410
422 416 842
32 227 586
195 193 947
148 230 909
55 225 659
129 5 834
404 269 433
239 140 450
365 259 762
339 245 843
202 449 685
310 459 476
422 148 998
35 134 423
244 296 791
421 2 895
359 237 461
224 202 429
239 446 876
441 389 565
103 284 638
265 386 778
36 79 660
295 438 903
467 481 403
99 10 552
145 205 673
203 106 499
372 281 693
264 48 604
409 179 492
309 367 605
36 232 636
271 493 545
450 435 886
169 153 858
209 192 879
132 437 604
197 418 645
28 202 825
116 229 794
86 146 415
349 425 415
117 195 623
388 122 547
353 488 649
98 266 547
54 467 885
335 36 597
296 129 943
207 349 410
148 458 741
442 341 494
298 314 449
447 310 701
417 242 629
273 380 766
214 42 710
335 63 483
322 197 938
196 491 918
169 59 874
263 118 572
89 328 722
40 94 961
91 108 719
28 115 914
364 350 606
18 393 812
282 331 536
340 494 561
335 325 595
97 43 776
13 123 704
202 241 608
22 296 897
99 46 691
59 105 543
465 450 757
291 275 935
420 461 408
195 41 569
381 261 505
381 12 400
118 68 867
207 276 786
277 271 830
479 253 837
246 445 954
99 318 703
335 262 699
368 157 789
256 115 509
82 482 685
206 300 621
349 59 471
150 155 772
246 245 408
71 270 665
148 382 797
130 437 876
347 40 810
132 160 657
62 208 810
341 19 951
159 386 505
482 155 620
207 219 453
488 133 872
40 33 862
295 287 413
156 357 458
291 183 483
490 415 749
380 393 942
90 139 525
451 466 869
29 346 998
442 118 625
446 162 462
15 350 776
349 434 971
261 90 908
487 260 944
418 272 967
216 336 908
237 8 556
16 420 541
443 362 583
9 437 858
71 87 568
23 391 546
251 391 924
219 189 630
98 31 875
350 454 678
211 497 552
454 55 639
439 154 960
346 446 696
183 68 620
325 223 654
170 242 794
38 265 754
257 386 459
432 411 935
253 166 449
226 54 848
212 304 661
223 155 994
328 467 756
79 333 458
327 289 917
390 120 505
38 401 625
51 219 970
211 355 999
429 163 716
392 166 564
346 19 748
286 313 513
348 447 614
439 30 555
213 261 748
79 488 841
129 67 696
201 96 889
7 395 540
93 202 794
493 220 705
111 256 753
399 419 794
398 465 836
49 371 556
469 163 922
384 68 401
93 314 467
415 498 630
336 84 940
481 304 426
479 133 798
209 314 494
105 416 669
441 10 531
119 1 503
435 37 757
308 179 654
5 128 989
297 288 896
128 145 448
457 197 821
243 134 536
199 11 721
329 412 676
428 215 835
460 306 697
365 370 624
133 219 683
75 436 976
223 356 601
241 373 975
91 456 842
452 198 417
417 245 742
458 36 542
362 18 480
257 136 511
405 36 971
37 89 741
384 345 732
133 258 675
441 483 748
104 477 945
308 101 955
334 115 581
345 325 620
469 126 421
432 153 920
3 103 488
27 42 680
189 311 910
365 135 613
293 37 702
420 162 436
91 360 827
274 72 714
342 320 900
184 327 869
78 21 984
356 327 818
432 478 446
324 467 521
219 238 831
371 15 805
80 24 933
425 489 909
249 217 592
281 482 781
33 480 748
395 462 653
193 356 876
218 76 489
383 479 508
468 306 423
47 345 869
68 7 438
17 189 781
290 216 406
138 393 629
400 35 879
349 345 966
357 329 411
22 339 959
142 10 848
336 131 518
405 105 423
82 51 586
17 146 404
483 239 831
222 477 745
3 323 791
340 92 494
430 26 686
405 435 853
10 118 724
35 308 420
269 351 594
382 260 765
264 316 757
301 12 510
493 17 628
476 184 953
369 310 935
377 305 538
233 96 723
196 221 728
344 495 493
284 30 515
219 437 631
271 202 557
499 357 699
229 435 595
58 192 859
308 290 620
352 405 942
384 177 721
83 428 759
8 174 503
112 62 753
174 150 466
188 474 605
98 215 596
9 344 479
214 192 481
182 361 928
70 412 483
116 395 700
370 450 855
476 86 771
235 136 852
433 341 763
51 91 409
218 436 613
280 180 646
42 93 670
47 290 588
446 100 492
30 37 759
194 30 470
322 127 619
217 123 533
334 14 745
465 227 450
37 119 915
459 320 597
450 396 630
399 223 746
22 356 907
3 93 529
273 268 475
378 292 541
150 192 828
224 375 645
379 496 787
438 484 598
158 358 717
220 466 924
141 63 570
112 128 701
249 158 790
255 174 484
426 38 618
188 382 578
367 428 998
446 274 402
378 185 537
66 305 551
465 299 913
155 229 847
237 167 895
446 68 527
375 371 729
299 445 476
247 125 441
15 235 580
317 231 864
218 366 550
472 130 511
171 375 456
148 232 439
136 387 758
85 314 938
288 475 705
350 37 907
131 117 815
425 180 738
97 321 429
5 170 783
247 179 435
445 357 736
67 239 764
68 389 883
270 313 877
383 177 844
344 49 746
232 353 608
278 301 954
395 186 862
370 448 943
166 396 800
127 388 512
11 201 723
458 272 669
217 156 881
16 181 996
90 61 735
208 242 424
415 177 842
489 331 458
129 425 960
245 423 410
475 54 455
397 226 691
180 334 592
150 163 476
339 202 546
380 10 867
190 104 661
14 215 842
157 145 548
134 280 721
487 282 663
90 159 483
297 224 579
45 453 420
304 264 965
220 412 597
333 383 448
12 296 522
5 19 507
59 470 977
109 166 955
471 187 691
175 266 660
80 487 404
437 465 401
237 248 562
214 156 630
113 329 426
295 375 494
361 100 747
472 405 435
173 252 588
328 341 456
85 255 851
400 285 539
296 187 557
355 426 724
335 0 499
418 406 524
65 236 679
190 349 500
37 445 690
398 291 976
379 209 546
449 39 698
104 158 849
469 474 992
307 498 404
380 428 909
31 180 924
310 144 578
58 225 447
88 343 868
357 168 612
456 45 432
375 140 531
409 356 704
224 121 977
400 49 408
41 65 974
40 449 869
231 29 571
379 175 466
206 16 891
141 418 905
394 436 977
152 6 535
130 385 785
219 97 789
344 157 655
294 496 524
60 305 585
281 168 434
200 119 758
166 451 579
192 25 598
178 203 508
83 176 861
346 383 929
276 54 431
492 328 684
189 302 437
251 392 489
173 486 806
135 340 830
100 309 854
417 53 764
96 470 538
149 26 493
337 475 504
298 319 687
220 488 993
492 259 690
273 469 499
381 477 610
217 404 753
374 465 730
399 275 698
335 41 474
333 446 772
379 460 420
256 169 728
22 240 745
288 237 559
236 219 950
227 112 833
268 311 908
349 321 917
194 263 853
41 261 796
466 485 999
418 196 1000
126 474 459
475 309 972
264 385 868
427 125 989
31 228 406
343 51 484
213 417 559
9 160 749
88 192 972
84 299 715
187 116 993
49 403 758
143 42 624
465 81 633
40 174 886
418 153 545
459 266 411
430 182 974
305 413 772
420 91 569
66 127 644
65 86 514
143 331 693
477 1 535
252 322 980
207 297 934
140 100 692
242 234 944
298 326 574
348 400 527
79 345 814
101 200 482
479 6 847
58 33 549
316 499 830
141 349 931
255 226 764
69 272 559
426 115 857
438 317 798
81 408 883
188 57 462
195 337 701
208 9 894
204 454 443
214 250 856
210 387 592
285 330 526
306 94 447
418 10 713
376 142 851
362 65 747
479 355 954
250 49 740
216 329 701
452 472 741
330 196 602
239 228 604
197 355 453
110 273 886
210 183 736
442 343 650
42 374 623
148 335 850
323 119 835
308 444 758
435 135 606
397 292 767
418 148 586
397 130 535
123 483 473
197 453 918
383 213 719
232 403 831
382 84 542
220 57 916
452 331 783
451 84 721
25 149 756
101 160 735
315 295 681
255 143 597
297 487 697
130 220 939
244 328 429
333 387 939
213 352 605
448 421 911
298 450 530
20 225 977
396 279 877
113 281 640
436 485 724
449 452 488
458 13 809
283 406 942
48 383 589
292 323 649
167 484 964
22 4 800
169 160 874
109 8 794
205 237 601
118 367 631
6 215 672
243 405 670
307 199 400
318 49 414
259 91 491
223 225 815
139 369 918
487 279 734
313 163 647
179 306 927
31 46 600
195 134 795
351 492 938
180 445 550
154 52 549
250 472 414
340 405 481
181 23 846
498 296 761
388 375 433
11 135 680
45 57 707
52 118 586
383 440 808
291 277 776
207 174 486
414 451 957
245 339 801
109 351 665
321 22 770
17 496 730
23 430 490
13 467 649
36 118 536
125 496 596
144 86 551
182 189 608
310 62 877
50 17 954
13 341 467
411 177 952
340 93 711
386 7 467
102 14 406
159 72 834
147 250 904
464 153 747
315 352 710
458 179 466
151 59 993
66 240 735
316 225 663
487 297 805
333 478 484
24 237 1000
266 75 415
328 435 583
126 383 821
119 76 863
66 334 611
398 66 951
87 227 725
406 296 901
177 356 888
392 153 793
251 333 565
332 96 742
204 303 804
450 100 950
159 268 810
234 303 558
173 298 681
368 306 736
353 300 495
394 405 677
223 110 936
484 324 641
185 26 503
428 68 641
243 288 679
162 161 738
322 29 813
474 473 888
350 473 554
329 208 471
469 25 758
78 105 704
296 182 856
220 229 490
460 236 471
299 371 873
336 114 457
437 274 519
116 260 941
225 283 425
41 107 748
378 207 803
477 0 537
205 227 704
50 305 726
136 432 566
499 375 788
273 447 754
167 396 478
196 111 485
210 328 731
195 441 865
405 166 414
225 193 753
315 389 996
379 437 854
434 354 786
156 296 576
147 134 823
401 195 489
353 18 481
310 147 683
191 190 604
197 319 700
79 228 448
20 339 816
82 95 925
19 276 573
455 497 975
434 439 900
344 165 663
179 182 707
38 315 747
260 209 784
308 184 989
277 63 927
264 120 874
496 203 621
108 369 766
9 243 406
169 96 562
247 158 426
134 202 433
416 79 406
372 193 654
185 283 925
335 395 954
393 397 763
129 110 719
84 91 908
5 427 409
196 292 666
412 414 922
350 492 482
36 230 645
302 46 667
167 36 918
275 394 636
154 323 638
258 347 445
54 381 684
317 378 779
271 249 500
189 476 849
486 440 766
401 231 554
32 105 893
219 396 502
468 449 612
330 456 828
424 464 880
148 332 500
407 45 828
284 390 669
322 206 720
238 9 841
448 236 656
126 368 759
84 85 832
