132 492
285 304
418 89
65 413
496 148
141 189
174 348
57 218
186 294
379 193
385 271
397 95
1 393
116 272
482 155
91 39
149 303
4 366
305 348
153 76
183 381
434 332
400 152
473 342
398 177
396 213
442 256
353 406
196 203
258 17
413 290
486 321
355 385
1 417
232 225
121 417
0 296
111 188
124 102
451 224
332 389
112 182
356 59
235 82
463 407
457 50
30 58
211 83
4 152
412 192
169 189
295 195
192 171
75 193
167 331
291 217
49 438
340 213
165 314
411 85
433 169
10 347
16 236
75 265
462 466
266 1
256 311
10 110
72 176
402 51
238 368
62 126
413 160
379 267
166 89
93 205
281 267
224 274
323 229
243 111
169 24
152 232
292 35
28 269
46 489
115 384
152 228
115 462
356 203
294 306
39 382
196 479
1 334
100 190
398 120
272 287
429 183
71 361
181 439
263 470
46 446
144 422
139 52
68 36
363 123
426 395
69 275
416 18
156 262
317 40
263 419
0 400
386 6
281 14
178 392
454 144
26 248
29 27
157 68
61 67
92 175
266 295
171 420
429 44
324 495
3 381
404 68
17 452
203 132
107 472
79 174
87 323
82 210
166 462
331 344
323 202
183 185
55 500
118 13
293 232
311 429
158 254
290 332
381 425
302 384
308 345
147 416
154 144
259 104
318 340
254 89
209 179
253 160
130 365
146 49
376 488
117 500
131 33
404 212
388 378
28 427
463 333
77 28
318 339
323 422
263 149
248 234
111 457
425 275
192 436
205 404
220 167
298 214
252 172
131 150
0 61
387 473
454 129
450 494
227 455
161 362
247 352
33 42
485 248
313 174
211 32
40 280
25 446
13 162
471 228
461 163
334 132
423 125
343 265
472 86
193 453
27 351
156 256
102 27
313 184
106 200
224 48
106 357
100 246
256 45
259 300
181 76
278 273
272 177
199 385
251 376
380 38
63 263
222 429
310 40
90 295
376 403
8 166
402 136
184 41
174 193
417 58
391 223
264 358
64 341
452 441
368 65
301 455
455 483
410 324
310 241
145 302
1 453
313 18
20 140
286 463
473 338
348 500
159 141
282 403
324 403
70 305
152 327
445 400
238 460
306 485
441 119
332 347
37 209
220 420
452 68
177 381
271 320
271 365
73 127
444 303
324 7
29 310
446 21
192 318
289 161
192 312
44 381
457 268
464 252
133 291
452 254
331 307
21 168
366 110
64 469
1 231
223 0
387 174
318 207
85 414
299 495
237 429
476 315
406 210
487 250
403 254
352 14
500 31
359 97
102 154
328 473
78 346
178 90
482 80
319 135
435 256
287 415
451 251
432 146
479 455
358 264
341 492
133 347
68 375
297 224
304 56
446 20
279 60
499 431
271 33
237 375
245 355
75 28
49 110
252 369
90 64
75 195
243 147
411 225
322 92
160 435
315 84
48 50
351 107
78 99
277 483
94 313
220 103
302 253
356 243
475 96
402 58
366 450
107 375
173 337
115 207
175 44
203 419
471 266
45 108
258 274
271 312
150 358
192 92
250 382
217 142
328 115
337 104
345 146
279 253
384 56
33 76
82 302
423 406
365 231
14 303
497 238
124 162
127 248
332 493
167 27
102 75
178 104
53 163
276 439
321 354
1 456
474 383
334 19
249 53
368 487
387 381
33 292
264 429
98 246
340 241
237 338
309 376
419 398
148 374
373 263
353 185
4 198
89 355
12 3
486 248
49 367
495 59
311 140
1 27
101 258
84 8
109 323
454 221
390 281
122 123
119 204
215 150
393 102
439 138
196 481
427 134
260 144
65 473
0 399
76 33
238 343
395 86
318 472
427 361
365 230
193 182
33 66
425 406
18 317
1 43
231 281
306 88
204 418
109 387
479 133
175 402
214 42
478 496
127 23
375 469
245 377
235 334
75 280
91 232
13 141
181 214
184 495
153 182
141 43
453 456
118 333
444 352
378 22
116 177
382 411
134 312
106 172
492 444
327 433
119 385
37 245
327 87
241 437
350 21
306 386
422 386
355 251
78 385
390 382
184 439
5 220
179 432
178 439
60 273
290 337
60 358
391 226
435 392
178 267
338 377
43 417
425 349
16 95
299 375
153 421
499 239
71 46
352 205
101 391
422 120
410 344
53 103
53 137
124 320
229 464
356 306
227 270
4 427
385 315
489 413
176 287
465 93
21 465
403 498
226 171
101 120
297 14
440 384
48 491
223 33
342 140
319 220
221 321
186 85
99 176
281 299
454 246
15 312
180 246
114 31
16 412
483 391
154 294
210 2
465 105
104 228
12 27
421 157
177 48
295 31
266 179
467 294
266 370
216 389
148 460
382 84
385 387
156 138
288 260
215 272
487 90
42 455
230 299
248 499
36 323
290 248
307 489
371 137
208 164
178 390
432 495
311 119
421 179
108 240
454 475
181 321
218 252
462 355
445 364
419 166
399 331
211 101
402 427
130 452
352 476
96 341
102 38
450 50
125 401
150 427
482 253
382 461
26 403
4 398
26 273
425 496
231 89
285 371
499 345
458 475
7 305
116 335
45 72
29 45
452 175
179 231
359 391
76 111
289 277
308 286
181 423
435 210
148 24
240 396
245 406
125 301
44 195
158 486
237 125
325 292
212 38
439 0
389 369
162 20
104 187
89 340
373 11
112 100
109 481
295 311
242 77
43 209
70 7
237 166
359 401
416 414
42 202
417 281
329 377
257 160
213 92
199 6
444 121
17 475
373 271
292 39
356 493
467 123
319 84
176 36
50 336
347 445
364 104
499 365
127 315
249 376
468 291
218 277
434 314
390 333
140 286
470 347
182 344
452 76
204 231
97 98
46 123
223 468
346 152
290 436
83 75
474 257
32 483
208 128
331 284
253 462
293 232
243 243
28 410
39 169
289 393
269 2
457 392
481 155
350 464
138 470
487 118
453 340
390 379
396 422
478 13
123 206
199 480
66 50
183 481
72 160
90 330
241 214
27 186
455 238
135 403
79 179
360 234
314 101
104 149
265 360
222 490
92 429
248 428
491 80
391 21
89 480
216 329
428 455
496 361
458 185
478 184
416 309
268 425
328 402
213 173
52 436
412 248
111 211
280 36
279 404
191 164
34 229
204 162
409 206
493 400
19 196
300 351
315 6
312 2
108 80
88 441
67 344
339 271
20 217
449 180
239 19
469 232
278 496
217 467
377 393
403 362
348 425
255 45
381 415
246 152
264 34
85 17
66 371
489 294
466 41
454 304
368 10
395 324
98 447
121 467
40 367
493 496
420 150
233 88
63 477
99 312
398 440
320 249
139 216
39 368
316 456
7 14
195 422
285 443
376 209
292 277
51 117
408 237
378 135
290 347
372 312
262 28
86 361
204 275
266 346
287 3
161 124
397 259
346 438
360 160
432 156
115 80
10 120
360 85
418 170
194 221
491 256
351 222
16 28
31 318
93 92
115 209
76 217
227 481
492 69
396 83
425 156
52 85
343 439
263 213
47 324
408 347
420 483
195 415
287 480
276 397
472 192
245 493
138 52
405 83
239 72
250 45
276 186
201 74
287 405
111 312
417 130
35 44
165 355
135 491
393 263
397 114
443 157
194 16
154 338
3 1
82 444
451 488
321 257
256 95
204 90
211 161
10 187
232 213
435 309
356 266
23 396
486 80
12 20
37 431
477 8
370 436
198 73
261 290
108 117
203 386
441 171
15 180
96 322
111 495
107 353
257 96
301 428
301 438
29 367
153 247
378 375
99 102
35 337
149 480
146 325
150 360
160 304
356 360
267 322
460 169
45 263
87 162
479 228
452 88
327 245
439 179
490 482
284 371
304 472
377 204
400 77
406 135
33 296
167 280
406 462
223 215
308 352
126 44
373 235
426 188
390 270
106 233
48 259
121 222
417 346
253 495
365 369
366 362
167 406
51 176
373 38
234 218
102 360
221 426
379 387
230 315
327 28
376 70
273 308
217 172
330 404
382 336
246 145
184 202
395 37
164 245
124 139
218 428
437 127
367 293
359 39
148 12
241 497
357 347
342 443
15 119
171 88
93 372
211 312
277 25
95 124
94 5
358 151
4 17
82 35
191 478
56 181
497 350
306 317
380 28
43 193
40 240
163 252
93 55
80 85
71 340
249 266
187 360
347 206
458 211
305 182
323 338
341 18
57 248
267 469
357 207
298 396
399 374
225 33
73 85
127 213
468 112
182 94
45 461
282 405
49 66
287 495
411 448
80 137
258 377
185 358
430 464
166 89
97 287
459 416
231 93
242 430
119 199
118 288
76 191
410 421
101 70
373 329
388 239
54 204
309 161
459 434
254 69
123 402
107 50
295 113
370 353
357 288
123 206
251 201
130 3
485 194
466 300
308 137
151 192
408 381
229 42
309 47
90 221
166 411
389 390
476 336
302 331
279 330
152 335
482 314
314 394
403 43
87 142
281 487
491 157
253 50
112 46
184 242
190 303
372 356
456 114
63 97
249 93
61 459
116 88
241 475
331 79
122 94
207 327
383 153
385 399
217 416
355 101
283 134
63 154
236 323
223 208
363 370
449 175
73 3
364 294
218 40
214 38
223 392
142 48
238 165
286 128
242 496
393 210
176 353
257 297
67 72
401 438
123 494
261 160
454 345
298 109
180 239
474 318
265 499
280 482
338 374
107 458
362 306
424 486
160 404
458 6
152 86
195 471
18 296
9 98
432 238
321 440
493 269
432 288
244 450
210 496
238 380
441 337
98 21
317 181
403 402
273 344
331 268
93 287
327 343
254 178
113 386
40 270
223 173
0 155
46 94
15 168
263 27
369 390
365 15
460 238
302 473
435 12
448 25
439 138
438 88
265 438
200 449
477 242
274 407
46 182
178 474
337 368
239 7
30 308
163 419
122 450
64 252
289 16
7 439
315 229
286 442
278 84
410 264
240 118
63 409
447 390
305 37
457 369
206 104
15 456
358 70
195 449
402 266
448 356
141 63
130 68
209 9
168 259
268 356
179 343
447 69
20 350
467 382
17 367
10 117
232 437
428 187
319 253
340 210
26 42
42 364
458 485
495 421
315 191
216 494
413 290
370 382
136 342
241 174
119 460
174 101
98 431
89 341
128 414
439 242
426 37
269 150
9 2
228 145
467 407
445 102
30 253
326 215
77 347
271 415
250 413
459 74
108 427
13 44
215 254
243 375
10 128
416 292
175 29
417 213
4 272
217 432
93 207
39 461
121 455
453 176
405 293
309 253
278 425
474 198
322 294
448 221
371 60
138 260
276 146
31 333
72 78
104 403
495 36
342 182
39 288
91 97
356 347
388 247
250 361
191 49
173 441
324 498
153 111
285 444
112 457
454 87
82 457
397 368
89 42
412 69
302 51
71 199
191 76
416 190
269 265
469 427
293 223
472 33
313 218
123 13
161 171
125 499
300 106
193 33
184 305
116 340
483 162
304 214
79 128
442 468
391 388
16 191
313 360
117 307
89 183
265 307
26 428
37 193
436 494
291 167
347 134
311 419
355 72
353 335
22 151
479 261
368 350
386 255
55 387
216 285
165 31
363 205
75 112
369 63
98 278
265 436
86 41
190 328
315 232
389 447
88 109
325 51
98 156
353 168
252 19
173 154
453 92
19 53
149 446
425 79
250 422
440 12
475 268
290 176
64 375
20 339
328 468
385 137
489 176
276 409
341 400
331 25
488 29
233 399
487 413
118 456
425 262
43 427
132 452
113 62
116 273
402 232
61 341
195 243
271 450
439 328
8 191
28 468
258 363
149 194
83 476
376 196
214 146
235 280
139 295
381 184
43 207
90 42
295 231
165 21
71 17
9 305
68 312
417 194
142 158
161 25
345 460
327 241
330 109
246 450
267 22
198 383
227 177
134 377
164 48
453 482
186 212
385 180
492 386
185 28
204 259
109 11
144 167
227 161
429 416
432 221
120 386
328 253
229 42
409 374
154 133
406 70
492 316
80 399
205 12
440 172
388 421
112 440
405 35
166 103
175 298
381 137
457 377
283 467
125 453
149 296
345 22
3 202
329 4
433 221
295 105
489 441
201 297
397 47
361 283
489 50
96 233
249 425
476 296
50 356
477 14
257 370
468 201
94 411
192 219
19 123
325 290
408 132
298 435
169 76
361 367
325 383
16 263
73 119
138 121
267 9
420 378
163 350
266 15
37 463
145 369
366 189
231 56
336 355
147 127
29 400
183 57
146 422
430 323
435 437
165 260
128 31
374 115
451 226
111 67
191 80
182 172
164 86
476 107
227 437
397 469
160 372
432 103
442 282
363 205
294 121
53 33
52 231
349 142
234 376
346 276
309 141
5 20
176 416
189 188
462 40
423 128
81 347
426 391
327 240
54 493
272 500
486 25
303 359
53 209
456 55
163 186
193 495
296 417
342 21
163 5
486 332
170 72
226 401
337 445
230 475
46 420
476 26
467 109
39 361
226 190
275 279
460 244
336 412
69 183
112 198
402 173
57 459
485 205
96 468
102 16
180 321
213 452
137 56
65 146
245 70
483 355
248 195
473 470
94 377
243 465
132 474
476 0
178 424
133 434
229 497
19 73
490 442
181 51
1 273
38 459
243 213
67 304
383 325
5 438
368 73
382 325
173 212
193 345
398 52
350 468
349 26
8 495
492 376
420 249
287 217
441 152
356 144
477 219
375 237
103 185
12 450
282 477
59 450
374 248
307 94
403 222
167 403
47 222
349 475
330 155
417 166
303 184
115 207
196 431
123 43
356 113
125 413
361 348
224 104
65 363
297 278
281 100
80 146
391 491
406 443
285 410
105 67
128 20
376 184
487 46
378 199
315 327
317 401
279 277
255 494
420 420
77 161
315 237
94 462
201 317
16 260
322 351
103 184
421 475
28 333
252 12
402 26
353 281
138 209
264 226
79 205
25 222
176 203
399 27
348 344
375 272
219 236
374 88
166 42
166 250
394 179
92 437
481 111
197 343
325 422
121 310
79 242
476 256
347 338
270 270
292 460
23 283
473 222
222 124
195 39
327 79
193 140
300 435
430 136
7 120
372 233
464 116
429 160
97 218
230 287
306 263
189 99
124 437
19 223
97 473
91 146
100 156
291 384
288 382
392 154
93 250
337 114
208 454
105 363
217 60
369 51
471 462
412 47
440 492
341 187
365 500
300 202
499 220
446 65
317 35
248 295
57 471
119 454
455 235
487 136
67 359
347 466
165 465
195 28
211 280
212 309
21 302
400 466
221 469
383 54
242 475
58 42
92 413
499 139
17 420
133 480
414 26
286 379
353 307
492 374
251 371
339 85
3 130
280 473
205 12
351 29
69 65
94 393
182 23
93 131
466 310
49 31
294 25
296 339
209 251
416 91
436 111
126 53
441 482
241 219
138 359
398 231
389 293
252 181
56 489
15 176
186 105
301 251
255 250
92 164
431 226
397 236
271 223
159 422
239 459
272 307
45 14
155 151
244 241
377 200
324 346
0 442
4 14
458 447
459 168
152 41
226 172
7 350
282 500
414 377
229 439
109 453
213 424
20 31
191 76
466 402
46 385
198 496
369 475
396 372
383 25
491 422
307 488
267 402
342 497
89 242
455 220
284 84
203 63
313 216
150 26
256 302
20 402
395 0
158 473
242 204
378 475
60 441
139 472
263 91
176 219
395 34
235 117
294 360
174 251
311 121
241 429
249 298
489 38
307 219
24 92
155 436
337 462
187 383
466 493
35 421
86 256
221 56
450 163
422 288
462 332
61 215
423 287
105 278
164 291
190 147
359 306
377 364
347 20
173 409
453 209
337 418
266 480
108 378
205 437
9 419
448 229
353 232
481 160
216 290
294 340
364 337
222 458
73 436
494 140
26 308
171 191
414 72
241 27
262 133
453 384
21 0
422 448
415 377
0 304
66 243
101 282
71 404
442 191
107 76
50 382
374 43
106 26
22 439
197 204
443 313
109 280
353 389
316 444
196 211
176 478
128 489
153 250
417 493
297 345
410 193
90 163
263 281
450 353
2 356
83 214
478 174
395 165
424 89
273 360
259 26
350 261
125 133
347 308
208 483
339 63
158 117
199 184
465 24
214 8
461 156
34 323
414 68
3 244
407 145
466 284
456 338
247 24
484 378
220 291
145 62
471 350
488 203
493 118
484 315
321 156
180 337
12 394
272 211
324 4
291 314
20 413
307 36
496 207
58 76
444 301
358 361
172 28
437 167
86 34
323 4
476 75
124 254
70 402
141 341
186 193
128 414
215 81
192 142
79 278
408 483
40 384
151 441
394 334
377 74
461 266
146 121
215 3
44 271
492 256
114 402
331 330
299 235
101 284
486 65
121 29
229 356
251 460
222 411
247 316
349 282
90 303
355 170
13 486
87 221
491 134
12 343
233 99
129 455
237 397
55 281
385 16
135 335
43 136
281 221
156 455
98 433
330 371
232 128
309 463
160 179
279 225
358 11
95 422
145 193
63 481
431 181
331 445
442 440
105 117
436 122
238 242
128 189
352 77
378 138
161 366
226 350
13 210
23 230
458 302
431 357
470 320
382 250
204 84
457 339
94 420
487 162
111 210
131 408
168 319
326 87
161 499
277 187
367 244
499 187
427 14
221 214
395 440
39 265
256 331
404 212
218 316
233 458
459 99
130 392
407 494
155 57
197 349
442 268
314 455
282 348
140 198
342 498
4 13
402 438
390 446
299 472
244 385
67 494
239 310
255 255
478 337
317 40
165 343
37 38
265 61
71 25
93 444
137 258
415 72
218 181
71 333
166 401
432 350
175 493
80 333
302 157
128 40
177 25
343 383
474 257
449 402
108 293
91 109
341 310
233 341
430 346
479 144
65 250
360 1
229 42
43 320
180 85
387 162
7 477
17 478
279 272
114 189
205 53
201 258
476 84
230 177
201 471
342 401
226 467
339 30
38 394
172 453
14 249
481 275
454 0
1 284
446 30
60 299
205 79
53 451
228 422
193 147
374 461
225 200
136 433
169 478
266 487
76 208
58 152
481 385
261 156
315 109
61 482
488 281
39 132
253 324
487 345
430 255
18 152
102 139
146 364
186 10
157 379
443 40
59 492
307 414
362 426
341 459
261 440
23 249
263 55
5 148
374 263
423 29
374 282
408 331
43 366
209 273
455 76
165 291
319 313
11 341
383 201
492 397
224 135
222 163
92 106
185 60
242 131
221 170
51 103
320 282
421 383
323 61
71 471
400 355
266 49
244 338
60 308
295 4
494 349
181 389
440 233
217 350
368 110
456 369
92 205
99 371
428 282
216 463
230 224
221 383
241 464
163 224
42 128
206 358
223 220
223 57
307 279
172 183
337 261
224 425
394 342
459 361
51 422
54 170
393 257
236 93
277 439
258 285
30 410
203 121
465 418
41 146
112 281
202 121
2 402
410 23
246 98
99 267
308 352
353 75
16 425
239 255
181 370
368 46
214 256
290 230
298 177
89 174
363 213
164 358
338 496
264 325
346 331
330 115
71 432
177 156
401 116
431 411
161 7
130 424
287 147
280 254
158 364
25 138
98 146
293 250
202 41
220 391
183 230
117 249
65 388
263 307
33 239
228 330
313 273
31 409
145 265
486 44
215 188
47 241
167 357
7 162
230 400
479 412
476 460
258 44
207 421
441 362
298 431
245 127
360 106
470 421
285 312
70 142
341 320
107 200
312 374
250 470
118 440
148 284
485 121
157 144
151 57
36 191
473 277
45 312
194 297
265 260
253 494
411 467
219 383
135 3
97 128
10 32
2 267
83 409
185 200
417 84
28 398
138 199
464 391
425 437
354 14
399 338
371 238
7 325
56 436
302 432
359 36
61 127
254 62
171 274
410 442
57 414
238 195
6 394
24 247
261 236
470 42
49 436
0 304
472 11
327 13
352 4
301 163
344 68
374 80
254 8
33 424
258 237
65 378
475 344
137 444
243 22
330 327
239 284
338 274
481 319
426 478
156 224
278 145
376 353
50 175
113 246
452 441
291 287
46 385
440 196
12 186
466 451
319 363
274 371
250 261
190 66
61 438
328 243
336 468
488 288
174 192
248 119
69 425
462 107
315 263
242 113
100 82
496 271
137 190
151 419
87 193
110 481
330 293
357 86
3 444
434 235
60 400
473 368
250 304
90 199
320 179
273 101
321 481
260 246
50 384
299 3
377 465
141 43
229 406
494 369
285 170
95 132
244 489
234 62
261 359
223 470
11 403
32 207
25 184
79 419
48 95
0 318
261 396
396 295
282 412
224 253
481 306
139 417
90 50
24 320
312 121
211 122
225 407
275 427
476 360
1 435
192 308
340 413
82 381
32 54
365 454
130 177
402 170
47 155
323 144
416 153
483 11
434 0
267 78
76 1
292 475
107 109
288 428
389 284
64 473
211 306
482 340
125 356
495 369
9 340
31 473
15 291
48 217
397 190
348 192
251 303
427 44
208 283
277 342
260 207
114 480
162 477
279 343
168 32
216 157
7 292
118 277
80 195
12 310
8 145
4 25
272 330
240 15
112 447
467 306
320 82
371 208
295 400
37 204
86 85
168 209
436 110
51 4
152 62
336 484
346 393
17 79
8 340
494 202
135 322
33 150
89 389
128 465
333 456
467 177
193 406
79 461
120 240
175 423
275 369
314 471
69 40
329 372
75 235
302 16
76 63
133 14
408 326
453 29
188 56
325 395
115 281
143 194
268 366
454 397
362 409
243 152
105 395
406 130
286 3
290 329
79 344
44 316
169 434
76 68
18 190
115 61
120 14
132 160
209 387
431 199
309 255
406 107
300 391
49 375
433 497
118 497
368 163
111 28
274 244
276 227
70 407
494 380
61 126
391 35
372 444
102 481
295 331
62 394
390 399
391 283
108 92
99 436
257 14
92 308
33 465
50 335
10 316
479 101
71 40
155 55
245 473
360 63
219 474
312 92
11 481
256 380
43 72
239 212
454 454
352 270
208 9
310 496
11 354
388 123
357 63
28 195
263 256
46 107
22 433
67 329
138 195
128 22
250 424
405 377
251 82
319 494
297 459
352 81
358 44
434 256
48 297
386 66
409 266
180 77
477 362
199 397
191 475
114 128
16 179
389 354
107 43
314 461
34 119
164 48
377 76
455 86
413 305
117 493
162 456
471 121
46 410
246 417
57 101
357 332
238 84
91 225
261 128
175 274
78 60
83 57
202 220
331 354
345 140
213 102
12 78
101 114
200 54
437 321
384 71
404 495
384 349
11 11
425 495
171 355
449 462
292 424
182 113
474 315
465 164
102 350
154 131
472 30
497 468
160 140
495 405
72 165
26 176
443 168
251 191
100 482
434 186
23 114
284 235
273 138
373 493
23 310
448 344
196 202
333 195
31 343
477 389
195 16
331 16
491 169
427 217
498 31
49 104
453 425
327 244
490 52
214 94
432 471
456 376
211 147
169 64
368 253
375 110
81 236
296 66
258 428
66 84
166 445
40 209
139 50
500 38
495 247
424 395
154 264
488 427
114 151
283 189
146 60
147 443
468 401
323 228
174 325
135 425
384 119
316 429
39 450
26 361
58 442
464 396
377 267
163 160
258 205
300 268
313 394
275 336
192 316
135 244
322 383
319 4
372 241
366 344
402 258
249 306
119 274
326 139
169 30
162 299
353 3
483 347
415 164
165 185
9 0
31 121
209 498
213 233
473 141
472 10
0 166
200 373
273 338
412 274
10 24
385 253
418 13
104 135
486 364
28 100
453 192
438 290
268 190
109 66
91 413
128 20
137 1
284 213
85 309
202 260
207 261
68 350
121 467
150 116
455 94
446 12
120 269
173 377
14 96
314 34
252 134
318 407
397 57
377 396
178 136
186 141
82 279
358 67
312 301
332 240
175 394
188 132
223 104
248 70
287 54
440 299
364 40
198 359
421 313
84 67
60 453
215 211
355 417
229 23
339 372
271 0
334 178
403 76
134 319
231 467
24 65
433 280
67 417
214 76
103 298
452 123
378 106
94 91
17 415
469 439
13 303
223 369
234 95
486 228
289 181
238 250
246 111
458 188
290 379
381 451
203 381
46 337
265 458
433 121
491 365
436 423
388 415
251 243
116 169
243 378
418 490
221 133
260 80
282 17
333 436
337 322
1 183
267 467
261 44
215 390
452 387
134 124
240 392
375 103
5 139
40 40
189 197
470 121
149 378
65 0
293 194
483 172
176 285
31 190
66 346
471 16
288 182
340 319
84 294
296 68
326 367
481 203
84 353
201 116
479 219
12 118
4 368
472 215
197 361
220 380
74 479
230 174
184 334
418 445
283 267
257 25
322 79
159 109
471 83
0 15
160 154
242 338
106 171
228 409
118 179
217 244
49 410
239 358
251 260
261 112
271 141
480 190
488 182
254 216
97 419
51 334
395 81
313 194
309 355
1 426
491 352
184 461
95 485
9 129
136 147
374 287
14 70
413 480
433 466
277 476
274 194
500 354
329 31
261 487
95 254
128 257
478 339
463 125
437 161
57 226
371 155
27 354
22 11
138 476
374 225
133 371
255 102
427 105
188 135
418 116
307 431
361 312
244 230
434 342
311 432
425 417
28 211
498 498
20 294
116 418
370 208
338 394
496 346
70 197
389 334
285 91
388 341
409 152
376 43
128 426
442 5
456 298
374 9
455 355
24 460
136 75
354 336
270 359
192 356
301 492
237 282
254 157
376 382
220 402
497 184
355 39
335 255
52 23
400 4
37 142
494 144
42 304
181 144
158 156
281 67
276 23
285 460
269 318
3 72
365 265
450 336
196 27
309 102
366 159
13 142
16 265
216 331
407 353
416 66
153 50
229 457
353 48
121 188
259 223
9 500
321 413
444 161
148 127
279 285
46 26
181 139
184 389
387 29
156 464
270 1
144 29
19 290
499 230
236 424
430 253
104 288
53 138
328 338
436 125
423 437
337 308
68 410
360 242
468 115
274 282
74 25
132 156
83 262
119 154
321 88
467 151
360 364
46 99
481 210
159 265
383 163
38 477
120 425
469 145
4 301
420 353
376 239
120 230
277 112
444 84
93 40
174 65
155 46
388 254
212 325
41 35
88 173
430 459
359 254
64 481
132 66
225 238
427 476
155 261
148 146
162 58
243 144
1 309
479 93
305 271
412 299
140 340
301 83
357 469
435 22
284 499
442 481
132 5
66 25
363 338
312 318
74 467
157 299
206 139
424 430
304 219
234 444
236 327
496 265
243 370
19 248
215 35
467 312
232 140
478 261
95 413
117 10
408 53
78 151
99 490
219 359
153 168
462 454
5 222
121 222
308 417
79 35
329 368
443 355
18 85
83 100
39 467
204 178
377 417
64 398
133 89
112 144
230 182
159 414
182 423
116 251
392 342
480 379
483 378
297 485
363 3
283 230
312 495
145 85
319 220
144 331
289 56
9 20
479 30
461 467
33 393
422 365
80 313
95 177
111 63
43 335
346 355
39 447
93 160
9 321
13 76
190 95
425 62
61 490
484 464
72 56
467 208
145 98
474 165
468 250
232 467
376 209
391 229
120 294
406 438
487 169
235 94
189 198
476 494
334 258
276 93
123 37
91 253
70 17
112 135
355 242
191 440
211 152
360 255
57 44
122 452
328 6
187 340
50 134
70 133
321 494
314 391
470 34
235 99
246 262
278 165
407 289
462 439
456 439
124 423
324 370
397 178
442 430
445 190
73 311
74 75
354 398
268 31
42 83
291 262
316 287
386 328
348 212
362 268
417 188
460 467
221 334
114 224
198 467
338 11
222 101
219 386
177 42
267 287
285 126
170 87
93 331
20 455
404 224
417 192
266 282
223 206
249 38
462 212
430 333
87 98
478 31
397 270
203 102
119 156
270 214
296 332
440 346
109 26
83 148
4 37
29 458
288 108
431 171
282 362
208 166
438 26
51 471
365 204
0 73
232 430
255 314
141 408
34 231
345 466
93 301
447 332
402 372
470 179
421 452
327 411
470 23
263 150
56 102
382 223
267 253
438 42
69 202
87 362
289 339
500 34
126 470
136 31
46 270
40 76
469 89
158 229
434 175
256 332
179 156
297 297
316 189
422 406
410 298
359 103
281 268
351 456
237 430
412 256
104 145
496 446
1 461
482 94
496 367
113 381
283 251
339 5
244 467
87 291
389 149
46 298
281 183
29 156
445 76
375 318
403 141
34 372
364 276
250 217
102 151
232 424
358 273
56 445
222 392
138 345
161 120
368 197
320 266
472 311
408 80
42 316
12 286
169 13
402 263
454 368
38 446
164 324
37 276
234 492
412 149
130 364
281 309
458 351
468 200
419 388
247 169
14 474
216 250
280 252
62 143
274 406
441 256
161 195
252 141
142 290
236 465
109 444
32 354
26 62
319 287
432 401
344 308
107 442
378 183
1 101
95 189
4 302
10 38
311 378
217 291
303 7
293 158
82 152
382 278
17 456
92 484
469 158
313 113
479 242
126 69
221 200
309 19
365 116
384 43
447 345
167 100
207 363
185 417
30 295
400 416
369 284
232 77
357 21
452 24
468 480
315 45
287 375
440 161
445 394
178 403
77 251
52 436
105 87
82 237
495 305
284 461
101 168
458 497
276 93
27 17
292 267
323 85
126 370
361 356
304 394
191 479
99 460
76 122
259 129
254 312
286 393
292 141
80 238
422 308
375 378
416 320
21 289
296 417
488 211
121 311
335 128
269 138
256 101
434 132
412 159
375 223
190 420
299 337
385 37
91 17
200 457
327 113
237 263
4 66
241 153
413 85
492 323
320 142
48 401
107 321
220 113
328 105
237 120
338 344
329 31
401 149
158 359
159 430
193 220
420 456
198 243
241 447
57 108
472 76
33 269
11 481
155 336
408 51
21 154
374 37
398 37
206 121
345 495
72 333
133 380
453 1
352 324
433 53
281 224
426 47
265 40
442 0
62 67
454 307
445 477
57 158
149 328
222 381
118 46
98 434
308 267
385 105
392 80
378 145
175 430
383 19
439 190
181 118
163 150
423 221
325 272
23 230
301 236
230 168
385 251
191 283
197 282
156 94
212 191
121 165
454 394
473 392
253 183
354 206
443 83
233 131
32 443
316 390
280 268
79 304
196 50
166 178
480 0
477 194
76 314
296 46
29 412
318 109
395 342
238 225
387 293
114 193
481 196
120 23
430 475
386 377
105 178
372 283
288 163
321 278
3 154
22 252
369 279
280 82
399 305
233 262
29 160
411 441
135 284
394 346
74 26
61 459
301 378
48 399
152 31
160 244
204 88
373 14
44 459
188 327
71 75
398 156
357 311
223 290
81 46
222 118
343 29
347 447
408 477
90 317
392 339
462 470
92 190
323 114
24 248
116 447
417 354
54 180
149 479
220 75
84 116
85 316
473 339
76 126
172 42
290 130
129 79
483 234
174 168
136 331
442 319
21 266
200 442
107 76
500 1
61 324
311 81
83 413
337 443
210 467
7 138
28 96
264 194
13 302
375 251
126 459
228 177
279 308
166 495
358 395
401 261
103 434
18 77
462 142
47 397
119 358
462 448
25 398
18 313
319 474
465 89
1 204
98 298
271 383
111 417
453 280
381 436
194 447
37 253
93 146
423 140
61 390
456 481
284 74
276 116
454 377
32 417
234 308
351 497
320 189
255 259
422 202
231 181
101 487
276 396
351 44
303 222
299 497
365 478
125 466
24 259
361 79
192 88
281 415
130 117
425 65
399 200
29 269
10 55
463 25
460 98
375 290
173 180
494 280
63 113
180 435
263 465
387 48
147 483
416 42
258 443
247 158
149 379
274 116
53 462
307 485
123 453
42 153
4 384
47 263
492 252
314 272
292 270
75 124
29 79
94 221
120 203
439 343
422 48
255 310
8 236
227 260
410 223
196 449
250 482
478 87
111 37
134 90
117 321
28 13
389 371
168 166
118 241
265 200
288 265
479 281
97 194
125 60
462 159
116 51
268 130
160 442
416 489
138 424
332 52
249 390
210 129
275 425
69 292
217 341
420 219
445 205
171 208
66 67
365 458
427 478
19 368
349 197
318 417
19 65
41 123
402 38
392 374
126 13
489 125
86 245
232 94
477 268
187 230
417 346
173 285
442 306
315 188
114 85
39 292
170 430
118 30
112 39
306 105
160 97
38 280
87 406
63 292
55 17
243 460
217 207
255 314
318 72
225 41
469 11
237 466
220 192
113 405
361 480
425 418
197 116
32 168
146 333
310 456
361 298
93 27
261 26
296 207
316 138
34 55
111 201
438 386
43 326
141 429
437 113
121 265
303 147
140 184
453 373
346 492
477 484
480 479
144 164
28 95
209 306
35 203
130 271
304 34
95 111
421 113
473 305
81 444
487 351
375 434
334 164
59 210
126 379
482 6
456 17
341 113
452 353
145 284
56 429
49 156
391 104
306 446
21 474
444 130
174 55
148 424
152 411
118 261
275 153
393 76
319 192
454 298
183 454
276 240
398 458
281 130
308 448
126 477
232 7
325 332
209 117
473 135
471 36
273 442
385 388
220 401
140 455
432 174
375 458
116 496
202 170
290 490
64 288
433 88
143 488
256 383
396 58
97 243
470 137
61 46
277 477
156 89
385 253
58 439
52 428
425 271
406 85
275 256
439 139
92 203
479 319
201 346
438 69
389 213
289 248
457 116
251 190
311 279
65 262
213 315
398 116
147 107
39 250
205 381
65 352
70 183
255 272
361 400
237 71
282 147
121 2
469 354
32 246
87 268
400 402
124 449
204 82
439 14
188 37
186 421
415 470
68 78
472 174
153 126
407 310
227 90
374 143
264 17
112 393
422 248
11 262
10 411
375 131
352 230
154 338
222 362
469 3
358 127
333 48
385 207
222 327
494 392
328 243
235 300
450 399
26 268
363 173
229 266
444 399
430 153
96 371
40 439
407 400
192 230
389 336
79 393
418 110
435 422
248 179
302 318
65 249
112 214
436 36
77 51
396 224
66 138
63 258
274 150
204 64
408 155
372 75
276 495
290 141
266 374
197 241
148 284
87 264
298 471
169 5
132 31
439 79
257 272
288 278
362 297
404 80
86 42
190 186
438 238
251 445
340 322
447 305
360 405
173 104
7 342
33 50
195 355
29 71
195 22
375 62
27 202
68 74
3 37
177 392
419 8
433 125
227 78
107 16
42 259
117 82
303 275
294 111
331 470
482 33
106 98
445 454
147 249
247 61
431 411
249 100
150 354
241 449
9 215
498 2
215 157
252 177
342 464
190 395
148 266
46 234
92 42
247 370
41 357
266 71
199 146
85 308
31 465
404 391
477 468
153 203
188 270
448 69
264 106
471 279
251 435
307 138
464 466
290 269
443 134
472 203
150 98
492 93
466 489
388 57
254 250
438 223
4 41
116 79
417 246
486 225
380 394
15 471
483 222
204 68
238 210
415 59
72 396
294 304
464 153
220 377
498 199
346 3
469 461
212 467
78 481
120 259
47 364
166 457
282 193
164 210
409 359
500 456
128 355
481 221
392 94
151 23
496 392
240 170
378 440
60 83
430 484
251 256
424 145
222 70
246 173
346 291
386 35
335 392
466 495
110 14
452 341
389 125
308 149
5 481
483 247
125 436
175 344
401 337
146 79
344 464
160 270
346 113
143 266
17 344
182 223
352 289
208 80
480 143
294 21
28 318
167 229
371 92
127 123
89 464
431 336
104 354
293 491
111 330
245 184
336 295
239 9
349 247
213 99
57 229
68 352
235 486
168 423
356 74
425 53
45 188
217 65
286 483
388 108
320 93
156 292
136 104
187 25
68 224
438 331
313 355
496 297
69 447
465 404
458 411
219 472
262 152
462 249
151 160
410 480
15 476
150 488
423 98
210 249
214 448
306 206
102 304
184 500
369 220
137 92
242 311
272 155
92 187
179 234
266 385
458 189
152 52
346 498
476 364
452 219
422 116
139 230
6 495
191 124
498 432
430 108
34 133
379 475
254 222
28 431
89 151
494 83
7 50
496 319
145 169
153 11
340 151
442 244
236 167
204 450
128 313
271 157
155 364
420 377
500 337
120 416
99 316
342 111
194 384
441 317
318 79
93 143
340 49
417 479
445 205
137 400
478 329
130 352
310 270
471 342
345 492
463 423
7 432
32 30
248 315
471 340
200 81
404 195
33 97
111 211
432 440
171 359
147 192
173 144
454 282
187 445
32 184
259 402
385 128
370 65
159 295
346 265
369 488
335 96
50 398
241 111
359 424
244 170
115 325
188 321
169 76
255 496
496 175
418 498
494 426
372 3
360 363
75 228
324 170
98 68
406 322
150 311
192 106
395 43
314 208
376 384
203 182
55 355
282 402
245 100
339 161
276 143
320 39
278 317
322 44
146 29
154 31
484 72
65 62
285 244
376 436
173 16
497 261
277 460
94 235
117 373
13 356
31 311
376 373
232 294
425 464
213 18
464 85
264 85
110 330
463 242
173 286
221 293
314 380
73 344
272 480
3 323
32 126
499 70
58 200
21 192
424 243
12 337
153 39
93 169
196 365
295 372
154 94
299 375
480 274
79 384
443 475
195 452
439 491
48 33
83 102
409 164
133 374
378 337
272 303
96 167
353 419
382 156
331 441
165 282
301 309
179 328
327 112
134 426
57 491
124 396
112 258
252 291
467 373
339 80
171 135
271 448
187 109
191 171
117 139
479 163
489 54
131 205
352 3
123 101
447 216
468 251
348 29
98 26
155 470
388 488
393 451
73 26
46 155
223 353
293 310
300 294
117 480
434 313
80 22
81 327
53 286
266 209
492 224
462 229
180 494
427 340
331 245
59 385
52 193
494 267
174 235
28 473
345 454
144 329
174 251
75 298
353 120
216 40
464 186
14 167
1 281
235 281
196 121
334 399
213 52
315 189
287 104
4 203
5 403
330 337
445 499
93 293
240 131
408 386
69 276
318 294
428 153
91 178
308 112
287 276
49 317
59 218
316 181
298 389
328 141
109 47
64 237
200 219
454 387
265 136
63 142
213 409
228 9
491 329
342 400
232 491
330 283
395 247
442 290
315 166
259 84
433 260
213 193
320 77
241 429
166 146
414 321
283 11
420 246
0 119
220 72
203 405
179 175
284 299
237 323
164 384
325 107
210 65
116 263
41 80
289 464
289 326
91 19
108 418
290 358
479 229
55 446
369 395
317 460
433 380
118 9
350 152
274 126
120 63
385 194
288 307
489 267
420 375
417 381
78 69
72 207
186 124
101 362
325 355
250 451
426 199
107 143
332 123
104 445
465 31
230 482
465 406
338 142
433 88
171 45
128 294
181 183
238 472
235 15
209 85
106 233
23 429
478 345
452 65
268 160
385 229
385 497
99 414
296 203
133 64
380 130
61 246
496 359
252 195
418 387
375 414
371 137
298 299
44 88
343 24
7 18
192 40
50 401
421 481
306 196
263 486
183 45
31 241
290 432
272 123
491 73
357 323
321 92
118 221
405 411
159 132
438 494
106 129
121 54
218 248
428 130
5 87
294 146
394 124
336 372
495 307
217 474
138 285
137 63
273 230
77 430
195 427
185 395
438 115
251 70
356 202
100 335
151 289
161 22
416 8
39 240
108 493
482 391
298 27
110 284
420 410
26 9
34 441
3 323
497 199
478 386
62 58
465 493
17 323
359 373
84 267
311 173
67 377
332 497
294 53
181 126
251 120
214 292
228 212
127 198
378 100
390 255
68 94
108 216
312 330
79 347
139 38
436 76
388 192
72 312
21 452
483 231
330 443
363 310
435 149
65 428
445 357
428 435
430 137
256 273
166 470
341 276
225 211
242 231
244 55
362 455
471 126
250 371
290 181
302 495
21 339
205 377
168 273
440 91
421 39
282 452
323 192
424 33
398 283
67 483
81 295
395 207
252 466
249 10
178 492
256 198
335 160
363 413
401 359
480 55
473 164
422 226
184 87
485 475
110 378
392 208
160 326
326 378
303 433
402 429
239 222
371 186
239 439
240 453
233 406
388 85
345 172
358 39
381 101
233 168
312 61
372 455
120 175
113 135
478 350
205 122
57 57
152 495
61 350
228 304
428 1
463 35
462 294
370 16
139 216
32 39
85 236
393 475
314 263
392 67
47 0
61 217
224 112
409 16
311 67
95 245
303 329
362 16
297 106
283 13
263 431
9 192
232 375
391 0
263 0
8 245
196 39
484 179
387 272
124 367
330 271
301 202
38 9
216 363
291 243
237 17
43 401
147 452
457 254
499 299
178 351
50 338
230 423
476 128
113 51
86 321
246 370
32 324
309 121
126 129
319 54
369 227
252 442
113 176
68 409
453 434
327 31
120 471
353 237
132 249
486 172
145 497
110 86
192 263
153 345
46 57
2 156
240 60
68 324
212 36
220 174
119 242
80 363
478 251
51 496
129 240
258 195
343 474
161 382
141 494
426 483
23 144
318 431
402 389
379 352
332 382
422 398
265 429
418 455
287 351
466 292
214 270
474 123
190 242
243 374
412 475
404 214
203 132
193 60
232 115
296 263
29 122
202 491
180 353
398 367
104 363
230 328
147 447
155 58
117 184
250 75
404 5
448 232
370 286
107 225
212 465
387 218
101 5
282 9
448 82
180 195
334 2
28 307
351 92
375 213
213 383
3 447
59 362
151 366
62 18
473 438
193 246
430 103
39 332
23 266
9 143
85 441
236 282
477 486
245 237
199 337
87 244
384 147
49 421
482 165
315 371
393 123
487 371
40 301
80 43
48 358
72 251
387 119
403 226
63 83
4 270
396 265
442 53
420 93
355 434
28 406
219 86
299 415
437 51
215 15
488 192
298 12
50 153
153 455
94 128
292 278
49 227
448 135
258 346
35 387
348 378
392 368
260 106
73 173
205 147
155 199
301 446
144 466
55 85
371 269
223 61
335 120
95 128
118 435
307 330
367 429
235 1
497 448
20 301
147 351
69 41
332 471
187 225
438 80
234 342
37 211
59 194
217 128
270 210
272 310
213 110
454 436
498 317
24 233
461 82
76 184
484 244
182 217
247 303
172 142
110 96
292 466
137 16
97 252
249 119
115 144
228 456
237 172
410 334
400 288
432 387
205 189
430 128
402 24
254 458
431 171
301 447
363 134
300 47
70 6
65 193
180 493
112 412
462 360
155 276
388 388
150 147
285 482
297 343
13 398
457 116
478 286
119 421
74 24
248 332
469 162
358 61
309 381
77 154
307 452
449 256
43 125
427 326
170 34
218 99
83 145
408 228
260 277
14 258
208 346
187 117
411 406
282 29
73 269
172 455
98 423
16 218
439 91
96 231
474 395
166 480
122 267
58 366
82 268
51 59
265 183
219 96
78 249
277 484
86 259
87 466
310 482
293 143
203 302
368 439
487 177
179 109
345 271
290 7
435 320
10 437
440 114
98 447
430 467
143 123
176 399
375 353
270 339
250 365
257 79
140 176
409 187
141 262
195 331
288 312
76 212
213 288
69 40
409 365
175 284
60 76
137 256
40 220
335 116
234 469
334 45
260 217
358 114
499 299
207 52
264 26
247 265
241 245
281 314
213 12
409 82
500 185
425 305
124 7
38 228
337 460
194 45
207 334
142 336
158 49
176 277
162 6
244 44
355 393
197 424
459 244
368 448
7 272
78 197
185 88
326 213
480 221
307 398
430 115
154 291
462 225
301 448
192 465
353 467
191 240
413 37
400 106
439 465
190 279
181 237
425 15
148 373
163 495
239 490
203 440
467 327
2 31
452 194
433 177
252 369
84 54
84 33
404 286
253 290
132 84
495 114
341 28
233 62
130 115
305 95
259 39
131 116
37 311
19 239
392 33
97 380
31 198
279 230
357 175
107 183
28 32
459 483
347 182
389 339
500 69
229 168
117 324
101 72
272 69
448 320
84 289
353 108
155 110
212 478
432 170
40 464
150 444
246 152
452 342
203 422
283 117
496 166
150 12
1 198
374 109
342 107
290 382
323 318
76 186
427 369
304 134
264 151
252 463
186 494
206 297
442 201
51 398
133 146
331 79
372 25
343 185
421 265
195 71
1 296
141 434
71 487
499 226
292 66
20 97
266 5
423 495
310 261
349 373
130 309
223 22
63 239
118 227
483 280
438 384
8 316
93 70
13 409
392 193
157 314
181 243
316 251
131 271
363 361
256 97
21 422
29 466
220 71
129 477
287 47
194 89
67 122
320 439
326 34
207 317
164 403
204 94
119 291
426 237
249 406
37 380
426 346
93 93
229 457
294 414
217 190
452 257
315 88
368 274
403 155
454 226
185 34
407 266
456 199
255 492
318 46
462 424
155 32
351 373
460 254
299 393
106 459
162 8
118 79
479 33
476 331
435 228
427 380
309 486
75 352
329 131
490 365
362 2
361 286
220 97
260 108
307 456
474 183
280 67
431 236
69 3
130 139
327 478
96 99
105 110
211 182
358 289
443 81
221 332
478 184
265 403
443 241
379 217
102 201
145 456
97 489
252 269
270 95
440 40
383 307
180 397
499 30
234 226
44 127
457 349
76 419
433 21
445 194
104 231
264 293
380 252
413 371
4 109
381 19
483 316
489 492
321 431
373 69
9 55
46 466
285 175
