54 333
273 60
34 82
271 160
399 346
223 483
405 497
494 313
183 166
174 65
41 420
147 14
293 42
42 172
279 470
285 276
202 268
18 396
101 454
1 118
334 85
225 390
43 421
348 229
465 235
397 338
319 316
109 213
484 442
365 358
203 330
244 144
122 483
489 477
363 484
91 302
278 470
398 206
252 344
130 189
217 245
409 359
410 151
226 89
490 74
381 343
250 310
303 60
85 149
311 375
122 144
109 324
378 265
27 357
410 225
417 228
87 398
410 242
340 273
408 232
172 465
25 14
57 363
393 20
296 417
97 299
88 375
201 389
263 300
92 155
249 447
268 339
224 198
444 68
457 425
39 4
240 437
166 141
327 416
169 317
361 397
389 0
443 53
416 467
393 446
324 120
236 54
371 118
159 181
467 417
7 405
95 182
422 80
156 216
421 150
341 296
49 459
260 182
86 168
45 121
36 354
445 245
382 45
287 38
434 69
335 50
265 120
104 62
327 35
146 8
184 383
373 41
137 421
120 10
183 282
93 291
9 311
13 216
410 273
198 205
438 217
333 35
64 237
495 430
330 347
214 425
425 392
263 261
142 213
368 369
115 195
25 290
361 166
401 486
466 149
374 467
390 299
297 445
329 112
114 301
258 154
115 360
247 279
4 45
425 14
129 221
22 292
50 392
426 193
28 56
251 365
137 342
323 478
98 376
26 89
425 340
162 178
491 433
150 116
419 62
82 134
126 230
491 490
415 365
233 442
496 448
362 269
491 18
355 170
150 202
3 351
23 253
23 34
458 359
492 413
17 48
104 122
344 111
389 407
40 145
116 94
374 278
236 55
271 389
383 379
49 11
333 38
102 153
341 292
428 179
17 412
283 46
378 48
244 409
80 55
356 57
115 486
486 205
185 488
1 302
192 248
279 440
456 58
245 228
7 319
22 103
352 129
70 194
64 327
177 66
121 338
300 97
112 253
322 271
18 286
122 72
344 450
58 180
440 181
165 239
68 97
342 298
497 356
111 434
286 472
418 364
155 421
200 224
285 248
250 94
468 341
359 164
21 298
153 486
463 434
138 272
49 143
140 485
273 101
13 169
111 341
245 467
195 421
266 7
250 189
114 184
257 378
430 74
100 112
141 374
44 124
448 437
250 1
449 103
457 389
490 383
79 457
85 284
328 328
495 218
439 386
33 441
312 172
131 394
296 289
155 307
339 470
496 71
78 321
433 376
42 75
380 320
489 151
312 62
272 362
381 434
399 90
259 281
151 330
338 470
337 3
471 470
65 264
353 34
54 126
177 480
18 263
33 444
42 362
406 238
190 251
251 41
112 389
412 363
371 7
245 485
174 89
17 231
102 40
241 260
362 253
293 87
404 446
452 409
460 480
15 316
157 231
385 225
343 5
205 212
135 143
307 413
285 75
91 104
132 281
150 289
249 170
295 205
149 473
26 105
158 118
419 385
154 356
472 408
103 294
65 274
44 14
412 333
390 85
122 146
342 8
280 234
205 247
207 422
381 250
342 444
261 376
148 340
352 232
111 88
238 491
391 369
167 24
423 203
369 22
95 362
334 312
16 308
345 480
416 169
77 495
357 217
469 13
124 471
80 197
135 63
473 389
256 230
487 338
360 382
273 218
166 29
432 196
294 261
182 395
464 496
11 216
168 269
177 1
303 105
211 455
160 379
276 96
283 140
147 449
83 114
267 82
44 442
51 169
400 473
469 239
32 140
271 397
470 63
226 276
120 246
24 405
451 450
390 374
230 338
330 249
70 290
381 187
282 337
153 149
3 309
27 98
127 462
457 460
468 186
265 273
342 14
105 460
93 119
398 68
232 241
79 58
38 8
496 64
316 262
112 304
366 38
341 362
429 55
326 80
371 281
360 454
275 92
241 39
236 442
381 185
222 343
370 78
242 298
315 371
63 287
276 235
268 267
364 217
378 21
210 331
232 399
365 188
0 64
180 224
275 83
299 453
485 190
418 328
400 201
263 198
430 424
385 266
8 407
290 29
256 166
143 392
182 211
188 431
466 154
320 106
71 434
390 224
300 205
93 161
398 245
393 334
235 349
389 394
184 413
255 115
244 38
7 112
142 397
495 229
377 5
396 228
87 367
425 45
174 95
114 183
151 84
347 377
441 285
456 174
88 405
448 138
393 318
51 77
326 58
119 301
456 372
288 226
315 107
430 441
51 213
160 397
496 44
418 481
1 299
462 175
36 148
126 38
406 381
495 26
187 471
478 289
56 87
405 459
442 228
74 262
325 482
191 32
40 277
307 163
132 383
158 231
454 243
367 477
113 32
56 481
285 46
293 479
134 196
142 159
39 451
238 265
161 150
42 333
325 104
263 413
344 14
389 93
432 470
493 415
435 279
493 17
462 145
281 106
311 375
222 440
396 57
159 372
57 86
122 360
309 73
65 499
36 116
363 123
97 120
346 81
162 139
47 387
103 214
334 485
272 395
93 161
75 311
228 38
252 9
423 325
342 57
417 425
477 445
461 427
107 109
138 93
420 455
267 442
158 487
287 301
148 440
380 168
94 53
240 461
190 332
366 204
148 70
464 50
259 429
307 204
132 453
366 214
268 343
145 339
295 90
407 257
86 401
159 342
273 138
194 394
450 206
323 468
369 36
213 14
117 275
2 325
161 191
449 126
148 469
31 161
45 466
498 361
119 347
220 47
182 161
109 223
325 309
240 73
398 262
455 72
217 386
233 464
478 163
108 228
90 195
41 366
398 251
83 368
188 241
460 239
316 479
444 247
420 388
394 429
156 29
257 16
467 199
172 61
280 139
388 198
62 190
334 306
171 113
306 94
386 69
330 464
271 402
105 274
323 29
167 456
133 385
296 24
405 260
8 106
134 280
210 81
302 302
474 279
290 56
121 273
153 341
405 37
389 447
477 120
291 391
421 405
125 107
4 278
437 32
124 224
413 380
461 147
378 23
334 24
81 300
223 245
99 30
399 335
141 154
373 221
56 472
114 48
78 15
96 160
457 469
345 266
256 218
387 422
351 41
8 387
138 43
112 432
101 79
330 204
361 159
25 139
81 363
230 286
197 96
121 411
435 249
253 118
406 466
340 494
6 380
315 304
259 19
327 270
193 449
500 140
477 59
345 76
5 453
104 451
393 48
373 154
148 281
177 300
318 250
338 161
371 290
451 464
35 82
106 484
389 316
152 329
341 25
147 250
442 322
321 254
300 214
11 48
72 137
89 379
150 184
373 229
68 236
352 422
479 457
112 195
47 166
10 414
25 256
445 476
308 102
87 403
317 483
341 389
337 439
67 230
494 471
125 471
412 46
65 255
58 76
8 9
415 143
49 475
39 357
427 463
211 426
405 401
109 446
67 168
158 341
251 247
302 463
486 273
264 186
26 336
197 120
129 11
180 17
215 209
445 209
362 500
467 268
53 320
142 252
308 495
71 427
374 89
298 348
192 296
200 261
408 410
412 229
28 116
253 281
458 498
246 21
260 234
22 154
383 331
458 129
81 308
471 470
309 11
273 134
254 147
72 93
447 252
301 61
46 203
421 217
193 455
348 251
46 427
257 34
448 266
273 385
454 215
278 382
165 1
25 248
442 107
300 320
282 53
452 472
394 58
115 360
207 468
132 57
57 300
483 188
404 256
32 466
65 428
132 402
59 445
109 465
490 16
244 398
291 55
468 100
410 317
256 187
343 18
493 351
280 180
313 129
193 190
411 51
10 169
321 276
8 143
439 175
213 295
160 437
255 477
369 239
331 378
392 436
42 135
152 157
169 492
170 33
474 346
138 235
167 463
217 85
288 164
115 273
114 10
33 94
432 50
404 149
376 415
261 474
497 73
134 438
495 479
250 6
438 379
111 390
445 63
266 203
47 78
79 481
183 444
410 270
401 358
295 97
79 3
130 408
473 180
115 252
239 153
78 62
144 319
261 465
248 229
164 491
385 149
400 199
213 308
97 308
419 188
301 149
442 150
233 434
458 93
19 220
440 172
432 49
383 467
381 296
142 183
462 159
262 30
15 320
185 455
76 46
209 377
235 230
488 57
403 213
24 345
250 392
202 399
313 486
117 39
27 233
311 400
360 398
92 148
193 55
325 34
347 167
172 336
177 86
324 92
400 72
170 479
29 459
459 403
83 365
170 88
476 361
359 430
258 77
388 5
286 194
26 382
339 422
482 165
63 253
58 407
246 493
112 370
133 216
232 221
58 304
433 479
60 242
102 283
37 438
184 128
323 50
493 243
329 396
430 260
108 40
420 455
386 23
272 387
294 326
475 344
123 439
100 1
487 35
287 284
126 446
308 441
396 385
260 449
378 298
410 138
20 167
351 308
473 302
85 237
440 110
271 164
254 188
288 176
462 135
329 138
189 212
94 325
406 52
81 318
318 227
217 254
137 338
448 139
211 221
228 145
404 261
494 46
119 458
111 266
379 475
472 385
22 368
182 375
301 435
54 13
1 224
171 401
194 265
291 173
1 358
262 145
411 131
194 82
274 45
177 207
57 250
387 90
394 489
439 423
96 364
133 85
35 446
375 323
372 359
19 232
350 414
133 82
184 375
479 69
456 471
58 247
342 248
205 445
386 359
157 263
189 189
0 490
42 396
366 406
0 377
8 89
310 107
454 230
451 264
470 338
138 211
77 97
363 450
327 147
77 333
18 260
9 35
356 321
495 218
195 261
311 299
433 194
326 296
210 415
488 448
457 285
161 141
199 327
114 206
140 125
496 342
250 353
281 34
254 451
327 216
267 380
394 119
54 474
292 166
435 335
45 84
422 394
310 77
350 94
55 152
22 22
69 150
20 280
157 22
303 396
409 77
260 426
67 361
268 466
440 337
354 402
313 189
207 4
494 215
459 366
221 479
145 19
116 298
157 284
398 212
68 231
155 255
168 23
197 149
120 411
231 298
445 430
105 402
352 423
284 288
188 356
93 303
360 357
420 390
269 301
83 483
45 391
477 182
1 382
123 278
228 290
332 53
265 365
425 500
217 115
372 349
195 240
189 44
424 54
427 36
99 15
344 163
190 488
150 301
104 143
383 135
247 158
268 87
223 361
293 248
252 74
347 362
230 51
218 299
7 23
423 337
323 387
65 418
76 83
412 290
447 96
429 380
452 269
143 428
78 95
418 85
181 215
347 8
188 242
54 418
22 96
229 13
498 376
454 110
285 452
206 456
182 405
444 174
103 456
253 84
405 234
336 181
368 364
326 12
360 73
57 375
152 130
388 460
223 39
431 32
492 96
409 107
428 157
215 231
268 433
8 155
428 292
288 48
59 146
163 11
144 363
477 429
28 444
133 459
367 313
474 400
226 10
471 157
95 165
85 129
363 405
192 132
275 297
310 417
216 289
402 419
277 477
374 124
244 44
173 89
44 369
472 39
399 49
171 227
197 386
190 369
298 115
440 401
179 426
159 214
249 394
180 26
158 370
447 169
212 344
274 13
352 96
372 314
148 448
291 146
221 375
30 156
133 267
245 308
249 404
7 69
429 242
416 58
371 122
83 236
374 136
419 24
479 22
337 250
376 424
205 80
68 189
62 51
215 336
103 291
498 192
38 445
101 189
318 12
367 184
333 102
349 18
177 437
367 411
476 210
369 278
66 494
392 425
121 453
362 33
229 409
427 356
334 122
348 278
268 238
261 385
356 497
134 164
150 243
460 417
469 376
288 451
333 142
210 78
100 10
227 27
367 439
351 245
275 419
41 273
304 246
108 364
386 224
459 8
467 485
212 380
134 279
342 217
384 287
259 229
250 177
114 390
393 497
271 16
481 13
344 465
23 442
109 6
47 236
115 335
208 476
209 416
390 34
482 24
63 306
332 358
6 155
330 70
279 25
289 49
401 28
361 184
475 439
123 463
12 446
316 116
121 262
261 232
170 286
495 92
437 121
357 191
294 294
109 473
106 452
337 123
301 500
101 199
55 471
159 435
397 449
124 62
168 411
247 25
215 84
309 11
60 442
318 178
388 247
500 324
360 359
75 446
476 490
384 343
63 472
401 204
423 384
30 147
348 379
179 347
467 249
344 223
313 363
141 230
88 446
226 42
161 143
446 371
27 423
176 74
306 123
319 126
144 3
214 428
381 134
191 281
478 52
243 0
40 243
73 348
160 139
22 426
354 105
151 22
440 16
177 200
26 211
27 272
62 29
349 89
251 205
316 342
325 212
118 477
92 163
414 294
91 112
95 252
440 380
341 268
130 444
378 109
323 77
201 414
108 294
342 139
308 228
102 307
465 333
156 36
340 149
48 470
229 365
274 273
295 241
415 170
62 181
169 276
161 457
8 76
276 143
46 358
199 422
119 170
40 58
76 15
9 359
390 344
425 343
224 87
278 485
358 76
146 173
317 417
199 398
313 162
470 18
401 126
138 144
340 437
315 225
32 40
453 437
217 229
180 27
294 77
203 6
18 353
450 415
0 299
135 273
401 309
471 110
392 359
95 249
10 486
32 418
352 308
237 31
490 408
285 78
123 387
237 375
328 68
254 148
69 280
351 125
233 398
313 470
75 246
387 153
229 54
253 250
468 471
180 43
323 20
424 377
306 24
142 180
374 398
238 422
153 349
17 465
135 205
486 371
147 388
45 235
404 16
227 19
83 115
84 196
394 299
225 236
42 139
238 280
244 90
89 25
288 436
136 109
295 434
22 256
361 186
273 483
139 209
393 182
245 242
189 112
367 144
70 3
113 165
248 119
247 457
126 282
205 395
93 330
36 392
418 59
317 431
114 113
51 115
74 367
338 379
343 282
475 346
267 385
473 422
416 227
275 61
92 428
103 337
439 325
397 296
325 410
140 235
227 395
216 288
343 78
36 485
334 440
404 69
90 260
322 104
164 428
19 461
381 391
439 25
165 113
318 103
359 226
60 456
222 221
96 162
316 454
383 13
59 460
366 91
458 218
66 66
473 120
9 489
6 124
329 136
450 475
381 347
280 425
187 158
311 418
230 360
359 488
491 194
468 82
398 372
160 304
160 286
387 305
130 324
374 144
152 289
478 42
152 352
134 470
87 227
140 327
153 376
193 125
386 52
198 419
149 45
156 315
259 455
177 363
176 377
91 418
315 483
446 77
473 38
362 438
288 242
362 36
173 490
220 292
72 15
33 395
87 198
247 347
414 235
252 299
356 346
96 130
137 289
179 51
370 81
419 44
441 470
365 315
88 188
368 205
251 313
316 255
37 244
7 309
253 125
180 14
261 249
128 443
274 427
480 471
416 286
187 419
317 266
54 21
350 23
89 145
220 321
464 341
447 90
316 20
307 383
336 47
51 97
214 213
197 162
457 342
146 124
316 27
460 429
302 405
58 137
295 466
209 278
54 126
469 48
106 478
66 176
220 75
109 96
416 253
362 99
343 293
100 347
108 458
24 405
326 154
486 8
254 52
213 80
389 337
279 484
175 63
220 345
243 494
414 412
373 205
20 403
500 40
208 91
109 458
88 346
5 15
22 392
285 256
427 297
497 17
486 171
438 112
330 136
258 367
473 63
288 245
464 136
451 387
99 159
114 7
414 283
222 449
385 314
374 104
214 125
319 118
348 493
243 339
28 483
97 106
322 359
161 344
76 151
205 95
20 488
488 477
461 106
407 43
65 151
46 447
68 380
79 97
58 309
230 335
191 31
95 202
63 358
17 330
375 66
167 481
71 493
354 207
353 418
77 101
398 461
44 22
292 91
182 343
267 447
480 200
449 438
443 18
111 12
393 491
335 203
282 265
62 15
84 79
401 330
6 115
397 32
290 320
441 324
393 380
11 165
354 263
60 163
121 24
111 27
169 500
27 275
7 377
68 231
347 98
17 73
420 291
412 115
228 52
199 168
120 178
245 142
363 95
460 382
28 288
260 329
479 225
345 59
243 61
180 189
136 428
384 421
431 264
278 192
326 261
477 110
379 26
405 82
372 132
294 161
6 65
385 102
346 273
413 439
258 431
266 498
22 456
494 332
436 487
215 406
359 160
54 200
319 127
26 99
150 45
130 442
91 83
343 392
184 96
288 175
487 313
317 23
490 7
86 205
431 74
360 34
415 384
81 472
139 181
316 419
296 224
415 348
54 89
157 246
366 448
73 344
81 356
127 74
377 53
327 263
9 69
283 362
338 409
340 49
142 18
204 331
343 216
337 277
500 147
160 60
352 192
360 321
98 417
187 90
473 418
276 182
349 98
397 359
299 454
117 55
423 105
58 306
297 484
176 487
378 297
447 490
489 91
456 399
466 257
98 409
428 256
0 300
126 173
157 427
313 197
121 50
344 377
149 282
186 293
312 334
496 311
127 475
444 311
241 310
188 339
384 152
403 401
7 156
329 223
300 1
156 318
309 36
160 204
315 318
231 463
349 64
44 457
387 383
253 318
363 50
101 27
298 170
160 42
83 270
201 111
298 279
459 256
19 365
477 450
219 270
251 260
347 103
288 125
76 221
261 500
336 209
314 377
442 483
244 408
96 453
156 41
118 488
169 392
237 7
141 1
314 307
10 293
187 95
349 365
96 160
404 334
5 92
238 91
144 188
231 37
20 407
203 372
100 20
236 66
309 127
220 7
456 112
288 261
398 302
83 436
299 91
132 461
284 303
67 286
390 43
107 99
303 280
110 63
141 139
211 246
223 399
52 1
211 65
228 400
279 463
170 98
376 485
291 362
76 195
376 25
324 359
138 340
122 212
447 101
168 37
398 316
66 119
122 238
425 82
384 154
328 293
447 145
119 69
479 202
221 198
253 297
383 418
333 276
314 489
423 107
457 167
161 461
372 155
159 448
28 160
304 495
71 345
357 458
208 149
1 332
257 415
470 178
349 256
213 438
437 24
220 151
311 432
226 249
444 259
358 499
118 87
28 239
1 407
219 491
241 359
359 81
447 323
264 321
42 62
315 214
245 159
158 321
181 97
244 500
483 434
65 411
275 67
96 176
363 152
385 291
467 398
57 354
412 493
424 280
8 351
217 288
159 326
271 21
32 234
223 14
482 248
238 98
222 191
159 124
299 37
342 148
459 256
166 317
59 7
71 76
297 110
69 112
467 493
470 230
156 175
498 246
236 87
289 234
284 330
62 183
367 351
476 256
27 64
194 495
287 372
184 304
105 333
248 444
310 469
466 318
10 14
409 208
46 205
288 408
135 318
18 480
259 406
430 275
484 78
158 35
308 2
54 261
75 366
273 363
431 11
183 297
137 71
303 144
78 105
325 258
273 245
104 295
490 343
45 332
326 54
428 302
439 169
43 425
366 213
265 280
128 326
240 465
79 397
329 383
4 64
465 114
265 30
283 202
43 328
90 357
123 87
137 2
272 3
61 414
117 163
338 123
498 237
315 234
42 298
429 269
462 46
360 71
275 195
235 36
339 22
313 255
91 413
328 444
385 406
59 278
197 213
383 486
113 150
165 43
65 487
498 244
32 108
129 323
443 348
499 469
245 38
293 224
418 397
286 8
43 342
189 103
308 284
356 114
1 289
405 398
30 171
277 185
412 201
112 250
441 420
33 340
191 170
334 279
52 321
463 267
491 70
63 85
3 133
4 112
443 182
204 90
434 198
292 355
125 79
128 219
33 292
302 134
391 397
440 330
393 80
297 92
463 441
299 203
75 316
303 417
72 288
469 386
133 81
59 194
399 378
500 289
118 303
344 261
288 409
192 148
357 247
470 53
297 432
173 178
306 215
166 341
441 265
448 357
12 270
468 151
13 474
164 201
428 360
111 356
490 71
419 244
368 211
423 252
138 346
452 262
328 103
435 52
374 308
44 296
78 269
473 82
285 186
180 80
136 215
243 51
98 420
157 421
160 91
463 72
44 149
320 12
257 219
60 455
335 57
166 132
140 313
493 68
159 46
290 386
431 84
318 256
457 172
317 30
374 466
394 443
458 150
179 89
64 367
46 113
499 229
396 89
372 65
82 0
54 46
258 445
122 94
26 312
401 55
199 259
11 400
442 492
392 220
183 46
348 17
460 464
374 80
177 356
95 130
234 381
387 414
165 420
456 188
9 294
161 0
270 467
97 58
413 359
295 207
259 219
243 494
377 296
214 376
272 267
427 484
18 232
96 57
36 367
191 451
306 12
378 51
496 7
15 65
145 274
422 294
437 49
20 263
458 425
408 451
83 323
71 358
89 95
289 403
500 339
101 83
72 354
114 19
133 299
165 107
312 310
424 222
199 357
129 255
160 34
499 255
205 194
390 435
278 481
207 372
168 261
374 250
163 421
321 154
88 200
439 153
248 196
476 327
42 74
10 40
139 289
170 20
194 308
77 371
341 233
52 452
197 203
434 200
83 363
488 6
400 299
495 407
7 401
391 251
429 25
184 240
55 46
10 492
90 343
405 255
107 51
209 430
485 35
239 273
241 442
29 412
486 346
472 29
196 224
169 285
235 140
398 117
396 204
100 116
32 282
54 36
490 161
280 260
440 418
93 393
365 445
273 135
180 18
404 363
410 361
28 439
40 140
458 219
230 332
222 124
449 229
424 202
484 380
354 320
359 37
225 293
339 349
145 325
471 368
52 288
219 154
94 120
55 481
199 453
288 168
224 435
182 478
174 253
116 154
221 29
122 493
311 154
232 110
41 42
394 481
252 94
381 338
283 347
400 326
318 250
352 317
103 75
337 403
106 162
43 207
342 179
356 38
29 109
288 99
254 206
220 240
156 73
116 267
254 245
116 343
87 355
406 252
72 228
216 371
112 241
423 397
119 284
478 187
85 110
27 165
283 201
319 9
67 59
247 368
483 24
235 34
382 356
288 111
300 125
439 306
200 398
209 462
326 260
190 212
106 270
377 229
485 101
55 389
494 87
72 283
120 185
120 52
313 391
208 334
139 280
338 24
305 78
162 357
399 240
426 317
259 245
423 217
448 199
14 98
340 403
179 119
355 362
283 286
477 86
52 73
471 173
374 264
285 474
205 164
41 485
304 210
430 254
295 105
468 101
69 1
295 88
195 286
132 434
468 441
451 196
281 410
141 85
42 111
348 10
173 498
438 76
110 178
266 371
144 101
89 456
445 177
131 167
270 186
391 128
67 385
40 192
259 10
67 252
430 339
306 210
141 462
429 388
91 337
223 241
302 463
356 440
73 107
403 145
426 350
352 471
433 328
442 102
435 283
330 331
210 103
346 406
235 265
47 348
394 159
371 98
256 459
101 113
139 183
362 343
55 265
396 257
400 94
441 247
50 184
122 168
435 106
422 227
216 456
336 449
437 485
20 418
480 137
91 458
30 500
497 432
117 448
128 434
259 107
273 125
155 205
317 179
113 426
92 353
69 364
450 265
249 452
201 4
312 237
173 141
347 179
216 17
141 43
180 198
317 179
285 484
494 60
169 80
72 357
273 199
25 442
436 146
415 481
182 387
368 451
249 419
223 46
320 361
95 207
315 125
56 487
142 469
357 99
401 488
9 129
313 278
237 391
490 108
111 278
196 489
172 70
172 44
340 372
463 57
372 327
391 80
187 21
197 259
499 328
165 167
265 347
228 332
249 254
445 95
128 333
7 482
147 83
277 375
328 279
284 475
180 318
390 106
185 498
103 377
426 103
31 448
276 293
72 332
318 240
345 315
114 223
168 497
243 390
262 147
43 98
286 350
49 458
210 181
140 331
330 89
219 248
317 414
284 450
231 256
212 303
0 160
32 58
228 242
433 202
82 60
456 381
292 185
443 257
39 148
144 341
121 168
59 410
300 227
363 379
353 71
348 145
117 33
171 365
209 15
429 375
171 346
319 303
184 110
309 205
225 225
260 226
330 476
267 114
181 14
199 69
224 116
437 371
272 451
257 443
420 228
327 384
430 435
409 37
476 367
205 322
452 141
477 349
13 67
142 476
464 77
310 5
365 272
248 226
311 66
172 397
292 208
275 117
236 222
20 68
273 83
282 41
127 407
189 215
468 415
391 423
209 255
414 128
265 9
294 398
57 487
19 497
80 95
77 392
429 482
214 114
3 177
47 142
314 467
263 343
311 429
278 307
396 237
364 471
32 82
44 77
214 411
134 72
336 471
471 69
153 57
70 97
342 121
80 179
239 80
338 88
331 301
431 28
485 346
315 255
320 195
467 466
329 161
381 438
45 388
341 368
410 153
317 264
399 118
248 366
222 451
177 420
289 197
161 268
75 18
44 22
29 169
130 22
311 6
380 86
439 438
96 402
11 228
241 60
243 275
139 179
424 408
264 215
456 477
136 247
119 161
295 461
95 497
108 335
304 184
363 443
43 446
376 38
479 152
177 28
86 306
478 68
459 177
276 203
291 407
490 303
77 101
362 301
194 252
324 387
324 19
130 215
364 9
48 174
299 242
135 193
377 250
248 392
176 389
218 232
82 457
433 90
467 116
14 294
153 28
446 54
144 333
36 78
96 500
243 457
429 357
102 260
318 414
207 54
327 9
112 66
306 315
4 423
46 497
297 211
484 355
131 361
350 428
226 109
483 182
77 198
60 476
448 330
131 217
141 482
390 31
314 335
14 357
286 129
126 260
16 36
107 292
41 312
465 170
334 408
330 286
259 53
372 11
383 193
271 489
370 294
104 164
106 323
467 240
323 196
454 179
328 28
487 35
3 448
495 263
142 66
495 250
221 4
3 294
389 296
245 477
84 148
293 314
98 193
188 176
334 77
135 328
212 60
57 264
429 176
215 194
239 311
440 267
127 493
342 228
414 50
452 319
290 141
417 257
63 72
331 12
15 413
164 181
234 379
101 459
464 381
301 73
96 283
92 66
141 486
230 487
248 440
499 160
144 489
481 163
48 255
103 119
371 342
158 158
227 223
477 330
308 433
38 358
401 49
63 282
181 456
423 270
235 428
140 419
154 491
118 367
429 352
52 433
328 88
178 322
14 90
358 82
299 113
5 210
200 229
182 68
74 485
467 233
370 87
476 262
391 480
131 480
101 184
187 475
302 455
298 155
212 68
107 330
152 159
120 133
183 95
488 26
340 480
476 266
352 201
437 381
32 344
183 14
27 30
397 436
53 101
458 148
42 254
285 20
58 140
322 429
311 471
350 238
347 497
79 70
488 376
379 180
455 409
70 115
465 378
53 151
454 97
89 363
473 19
330 435
363 458
8 195
138 353
135 475
429 141
205 246
161 214
337 195
74 209
291 9
357 337
237 130
225 469
293 145
330 315
214 438
217 23
321 237
246 440
305 375
394 358
309 181
179 105
274 366
203 159
288 420
232 326
246 480
241 78
461 465
373 300
256 55
93 489
244 263
248 367
351 456
86 236
303 49
310 470
177 69
125 266
402 33
487 121
126 90
418 283
481 159
320 119
484 267
126 6
323 238
129 226
335 375
185 272
428 171
239 419
498 225
280 222
199 143
244 102
273 496
257 383
181 374
244 376
112 17
238 399
91 427
406 290
272 272
65 181
455 186
188 487
319 275
264 35
499 416
440 13
433 238
319 203
493 377
79 167
190 10
128 128
443 475
122 119
11 22
77 156
172 459
116 185
215 195
142 352
236 284
346 336
343 64
239 305
477 492
386 3
97 75
157 394
67 196
115 408
320 434
176 55
349 331
352 25
70 316
452 444
11 384
482 114
326 276
291 246
37 287
24 147
37 218
15 172
481 53
24 306
124 65
139 444
13 9
406 139
183 30
374 127
134 81
118 295
114 386
107 144
15 60
192 103
157 273
262 429
275 33
183 329
362 428
327 93
490 139
82 425
118 32
391 119
102 443
451 125
48 498
13 257
52 23
25 134
370 285
128 346
127 111
420 223
233 95
177 162
251 486
221 85
317 370
85 399
200 498
9 259
0 492
363 370
253 191
333 402
363 315
8 275
432 79
283 218
6 30
427 239
269 307
172 406
500 152
219 252
167 463
457 137
338 196
404 80
398 350
41 114
358 48
138 92
404 205
185 50
311 366
71 458
311 358
175 9
466 382
190 152
30 380
454 368
448 50
53 42
24 337
294 144
477 294
273 37
267 136
64 199
35 295
480 43
311 285
111 22
21 132
92 157
72 182
439 458
447 83
94 438
7 355
320 447
95 309
333 316
174 452
242 230
445 185
338 174
164 453
391 373
476 173
438 226
305 239
391 66
334 242
220 19
188 400
49 159
378 96
472 380
215 68
35 443
339 77
32 11
125 385
144 25
178 68
492 84
90 68
260 101
473 441
309 451
380 236
486 380
2 30
5 455
191 450
434 209
429 438
14 256
394 403
106 497
392 127
217 474
219 456
72 201
373 254
116 119
22 257
272 212
354 166
130 493
455 285
170 290
101 51
177 265
500 269
78 412
79 460
16 178
185 62
410 174
168 331
46 92
452 204
147 332
266 254
12 448
270 22
444 399
236 319
181 164
326 494
489 30
488 312
317 278
160 325
156 74
403 142
66 405
231 313
469 289
175 486
421 66
145 61
37 490
374 87
122 75
368 177
333 446
46 146
97 68
65 143
331 29
93 149
139 416
412 337
250 159
11 264
54 294
424 235
84 353
69 459
438 53
16 417
92 379
397 394
251 149
470 263
205 188
318 59
468 12
415 219
480 418
141 10
143 486
403 322
497 429
277 477
466 115
28 171
182 150
332 464
125 52
0 473
425 398
144 165
147 87
360 126
17 151
73 156
4 175
455 9
137 142
239 165
381 352
246 172
261 36
473 370
374 303
173 349
185 71
114 196
162 246
433 39
145 164
192 258
114 336
173 410
49 365
323 26
184 354
9 281
165 432
123 45
299 242
435 163
222 409
223 268
27 177
495 335
374 32
244 182
163 172
206 69
220 438
492 313
197 482
431 173
71 404
187 433
43 281
399 293
240 331
295 84
168 412
477 32
42 295
143 40
211 91
275 443
86 38
387 309
318 76
315 31
44 112
387 365
148 33
379 81
466 58
56 476
487 498
384 336
199 192
94 226
2 464
396 101
480 178
204 37
17 42
256 44
427 490
260 430
39 347
105 409
123 20
341 124
341 144
394 37
392 497
432 469
178 189
100 454
138 91
223 372
79 72
382 36
175 56
227 191
442 158
237 154
354 113
462 120
218 270
191 258
326 355
14 334
205 166
364 343
247 50
298 468
173 321
186 192
383 284
54 413
246 85
323 156
147 363
165 336
63 49
223 394
184 371
231 490
301 253
283 183
31 80
100 127
216 243
455 178
249 427
494 60
20 237
0 257
205 467
397 212
421 447
62 352
117 217
79 76
388 280
179 441
387 119
277 54
169 359
205 181
197 358
24 160
199 73
326 10
431 316
464 480
328 429
18 165
389 27
331 23
71 308
165 361
402 255
164 226
9 270
122 417
47 414
56 455
175 22
30 325
483 128
351 195
371 248
351 436
138 252
20 483
23 476
65 424
377 204
102 188
302 432
495 116
375 498
497 89
28 334
128 483
494 271
268 358
88 290
371 456
47 369
423 213
272 209
25 381
189 9
477 49
23 182
417 130
160 245
102 10
428 192
311 396
354 260
411 435
112 129
152 232
346 235
326 170
243 314
247 279
425 207
364 32
251 207
277 230
51 391
259 452
155 23
433 430
332 136
403 405
319 288
232 312
255 324
476 235
343 356
333 328
170 252
92 124
453 158
341 147
37 157
50 23
472 444
97 211
462 431
376 205
409 399
304 0
405 78
303 75
166 110
241 467
149 473
130 337
363 90
318 372
278 302
233 58
209 302
446 450
22 41
412 419
178 435
53 161
54 437
52 398
91 176
384 116
459 304
122 393
373 174
17 122
96 408
244 201
155 236
287 476
161 445
270 110
447 98
458 150
413 482
140 303
285 486
417 262
5 260
385 410
369 281
139 321
151 93
446 360
298 33
425 65
321 440
359 352
480 54
399 113
476 111
459 179
271 401
102 497
341 432
125 88
361 423
342 165
410 490
481 109
472 356
113 500
448 339
265 0
120 7
70 160
432 458
60 30
460 398
464 183
490 375
316 464
440 255
25 221
436 295
278 255
216 4
464 477
214 191
360 217
205 287
173 458
306 8
17 172
268 156
234 162
269 176
337 139
207 98
316 408
198 8
435 461
45 419
466 342
388 121
402 169
62 187
333 235
105 283
54 231
140 339
97 429
129 31
179 119
177 99
406 321
204 15
30 253
191 288
184 137
382 69
69 144
249 211
64 297
272 198
95 272
395 309
371 375
58 159
273 307
17 382
359 65
397 211
284 22
75 435
489 222
48 139
89 316
377 173
157 26
421 424
159 252
133 242
155 387
64 146
286 308
144 45
485 147
355 34
120 169
438 448
200 202
36 67
116 126
35 478
328 47
238 358
243 365
82 54
342 373
88 265
418 258
105 33
480 168
401 4
263 378
147 286
235 455
351 444
268 42
255 190
147 301
27 236
366 4
271 416
391 196
118 86
224 199
25 452
496 232
483 110
198 314
373 263
208 472
213 141
324 173
432 402
103 7
112 148
422 225
263 112
13 430
144 313
490 26
305 151
385 73
433 197
148 366
485 70
173 370
69 375
405 363
300 454
391 153
243 45
460 393
149 499
155 45
322 259
232 138
433 123
19 170
33 168
197 209
457 349
252 49
430 347
255 213
338 177
131 215
295 41
33 234
253 489
217 476
168 418
68 16
156 57
397 216
217 447
138 235
364 442
204 56
127 429
177 100
257 91
168 191
197 23
198 332
278 375
7 117
457 346
469 116
14 327
193 220
149 138
260 205
61 370
322 38
342 66
83 181
93 294
270 242
62 307
15 57
190 340
367 144
291 255
475 309
368 271
452 134
213 468
378 345
368 95
86 477
480 57
491 465
236 413
219 266
87 131
233 167
474 332
176 454
363 182
43 203
331 34
57 217
356 105
394 412
479 28
171 428
178 288
277 146
372 402
227 144
108 1
204 431
280 322
191 155
329 135
151 286
108 321
17 396
440 159
132 96
72 17
379 227
255 165
256 495
154 157
116 159
470 285
388 157
442 264
358 19
320 92
248 356
363 409
350 257
111 274
383 122
412 292
362 214
422 460
147 241
52 61
493 328
494 272
225 426
452 305
293 19
481 93
86 125
313 331
104 17
299 292
224 306
369 368
278 484
184 183
44 348
229 16
105 438
210 214
253 138
188 159
210 45
426 438
447 185
34 414
340 109
244 71
54 88
451 194
188 151
13 247
45 350
20 234
303 13
365 435
284 217
176 126
55 498
386 55
5 108
291 273
428 36
334 1
264 362
320 233
423 199
366 400
43 263
466 37
451 217
406 253
371 336
292 399
227 209
496 3
466 333
127 286
135 140
46 246
279 103
30 315
255 392
396 427
14 118
321 175
155 116
249 13
339 161
437 280
198 187
199 33
42 23
4 431
456 151
291 51
476 442
400 111
116 377
189 17
164 118
401 451
161 68
8 386
107 480
215 96
16 400
396 249
23 157
492 471
352 115
96 319
198 433
275 238
479 357
334 169
447 365
381 188
353 160
296 359
241 380
379 463
303 7
110 419
354 34
318 204
375 165
457 44
10 156
179 355
490 122
472 82
58 383
362 422
18 455
204 393
196 189
149 168
439 61
443 198
26 301
152 411
86 488
372 76
417 88
334 172
335 414
439 405
182 337
373 340
239 92
103 383
90 265
359 383
384 475
395 371
5 477
195 442
8 49
463 205
464 375
129 74
80 208
440 336
376 323
47 230
168 337
418 400
474 467
277 106
262 29
354 481
19 51
12 239
166 397
433 499
224 96
396 490
6 16
246 412
46 292
103 19
414 112
105 275
398 177
321 273
213 196
258 75
262 157
457 16
324 270
396 487
62 40
455 468
63 231
215 334
3 50
7 295
337 169
66 376
294 107
190 268
463 122
173 424
200 120
439 399
108 208
63 37
214 453
259 404
487 464
341 159
89 237
74 24
373 45
399 315
350 29
264 59
35 403
114 95
382 60
326 119
177 163
189 428
416 471
473 61
113 198
117 483
199 176
283 251
293 456
119 165
238 442
47 255
256 90
241 204
300 163
148 8
179 171
170 121
319 134
131 45
356 155
186 289
315 367
49 270
136 485
125 457
265 104
369 377
118 426
92 203
279 396
444 301
172 122
208 89
304 283
143 457
456 415
449 392
262 114
314 348
416 485
398 490
93 53
480 205
276 227
369 237
375 367
433 418
335 461
3 21
182 47
311 27
146 77
265 203
59 164
183 61
63 10
288 171
444 437
62 319
20 500
297 456
157 347
248 126
415 10
256 58
275 309
65 7
248 132
156 357
74 469
483 446
175 353
400 56
73 129
91 46
427 149
312 461
453 6
367 285
339 332
335 97
250 98
98 341
326 266
405 166
228 463
365 107
495 123
90 172
126 250
83 193
179 220
280 169
380 35
141 70
224 113
420 123
102 392
120 332
462 340
473 170
202 456
40 24
454 69
275 17
365 296
196 373
490 481
151 359
246 92
102 139
93 229
17 479
435 265
259 437
51 139
406 37
376 406
486 446
210 443
307 405
494 436
26 117
411 111
217 434
203 40
248 489
318 295
215 448
258 218
100 14
146 84
214 46
445 67
304 168
400 492
54 25
350 500
91 421
45 222
497 261
257 64
220 332
309 68
185 221
470 87
51 0
166 191
107 383
245 208
207 55
335 436
144 36
497 31
9 134
48 12
448 36
294 319
375 85
366 11
161 147
374 337
344 164
75 15
415 31
188 122
209 7
433 304
21 391
17 474
146 406
444 243
61 175
287 233
164 41
184 353
407 211
128 96
286 72
75 436
190 414
293 160
282 211
260 195
359 126
246 464
161 346
85 10
483 417
252 55
156 190
160 474
134 469
257 440
7 358
188 226
261 101
156 68
254 414
205 257
296 470
100 202
341 161
328 266
78 63
454 90
428 440
177 271
437 124
20 335
406 457
225 352
231 123
366 20
68 332
340 304
282 161
409 39
289 202
273 399
115 141
337 152
404 311
307 40
204 143
436 241
304 238
50 80
199 260
381 456
146 13
165 221
94 444
193 105
296 2
488 130
355 127
219 453
66 200
66 213
67 148
431 252
315 454
339 19
450 138
254 85
420 446
111 406
413 392
123 224
305 364
239 68
172 19
304 376
103 329
14 338
119 475
217 359
118 344
105 374
347 236
56 432
90 420
477 243
153 439
367 202
34 407
425 188
142 287
445 4
336 214
214 30
149 49
238 17
35 9
138 148
310 142
470 226
145 466
158 452
460 8
442 62
234 366
456 164
349 263
79 126
143 360
242 211
303 398
295 119
71 116
277 6
196 320
86 106
474 47
188 473
454 380
238 240
178 325
253 51
158 150
165 423
308 431
495 189
303 430
309 255
438 356
361 302
227 406
359 452
444 454
230 21
255 150
335 68
389 391
425 359
0 405
146 188
242 234
13 56
463 44
255 46
153 111
435 445
239 479
266 314
437 262
365 198
370 438
213 144
18 364
216 355
84 435
145 112
481 323
207 430
173 238
13 24
135 148
187 274
136 159
302 36
15 196
319 192
260 110
20 130
162 444
481 53
427 354
59 116
431 49
257 147
360 220
475 113
130 468
476 396
150 132
361 12
139 199
371 197
261 419
484 208
435 151
21 355
388 340
282 15
214 143
366 88
455 330
375 367
486 58
312 102
241 316
500 173
197 489
137 382
484 11
99 78
309 252
87 462
225 23
336 30
78 193
191 284
398 269
494 141
477 248
351 439
337 106
361 39
124 311
465 115
194 157
232 439
163 13
496 333
178 301
380 206
245 290
56 265
251 299
488 374
392 126
231 132
120 269
81 75
143 135
186 434
267 378
191 335
25 107
294 29
31 222
263 74
96 351
196 350
343 19
113 22
293 209
423 156
286 437
156 471
429 180
365 439
204 184
325 16
163 54
398 423
413 410
399 46
194 500
105 176
314 438
342 163
132 75
137 412
414 324
460 361
487 38
31 250
46 103
271 190
336 109
321 474
474 464
451 434
330 73
52 201
499 149
3 127
457 282
441 295
111 230
457 343
474 466
163 373
127 74
408 255
229 224
183 499
225 128
264 101
154 420
218 147
361 124
342 344
273 389
20 73
473 10
441 346
495 249
184 118
232 70
205 328
63 250
267 194
130 468
407 41
107 250
28 431
71 373
109 469
297 353
87 475
222 435
309 108
361 210
184 292
244 75
319 310
348 327
364 252
87 151
242 483
48 449
5 436
265 486
167 166
405 467
447 463
453 433
134 351
133 476
67 453
82 263
426 261
417 166
278 132
444 427
10 13
255 36
20 60
342 22
240 397
56 296
62 119
355 461
90 57
361 97
363 219
173 234
477 470
221 419
331 347
315 184
57 328
139 481
178 49
434 33
138 407
7 368
373 372
399 244
76 263
264 14
149 395
72 149
444 286
145 445
73 459
477 39
404 116
254 280
15 232
151 172
324 326
318 427
198 321
304 209
235 361
300 431
245 192
203 46
323 453
397 33
235 376
190 184
340 101
469 492
153 478
277 417
425 310
44 391
466 110
74 251
23 31
236 414
55 479
440 485
322 263
494 10
211 140
6 231
107 368
46 412
187 325
457 488
268 107
147 126
322 390
379 265
280 358
166 74
445 490
115 369
462 290
35 106
372 301
250 334
329 432
182 157
390 16
285 18
432 207
387 6
226 163
101 298
250 168
36 327
155 159
123 235
226 85
494 318
3 279
192 447
384 482
96 299
262 101
321 116
17 218
294 16
366 142
221 305
317 143
352 5
317 257
482 230
135 139
418 300
420 333
77 229
248 487
469 144
394 88
352 267
93 102
126 201
64 467
166 462
111 183
487 481
0 477
6 242
284 329
450 173
289 310
167 442
33 196
8 462
264 398
17 75
355 298
124 57
225 131
498 357
353 405
323 99
186 281
13 381
126 252
105 351
93 116
7 402
48 392
459 18
478 1
288 40
455 116
247 459
321 357
191 53
367 350
294 216
20 308
62 136
215 269
214 287
414 303
497 132
19 182
297 4
402 5
254 56
306 435
451 272
409 247
414 320
111 84
81 479
158 415
189 73
74 145
381 312
238 154
83 383
160 261
380 284
465 332
388 497
437 328
34 361
213 120
175 226
23 78
311 75
95 329
287 429
251 313
116 72
107 146
437 72
371 339
332 248
452 133
88 333
37 229
117 256
269 456
234 168
184 23
91 23
315 163
197 436
310 419
111 15
316 125
324 231
353 161
264 340
66 84
294 195
428 321
347 412
52 342
295 170
477 421
383 377
93 326
23 161
190 133
21 288
284 114
90 292
153 440
284 422
444 176
312 489
172 166
124 60
9 254
241 228
19 233
390 298
258 391
265 481
488 372
152 75
106 359
416 44
90 106
442 2
102 369
290 265
353 229
16 416
283 82
17 240
7 149
42 437
233 329
101 181
16 111
389 87
437 409
25 202
347 87
409 195
272 222
449 468
149 268
173 163
79 375
190 108
367 314
56 187
33 321
465 255
322 305
485 481
216 259
333 454
473 478
395 393
170 302
405 117
390 442
465 447
127 129
135 253
344 347
237 179
159 160
329 19
219 217
338 471
268 147
85 248
238 232
159 309
323 474
94 317
500 37
92 430
302 171
86 471
353 130
198 193
204 488
70 167
143 19
337 134
259 195
343 373
69 307
262 476
354 43
69 277
140 284
389 65
403 331
280 251
273 407
51 368
365 26
390 117
86 367
218 288
120 212
45 378
211 180
433 29
130 86
46 215
35 207
143 370
367 20
31 32
266 356
135 235
274 120
320 328
146 133
237 421
315 103
117 411
103 6
207 160
142 332
279 198
239 171
155 225
407 113
241 201
142 209
186 305
28 0
438 212
250 80
401 209
358 400
404 263
374 429
171 254
451 405
153 399
293 81
140 221
446 90
70 367
401 373
115 157
181 31
309 106
7 254
122 275
6 60
17 127
248 266
142 488
329 476
440 192
327 267
6 46
197 298
87 317
323 306
329 403
421 380
254 181
71 452
369 415
466 50
333 393
478 242
397 491
392 471
173 251
437 202
47 324
253 51
330 213
445 470
43 348
447 131
196 105
258 196
326 433
244 448
387 111
275 336
472 259
474 349
476 497
85 499
215 126
34 406
490 214
165 470
334 467
171 5
495 177
395 318
266 117
112 420
177 174
243 408
364 147
281 421
247 94
154 350
470 281
51 479
333 413
478 422
400 299
394 372
453 426
19 82
355 402
379 249
463 203
82 1
19 421
45 496
444 463
120 384
86 59
19 404
436 178
365 389
365 500
113 60
172 474
242 420
288 172
237 410
196 218
74 96
486 268
98 103
154 150
422 429
236 75
463 174
116 274
112 8
173 109
389 258
6 4
432 8
464 43
32 281
434 264
407 317
32 441
211 313
38 436
337 209
436 19
342 75
282 386
95 24
107 472
18 416
288 410
456 486
135 292
159 420
460 421
278 479
190 164
13 401
287 43
140 54
143 226
152 274
77 309
146 87
216 462
15 171
402 304
477 286
140 196
417 18
447 35
497 78
190 242
384 312
396 212
445 351
435 81
387 50
346 423
180 426
119 299
135 193
458 3
91 90
416 487
353 399
96 334
180 390
458 409
377 419
60 6
311 104
16 123
274 220
457 14
215 116
330 266
173 175
349 140
44 147
278 83
496 217
393 254
496 88
406 231
417 98
233 274
387 103
427 464
168 198
422 293
141 128
15 328
333 85
422 167
331 365
336 285
441 207
324 187
394 130
349 462
27 64
364 61
425 197
15 466
295 479
157 445
190 342
172 1
139 202
383 315
220 9
300 167
281 248
258 427
342 40
327 195
126 239
129 287
164 198
97 96
324 94
22 200
99 47
70 261
123 18
50 7
31 107
194 349
355 209
83 20
424 269
170 226
71 376
286 435
183 75
166 161
473 19
13 360
391 295
72 80
227 407
471 286
352 229
293 488
326 439
180 373
478 5
324 375
361 184
375 461
372 198
402 466
94 190
59 463
439 118
174 31
468 242
294 1
184 369
78 456
188 263
261 471
177 272
123 205
236 126
434 381
190 494
451 349
292 185
135 257
18 247
88 76
443 491
457 414
308 17
177 213
403 22
23 111
361 353
76 311
389 448
433 242
122 62
453 33
205 365
35 185
182 424
122 364
401 161
128 142
492 340
396 351
49 194
323 450
194 355
451 213
324 114
182 31
274 428
463 246
177 253
338 49
212 25
361 464
463 98
106 6
338 426
129 181
455 142
353 262
61 361
32 422
207 133
69 143
474 107
48 371
482 339
16 245
2 287
346 383
433 493
235 221
40 79
480 273
415 329
308 180
85 457
163 112
104 46
442 135
21 297
216 316
116 229
412 294
318 312
297 324
253 402
152 438
437 329
340 231
196 57
442 15
166 448
235 330
419 223
331 404
378 256
325 269
64 14
173 468
87 414
455 304
405 123
307 61
40 53
52 410
187 288
417 329
114 144
391 473
392 13
24 299
452 312
40 411
74 139
164 327
427 332
470 228
190 422
305 332
122 389
78 196
443 250
279 85
238 79
449 80
155 380
202 337
317 94
113 418
383 409
183 26
391 472
258 306
223 410
156 228
125 39
433 180
136 198
161 343
357 210
447 164
115 478
80 217
241 148
8 486
91 400
445 224
94 489
432 269
241 372
214 76
273 267
459 408
101 187
267 490
241 462
344 14
463 11
389 368
226 371
267 278
417 237
315 400
82 284
207 394
57 246
343 118
409 202
25 466
361 395
399 182
230 392
457 30
9 345
396 134
86 226
64 99
10 355
472 83
182 458
239 84
445 307
330 87
69 274
241 130
233 12
190 313
401 429
396 435
241 372
443 3
211 36
31 308
374 136
117 366
50 236
406 225
402 253
153 19
323 369
175 482
333 216
69 34
41 257
173 280
275 350
185 64
205 217
189 89
133 294
363 448
197 336
430 315
385 209
347 56
421 83
436 392
197 164
466 131
243 289
447 359
119 149
363 404
328 386
311 444
123 76
279 354
285 0
48 178
372 360
86 468
416 464
365 95
473 114
343 2
75 343
255 268
441 25
20 470
186 463
450 195
416 198
418 212
151 0
209 500
108 130
301 203
171 330
12 443
245 51
420 249
114 50
294 261
418 129
418 46
326 213
133 265
374 114
99 54
166 441
215 89
353 382
332 229
226 451
183 210
479 417
35 376
203 420
141 111
151 166
496 185
143 283
221 29
69 351
30 55
262 18
219 192
15 96
345 333
462 304
318 138
12 363
466 83
227 485
13 30
356 358
97 197
365 73
231 248
498 78
231 458
44 164
337 286
38 389
403 366
222 18
209 313
497 138
131 394
450 265
225 393
251 88
429 45
374 471
284 43
203 450
82 365
379 172
487 20
475 309
476 401
55 349
490 320
363 404
270 420
16 260
211 138
36 143
9 218
19 129
14 333
54 299
59 47
261 4
450 277
399 139
295 119
345 111
49 201
280 202
89 364
117 476
477 78
425 324
181 471
399 405
322 245
282 133
494 161
51 293
160 353
180 346
168 193
281 87
132 208
7 321
236 303
368 243
53 380
298 268
405 344
241 450
80 314
219 248
313 34
458 401
156 324
467 113
114 359
311 410
376 433
267 426
31 35
23 302
357 329
316 486
87 474
129 282
193 417
259 98
480 322
98 244
203 225
14 424
262 442
457 307
267 291
30 133
459 422
325 446
278 285
239 412
126 63
366 458
376 344
452 298
295 188
379 300
75 47
498 71
94 334
222 174
119 56
93 364
255 74
200 186
265 401
284 411
416 0
100 44
157 330
246 361
26 135
18 420
196 19
330 24
64 96
85 198
63 332
317 216
415 275
414 460
17 125
149 340
357 371
422 15
208 132
93 74
341 126
84 100
285 463
131 293
8 223
380 390
131 5
206 147
41 305
98 340
48 395
339 163
324 296
494 314
58 467
150 109
269 443
211 377
413 262
97 42
297 391
303 334
430 199
300 221
423 447
384 205
440 288
306 254
295 329
391 395
235 102
268 309
15 148
137 500
465 448
367 233
245 427
369 295
334 113
202 90
412 362
150 316
437 341
356 251
104 326
80 192
17 320
84 122
322 169
264 492
399 352
262 332
480 450
202 412
69 48
171 343
398 117
454 491
24 203
427 363
262 107
219 359
424 124
246 87
361 210
107 143
75 462
350 319
111 463
376 61
30 403
476 151
255 424
20 273
449 57
3 229
16 415
68 300
169 148
177 238
260 174
418 185
164 93
59 18
8 483
449 151
63 43
363 73
105 488
205 76
326 307
108 309
25 456
360 240
43 111
263 377
386 109
84 313
127 103
445 332
414 213
75 372
245 412
107 129
189 182
30 328
163 20
125 40
258 89
423 445
457 146
463 132
292 302
101 237
495 255
290 216
36 165
415 367
245 187
263 239
30 54
422 442
474 224
404 357
421 353
403 32
229 274
259 184
204 121
26 430
154 12
392 22
95 340
159 137
156 97
68 61
88 122
297 428
368 278
28 291
205 235
110 168
209 352
394 230
162 467
491 366
351 41
73 56
43 62
164 6
447 491
370 221
245 429
80 229
69 342
405 321
370 182
147 178
427 0
392 408
84 88
99 169
495 120
249 6
2 246
447 17
145 61
92 459
335 191
321 43
292 476
328 122
168 205
72 340
322 430
377 495
360 468
335 425
62 13
218 184
138 392
485 142
21 184
111 364
462 104
23 85
302 183
37 221
113 329
429 180
388 387
14 65
336 439
333 303
83 488
202 353
292 202
249 390
292 150
480 51
182 42
163 92
499 279
452 250
141 441
304 179
251 446
23 129
257 164
494 362
247 477
228 310
460 416
423 364
345 299
294 106
347 189
377 411
162 345
438 248
2 43
251 252
224 88
113 273
438 164
86 188
228 18
76 370
277 284
66 356
394 233
423 0
442 338
478 282
448 362
359 431
83 95
321 135
72 153
220 40
52 194
261 33
42 204
111 57
128 419
413 20
313 215
266 354
214 474
41 231
285 428
485 403
80 346
483 122
322 331
382 217
359 346
269 40
444 444
134 133
214 366
414 491
486 295
235 404
263 405
11 191
113 144
56 225
421 170
239 2
184 345
331 66
463 279
474 458
477 452
219 30
239 122
476 359
385 469
267 482
374 306
229 85
50 239
61 186
469 145
208 180
181 13
10 171
269 400
276 424
279 397
127 308
267 349
127 140
211 99
225 397
94 403
23 98
218 316
193 284
471 457
414 99
281 55
271 86
285 133
68 213
323 367
138 141
97 112
446 99
180 415
104 259
299 228
494 37
22 35
130 84
31 343
324 347
27 387
344 244
372 0
259 354
105 496
129 481
289 37
118 87
354 133
386 187
20 411
96 159
174 52
10 81
424 453
445 54
71 456
467 158
488 467
20 435
328 314
390 383
23 177
406 498
170 350
199 180
101 333
484 432
201 140
128 307
100 246
30 381
171 332
289 207
428 55
93 183
496 385
346 318
411 214
417 326
186 354
232 425
352 37
287 310
325 422
333 105
472 326
111 322
228 390
323 163
186 243
366 348
320 189
174 210
469 499
453 211
124 69
136 7
456 265
34 179
174 446
83 491
58 146
91 168
237 133
184 465
82 463
239 60
229 200
269 339
91 36
131 236
30 432
17 301
395 434
480 66
160 85
445 217
2 98
317 491
61 303
332 211
433 326
231 450
422 434
107 361
448 162
193 214
43 224
444 35
274 322
1 186
20 395
315 358
475 142
136 276
334 292
44 431
195 413
60 21
464 431
240 337
64 420
442 32
353 378
63 381
306 120
73 8
286 245
168 466
348 105
458 475
480 452
136 445
29 159
385 148
1 22
393 154
264 271
259 458
331 339
372 72
110 231
4 37
293 226
106 126
451 185
355 368
185 27
68 17
315 187
298 106
278 96
421 321
168 160
56 2
119 20
210 290
422 233
419 190
86 82
364 134
81 318
418 259
329 109
105 39
116 133
390 386
439 237
3 52
405 40
268 346
322 256
0 442
173 150
80 435
251 133
410 185
190 47
345 275
495 116
94 334
409 344
315 271
42 22
95 178
353 269
381 486
350 425
172 88
136 480
79 458
108 454
223 297
129 130
466 128
301 481
281 280
136 321
114 104
386 235
430 500
207 313
207 164
178 337
268 426
483 6
157 121
282 442
395 400
133 97
13 374
440 107
275 388
363 396
440 209
55 28
213 448
455 305
438 131
103 460
38 236
70 219
15 21
158 51
61 389
475 487
72 167
66 68
429 240
499 404
389 464
458 64
286 176
403 133
90 458
471 440
115 66
196 381
214 328
461 208
197 248
486 473
312 378
44 417
9 377
302 214
165 178
363 346
449 271
475 331
178 379
30 79
410 448
48 225
252 272
197 304
494 377
228 12
464 295
304 56
337 254
438 314
64 59
256 388
278 226
476 459
296 331
316 246
326 324
478 466
184 369
149 422
307 82
332 246
316 443
228 433
183 16
335 57
479 216
392 446
172 146
152 421
355 402
255 188
69 230
400 463
33 285
71 452
130 164
115 479
338 289
273 273
238 209
84 456
15 135
295 253
168 169
138 156
218 26
458 1
278 270
303 218
475 460
210 122
115 324
245 188
318 267
105 73
80 165
389 97
16 119
238 278
166 383
310 472
165 229
325 72
374 20
240 17
250 213
201 467
192 104
54 476
277 297
129 395
403 488
198 494
75 213
114 262
107 205
400 135
42 43
490 141
124 228
121 44
86 339
112 239
181 321
489 314
45 482
321 104
349 371
236 202
498 308
268 480
413 45
288 98
122 324
369 295
142 240
449 165
285 333
272 267
65 300
46 277
339 135
258 454
129 355
31 233
314 412
20 429
312 114
39 382
258 61
363 16
22 218
186 89
70 126
219 447
415 140
327 229
336 470
327 27
228 75
5 468
361 78
457 349
444 398
48 334
134 226
407 245
202 471
377 483
286 140
235 186
109 374
408 121
101 354
158 354
396 232
364 146
38 268
313 176
245 82
84 93
77 239
378 238
235 264
398 383
108 202
440 448
26 60
379 172
354 288
133 167
28 304
57 257
81 178
344 449
470 443
400 235
213 425
392 133
259 456
265 282
14 44
378 470
245 296
223 117
17 7
306 337
123 405
481 452
156 431
481 311
423 252
69 164
16 500
94 49
270 272
212 400
479 9
162 0
42 410
392 385
475 87
36 79
250 291
351 113
368 190
460 492
291 293
255 439
358 109
151 230
495 189
10 175
196 182
363 108
233 447
174 464
43 476
189 180
264 275
152 11
248 361
179 93
447 187
97 255
81 109
99 42
31 314
388 485
162 432
122 157
164 148
277 394
497 300
31 142
399 353
488 0
82 332
494 194
302 234
287 227
80 81
80 486
380 482
165 183
422 309
136 379
80 129
199 158
64 42
0 271
225 133
289 251
74 129
155 487
137 168
141 359
195 89
389 144
123 268
456 457
171 346
203 237
121 427
75 429
219 138
99 53
39 456
266 441
402 188
273 299
345 350
275 378
284 488
449 394
42 257
258 377
83 448
299 152
120 390
221 75
148 13
233 333
457 201
276 230
164 396
179 82
419 440
29 275
158 482
361 155
369 299
430 245
435 110
270 431
373 292
95 437
301 254
313 254
289 64
347 242
11 483
351 254
70 395
444 181
141 345
440 125
225 155
336 244
14 43
177 252
229 231
182 168
191 23
356 334
333 478
275 79
63 307
473 199
237 375
210 362
397 64
68 304
427 329
204 320
45 322
497 449
464 109
263 117
453 68
140 237
429 48
314 83
160 218
35 166
181 222
459 459
27 466
425 77
459 361
110 212
441 339
7 227
365 11
383 163
354 479
133 488
2 346
288 302
311 328
186 221
17 108
102 55
41 100
262 484
173 145
422 225
313 281
383 469
349 101
396 10
78 235
75 164
322 399
28 350
305 209
385 18
326 38
342 460
242 474
35 274
77 371
367 36
463 2
79 29
91 151
221 49
154 490
138 489
254 391
45 130
283 104
54 490
236 294
452 253
341 404
308 29
43 296
207 398
177 88
373 12
335 452
30 479
72 444
440 69
52 224
188 398
121 458
318 172
144 8
257 228
414 385
433 261
303 58
142 265
315 166
492 303
70 300
61 427
355 176
364 190
89 284
82 134
224 358
463 450
216 362
421 65
445 193
282 475
121 400
88 437
446 498
459 112
205 217
340 423
52 46
147 438
404 229
137 40
35 35
353 148
137 320
480 346
59 195
267 386
477 418
20 467
317 373
66 257
146 354
83 50
65 67
92 7
285 3
134 319
105 216
405 318
141 21
146 102
191 412
162 266
197 64
123 426
364 4
483 286
224 135
16 340
48 14
213 304
358 373
114 260
36 377
114 229
230 0
252 254
156 457
118 105
128 182
231 125
425 210
473 312
118 222
275 153
350 314
425 79
468 159
321 355
453 55
325 43
26 241
2 80
218 374
24 98
18 328
376 161
490 22
413 374
472 227
390 256
356 48
475 193
229 72
58 177
4 279
487 401
470 496
323 211
94 153
285 170
66 406
143 133
490 430
445 198
260 57
50 87
485 159
7 262
453 349
223 456
150 97
114 335
372 231
11 392
456 102
500 357
73 475
178 205
314 288
1 410
108 65
79 208
74 392
467 41
470 306
333 330
75 342
253 346
489 75
231 270
195 262
466 31
298 118
383 348
42 22
361 404
130 21
76 219
33 10
138 36
489 348
418 155
418 404
266 214
484 196
373 438
145 283
197 79
49 466
352 196
487 409
136 455
341 114
348 479
17 430
413 415
339 447
370 269
491 140
310 251
328 97
388 429
183 93
1 41
59 374
459 426
470 76
455 61
381 57
196 28
382 135
87 172
5 72
164 273
381 91
274 429
318 331
414 32
151 367
222 264
472 72
381 32
123 427
399 217
274 418
420 312
43 356
168 61
10 359
245 28
149 31
94 18
153 474
419 413
321 320
461 334
256 175
270 297
74 7
405 407
359 140
90 268
84 36
465 274
122 36
19 98
128 127
139 297
259 122
457 243
43 394
85 500
90 469
365 204
187 81
131 323
177 399
32 417
62 493
269 0
268 230
253 463
229 462
105 312
59 407
34 252
218 187
297 446
237 10
208 30
26 444
472 103
151 9
319 432
182 35
299 30
178 237
25 322
302 257
499 333
175 249
244 110
93 2
240 98
292 161
230 204
483 383
357 100
322 160
281 202
389 35
374 61
223 271
396 410
234 177
24 108
286 20
264 0
143 350
24 223
316 168
249 146
421 242
178 43
209 335
259 280
247 4
30 131
353 45
449 262
468 465
127 35
275 377
133 19
25 274
29 480
329 387
486 6
256 189
428 452
309 129
119 181
236 263
44 233
248 325
500 12
405 17
242 351
374 397
30 457
442 309
478 98
118 389
255 69
128 194
46 500
377 288
219 391
474 436
227 279
384 244
271 25
342 222
53 21
384 97
46 324
272 255
241 166
91 402
218 429
226 205
388 94
165 154
433 344
186 254
462 91
483 252
368 346
364 76
382 500
58 272
331 299
348 388
257 310
369 327
195 359
369 374
173 425
288 255
29 398
485 401
120 260
79 241
403 98
201 279
83 172
75 344
375 136
445 275
164 149
273 277
254 127
320 368
457 229
274 497
484 235
288 363
438 437
135 27
140 29
232 158
126 467
150 304
221 258
123 481
470 2
149 149
468 160
136 461
339 481
120 313
286 293
447 334
457 140
233 232
293 54
36 188
94 132
360 63
73 219
139 151
230 9
485 204
57 367
432 440
500 172
76 269
485 318
111 467
378 412
61 205
152 44
74 129
300 59
275 191
148 191
324 318
181 290
2 262
209 405
402 90
216 254
231 227
283 183
185 303
444 180
199 441
405 336
355 287
403 160
109 33
104 425
133 13
345 302
125 5
102 183
463 317
180 246
233 345
435 465
233 452
161 369
329 78
398 225
496 150
355 264
443 264
324 294
334 370
67 170
136 490
193 431
247 397
439 492
481 143
445 125
419 71
243 374
204 350
117 402
403 455
370 436
191 343
63 388
345 179
364 266
180 455
276 229
435 419
152 170
319 12
250 50
364 382
377 249
135 195
41 200
236 411
345 457
286 65
288 131
143 323
491 75
270 274
92 268
446 208
497 486
215 93
427 352
254 251
493 409
197 495
405 25
267 400
140 28
311 279
171 92
278 412
309 47
374 308
340 208
105 479
452 181
281 22
494 284
407 318
355 358
261 307
196 12
464 451
410 339
105 446
396 474
332 244
206 440
349 321
260 175
269 365
17 3
2 486
103 22
308 205
450 218
259 481
329 76
88 117
120 356
346 60
170 481
462 96
322 298
14 294
397 59
112 500
92 471
438 78
292 265
463 442
222 283
266 127
11 122
425 344
157 35
297 285
367 42
222 67
37 30
462 332
453 181
484 372
158 344
222 154
395 455
421 153
129 344
326 209
44 367
119 316
433 491
89 314
125 298
92 18
237 291
438 319
436 123
62 251
14 468
240 276
248 490
98 390
167 442
281 351
302 464
113 74
140 82
117 312
191 246
19 396
169 270
355 8
112 328
77 160
134 307
214 469
377 380
8 336
214 379
81 361
67 274
444 81
94 323
156 459
380 49
445 424
473 218
315 484
133 163
433 276
31 468
454 88
411 34
176 458
96 268
36 294
469 391
287 173
178 72
323 202
418 10
273 41
291 56
435 155
247 348
4 474
213 235
418 315
31 352
343 269
262 194
117 267
17 184
332 316
356 51
382 210
116 107
31 297
288 120
472 13
484 306
195 160
212 174
317 19
441 257
154 110
183 85
120 376
308 73
259 123
73 297
111 268
198 61
430 98
270 320
21 462
222 370
286 500
399 448
7 336
106 458
341 387
117 134
380 426
125 425
62 344
3 224
89 290
448 323
432 137
270 291
6 499
494 310
162 116
473 309
64 111
312 285
236 112
424 40
34 215
484 419
317 85
460 437
185 309
146 496
342 278
461 142
413 499
321 226
168 475
271 119
351 441
54 355
69 116
392 342
257 387
328 248
413 314
376 171
260 401
177 212
406 389
490 339
370 195
315 216
483 276
417 346
235 387
473 187
103 390
395 16
390 266
15 105
299 414
79 399
490 368
283 475
438 472
360 409
260 106
272 284
296 188
277 409
457 3
435 113
87 39
164 381
458 337
14 93
321 96
428 220
287 57
149 331
490 2
286 409
11 381
262 422
17 101
19 496
443 327
93 138
152 221
422 371
49 246
366 35
402 193
491 59
462 33
458 342
46 140
112 10
134 437
149 139
60 67
200 320
492 415
417 381
139 158
460 61
260 157
259 206
196 59
253 159
371 458
84 353
377 425
32 139
50 299
422 487
218 89
307 429
189 169
119 437
490 15
128 230
22 192
31 7
386 337
147 131
72 90
389 491
192 267
496 288
190 69
208 299
21 193
293 49
480 89
26 415
494 164
227 217
370 158
42 384
143 241
318 235
374 167
176 106
472 431
46 400
336 371
47 459
242 337
188 156
17 462
171 60
32 37
440 155
160 379
309 50
80 262
276 71
296 245
331 161
300 226
336 482
40 31
123 428
485 146
368 255
293 11
229 114
491 302
297 307
297 347
197 123
31 368
403 456
169 44
411 294
116 167
257 477
490 332
16 113
484 62
451 59
136 400
179 363
454 114
165 359
448 61
121 441
234 83
253 174
22 433
172 183
464 246
99 172
124 249
402 495
363 285
361 209
200 252
296 232
174 148
65 351
357 213
175 26
264 254
402 257
293 172
385 190
435 159
451 283
362 445
483 209
357 42
283 66
500 22
269 75
149 272
400 301
465 249
431 175
280 111
310 354
232 148
335 139
127 401
481 463
458 455
99 401
456 422
239 199
34 187
332 202
355 212
442 354
13 268
441 210
488 481
35 432
415 78
50 108
422 386
349 464
104 215
168 126
280 206
247 386
107 126
494 471
334 138
256 448
420 346
7 253
409 277
117 10
429 398
253 224
466 215
408 272
484 295
16 4
495 209
93 399
301 290
249 163
103 198
459 23
55 205
259 110
362 124
463 1
0 118
84 292
55 212
248 120
374 441
291 442
377 74
131 40
294 37
287 136
145 356
128 420
200 180
390 241
295 366
115 462
65 304
14 407
48 86
266 39
134 497
330 236
172 411
90 340
395 265
153 427
140 64
308 192
322 380
116 197
36 122
140 58
341 280
84 128
266 379
396 449
174 252
26 277
326 313
346 260
200 327
195 217
27 4
238 451
358 362
162 128
261 132
281 239
348 267
455 324
319 229
139 263
95 438
36 203
73 385
186 473
67 221
155 97
64 40
59 28
410 84
80 22
38 300
309 21
443 32
370 359
168 218
336 215
412 34
222 170
325 150
460 149
298 9
275 167
202 255
196 58
379 409
454 291
229 119
311 370
278 4
137 363
186 445
45 487
138 276
30 479
449 172
168 8
23 85
118 344
406 50
155 206
21 14
234 417
454 48
232 489
272 397
317 451
229 410
78 76
132 290
484 252
92 52
386 447
403 169
123 140
173 39
238 449
404 276
147 105
112 43
21 377
63 396
105 271
451 345
182 124
234 40
255 232
257 330
290 163
384 80
205 236
437 334
7 88
460 94
139 150
317 8
350 405
92 467
24 431
493 414
340 143
259 8
72 150
120 115
247 305
327 122
490 176
75 11
54 99
283 253
479 181
236 448
61 429
237 486
59 144
470 419
277 5
492 84
442 41
42 355
434 447
156 336
487 201
358 369
158 317
391 377
425 118
150 339
293 39
34 113
321 327
130 126
362 350
145 140
168 46
189 127
264 45
35 30
146 257
463 226
11 317
463 409
402 358
93 497
183 20
467 156
480 482
249 494
117 176
330 190
432 274
277 187
80 213
177 268
379 16
490 19
279 228
247 187
211 186
105 152
147 258
442 444
206 340
318 250
18 58
106 292
405 263
378 447
56 229
378 118
73 269
461 494
296 147
162 493
392 195
217 19
166 129
3 75
423 376
344 103
80 204
309 71
108 275
393 173
40 436
86 455
269 101
327 312
94 292
345 121
49 377
271 397
35 6
211 389
467 115
15 74
23 66
357 49
384 459
136 150
83 449
257 400
111 397
5 470
314 10
180 81
335 168
102 456
135 112
50 40
500 151
406 331
439 436
294 490
236 244
319 81
433 9
368 127
52 455
161 334
63 386
338 251
285 151
470 482
67 487
100 449
288 243
230 460
111 34
303 268
465 169
318 270
403 198
103 498
39 357
460 464
163 83
312 332
355 226
24 456
300 463
304 343
392 349
208 304
135 47
483 349
142 97
287 397
398 140
181 178
68 189
183 458
234 281
15 30
134 402
291 111
143 316
78 272
461 33
97 255
391 244
139 13
166 76
125 260
146 186
190 254
433 421
157 20
190 417
87 348
88 162
75 42
324 171
403 147
75 493
258 425
201 130
301 389
190 128
58 482
374 0
295 60
398 325
241 405
418 201
438 347
34 487
486 128
412 459
301 166
267 123
461 497
78 324
402 411
266 325
466 365
178 287
199 55
487 90
79 267
65 104
245 427
65 343
301 361
418 161
341 344
37 497
217 152
146 94
348 140
26 87
345 90
136 462
20 412
263 434
447 228
43 290
1 234
435 372
407 204
67 469
420 303
424 281
199 68
413 21
469 475
323 496
225 304
487 476
163 259
294 368
454 463
305 307
281 245
201 78
459 277
360 59
226 450
397 432
292 498
289 358
23 438
100 257
186 248
292 347
309 330
134 417
450 483
236 81
395 148
171 376
295 375
111 126
262 203
128 94
200 422
367 254
366 165
36 399
269 282
369 152
404 77
496 307
484 349
326 174
13 300
447 409
84 82
219 99
3 206
77 149
376 112
84 310
381 187
127 169
366 289
350 435
390 417
169 24
81 222
284 228
427 304
60 288
245 21
67 211
426 453
274 357
333 126
392 111
72 264
154 338
386 122
429 248
472 241
109 467
353 380
484 363
154 62
169 296
188 145
341 15
43 88
88 165
431 353
458 41
355 259
424 270
427 63
173 38
306 134
171 354
357 384
309 420
68 383
296 38
353 91
20 64
477 5
173 445
36 161
130 355
455 364
421 295
305 391
476 282
308 220
87 341
358 390
40 76
350 130
444 25
219 285
194 350
168 461
8 465
211 174
30 10
326 80
59 298
254 453
373 58
400 357
179 452
235 70
185 384
396 287
197 114
479 318
102 294
153 38
313 348
89 120
264 227
384 429
78 256
260 9
258 258
304 231
94 63
64 448
114 308
185 398
8 415
51 410
243 26
226 177
385 57
266 454
357 157
251 434
136 472
411 456
91 431
397 315
67 177
390 250
206 270
98 413
298 72
121 163
483 175
399 33
399 69
90 124
133 346
261 250
207 333
193 65
38 260
286 414
138 12
361 284
43 341
345 396
20 369
229 359
421 433
370 62
94 108
143 386
127 14
46 381
107 297
313 79
361 22
145 479
47 192
3 489
33 245
219 361
293 19
75 29
295 475
41 239
188 344
474 174
337 54
27 370
43 420
459 162
405 246
466 333
282 469
292 131
17 299
225 244
13 11
402 115
313 100
121 381
86 41
35 282
33 48
399 275
40 331
269 295
15 132
499 258
151 331
468 29
286 483
92 320
425 295
51 104
249 349
105 395
224 359
389 128
370 479
483 374
92 408
284 452
253 328
109 485
118 13
375 244
446 140
226 424
91 9
228 324
210 378
382 235
365 323
88 85
425 449
123 35
356 4
259 0
163 353
417 30
44 102
492 420
155 444
316 266
110 109
475 462
15 370
214 486
443 247
366 368
94 216
210 108
368 436
175 215
259 426
260 13
16 126
94 282
398 295
17 207
434 163
15 16
300 341
500 203
194 59
71 12
483 174
117 399
390 400
69 36
31 312
364 289
456 224
291 43
342 355
466 420
179 4
22 357
23 168
153 217
333 88
56 386
321 410
116 336
483 162
360 401
157 38
130 325
399 289
477 84
300 243
68 182
351 44
295 259
96 66
455 213
180 133
133 77
251 480
167 355
263 202
278 245
440 249
427 390
491 222
499 423
258 1
28 256
371 333
91 105
414 459
113 346
244 151
325 162
30 287
494 73
144 132
459 406
275 468
98 73
29 312
471 354
481 308
100 97
30 430
273 147
153 184
485 217
417 294
478 314
86 477
81 366
307 298
418 421
281 461
