4349.55 0.00209091 0
11036 0.00736364 0
19898.8 0.0170909 0
29400.9 0.0295455 0
116753 0.162 0
13492.5 0.00563636 0
18876.1 0.0102727 0
19898.8 0.0139091 0
19943.4 0.0200909 4096
23290.5 0.0398182 4096
4436.16 0.00681818 0
11080.6 0.00945455 0
19898.8 0.019 0
28062.9 0.0173636 0
62313.9 0.0490909 0

4349.55 0.00245455 0
11036 0.00654545 0
19898.8 0.0138182 0
29400.9 0.0215455 0
116753 0.124091 0
13492.5 0.00654545 0
18876.1 0.00990909 0
19898.8 0.0168182 0
19943.4 0.0159091 4096
23290.5 0.0401818 4096
4436.16 0.00518182 0
11080.6 0.00909091 0
19898.8 0.0146364 0
28062.9 0.0220909 0
62313.9 0.0472727 0
200 1 2000 2000 11036 inf 192512
200 1 4000 4000 29400.9 inf 700416
200 1 6000 6000 53522.4 inf 749568
200 1 8000 8000 82817.5 inf 802816
200 1 1000 1000 4349.55 inf 626688
200 1 10000 1000 4349.55 inf 1064960
200 1 10000 10000 116735 inf 847872

200 1 3000 3000 19898.8 0.0166364 675840
200 50 3000 3000 19898.8 0.0127273 675840
200 100 3000 3000 19873.8 0.0137727 675840
200 150 3000 3000 29281.3 0.0135909 675840
200 200 3000 3000 19833.7 0.0127727 675840
200 300 3000 3000 29334.1 0.0127727 675840
200 180 3000 3000 34637.3 0.0129545 675840
200 200 3000 3000 19833.7 0.0126364 675840

50 100 3000 3000 10990.7 0.0141818 675840
100 100 3000 3000 10990.7 0.0167727 675840
200 100 3000 3000 19873.8 0.0150455 675840
300 100 3000 3000 29233.4 0.0145 679936
400 100 3000 3000 38575.8 0.0155909 675840
50 1 3000 3000 8922.22 0.0158636 675840
100 1 3000 3000 11013.3 0.0148182 675840
200 1 3000 3000 19898.8 0.0158182 675840
300 1 3000 3000 29259.1 0.0158636 675840
400 1 3000 3000 38527.3 0.0148182 675840
