200 100 2000 2000 17570.7 0.00672727 262144
200 100 4000 4000 49880.6 0.0240455 798720
200 100 6000 6000 91815.1 0.0542273 2928640
200 100 8000 8000 141959 0.0981364 5591040
200 100 10000 10000 197007 0.147455 9060352

200 1 2000 2000 11711 0.00668182 262144
200 1 4000 4000 32093 0.0232273 798720
200 1 6000 6000 60211.8 0.0495909 2928640
200 1 8000 8000 95122.8 0.0895455 5591040
200 1 10000 10000 135464 0.204 9060352

200 1 1000 3000 14502.1 0.00554545 380928
200 1 2000 3000 20854.4 0.00904545 401408
200 1 3000 3000 21456.8 0.0132273 860160
200 1 4000 3000 21456.8 0.0193182 1396736
200 1 5000 3000 21456.8 0.0260909 1634304

200 1 3000 1000 4586.59 0.00522727 323584
200 1 3000 2000 11711 0.00972727 458752
200 1 3000 3000 21456.8 0.0136818 860160
200 1 3000 4000 32085.7 0.0167727 733184
200 1 3000 5000 41444.6 0.0249545 1142784

200 100 3000 1000 6362.94 0.00540909 323584
200 100 3000 2000 17570.7 0.0102273 454656
200 100 3000 3000 32923.8 0.0150455 860160
200 100 3000 4000 45608.1 0.0178636 733184
200 100 3000 5000 58392.2 0.0207273 1142784

200 100 1000 3000 19162 0.00559091 380928
200 100 2000 3000 28036.7 0.00918182 401408
200 100 3000 3000 32923.8 0.0141818 860160
200 100 4000 3000 32923.8 0.0188182 1396736
200 100 5000 3000 32923.8 0.0253636 1630208
200 100 4000 4000 49880.6 0.0238182 798720
200 100 3000 3000 32923.8 0.014 860160

200 1 3000 3000 21456.8 0.0137727 860160
200 50 3000 3000 27018.4 0.0139545 860160
200 100 3000 3000 32923.8 0.0145909 860160
200 150 3000 3000 32923.8 0.0160455 860160
200 200 3000 3000 44458.4 0.0168182 860160
200 180 3000 3000 39366.2 0.0144091 860160
50 100 3000 3000 11400.9 0.0151818 860160
100 100 3000 3000 21372.4 0.0185909 860160
200 100 3000 3000 32923.8 0.0141364 860160
300 100 3000 3000 44458.4 0.0192727 860160
400 100 3000 3000 54230.9 0.0144545 860160
50 1 3000 3000 8987.57 0.0141364 860160
100 1 3000 3000 11485.5 0.0155455 860160
200 1 3000 3000 21456.8 0.0147273 860160
300 1 3000 3000 33208.2 0.0161818 860160
400 1 3000 3000 44630.4 0.016 860160
400 1 1000 1000 88.9139 0.00127273 0
