( passenger, driver )
( 1, -1)
( 4, -1)
( 7, -1)
( 8, 2051)
( 11, -1)
( 13, -1)
( 19, 2399)
( 20, -1)
( 22, 37)
( 23, -1)
( 25, -1)
( 26, -1)
( 28, 1224)
( 29, -1)
( 30, -1)
( 31, -1)
( 35, 2124)
( 36, -1)
( 38, -1)
( 39, -1)
( 43, -1)
( 45, -1)
( 46, -1)
( 47, -1)
( 50, -1)
( 51, 2470)
( 52, 91)
( 54, 116)
( 56, -1)
( 57, 100)
( 60, -1)
( 62, 109)
( 65, -1)
( 68, 2562)
( 69, -1)
( 71, 1547)
( 72, 127)
( 73, -1)
( 75, 1688)
( 78, -1)
( 79, -1)
( 80, -1)
( 83, 2771)
( 84, -1)
( 85, -1)
( 88, -1)
( 90, -1)
( 93, 115)
( 95, -1)
( 97, 172)
( 106, 2711)
( 108, 624)
( 110, -1)
( 111, -1)
( 115, -1)
( 116, -1)
( 117, 208)
( 118, -1)
( 119, -1)
( 121, 479)
( 122, 217)
( 123, -1)
( 124, 1026)
( 125, 732)
( 128, 2155)
( 131, -1)
( 132, 235)
( 134, -1)
( 135, -1)
( 141, -1)
( 143, 1961)
( 144, -1)
( 146, -1)
( 147, 262)
( 151, -1)
( 153, 2002)
( 155, 2286)
( 156, -1)
( 164, -1)
( 165, -1)
( 167, 1255)
( 169, -1)
( 170, 966)
( 171, 301)
( 172, 307)
( 174, -1)
( 175, 2887)
( 176, -1)
( 178, 1203)
( 179, -1)
( 180, -1)
( 182, 325)
( 184, -1)
( 185, -1)
( 186, -1)
( 187, 334)
( 188, 2250)
( 189, -1)
( 190, 2214)
( 191, -1)
( 194, 970)
( 196, -1)
( 199, -1)
( 202, 361)
( 204, 2717)
( 206, -1)
( 208, 1105)
( 213, -1)
( 219, 635)
( 224, -1)
( 225, 784)
( 226, -1)
( 228, 2622)
( 229, 948)
( 230, 320)
( 231, -1)
( 232, 415)
( 233, -1)
( 235, 2856)
( 236, 1455)
( 237, 2407)
( 238, 854)
( 241, 32)
( 244, -1)
( 250, -1)
( 252, 2729)
( 254, 1371)
( 255, -1)
( 257, 111)
( 259, -1)
( 260, 1817)
( 261, 2306)
( 262, -1)
( 263, -1)
( 266, 2676)
( 267, 478)
( 269, 351)
( 274, -1)
( 276, 1086)
( 277, 496)
( 278, -1)
( 279, -1)
( 280, -1)
( 284, 2353)
( 285, -1)
( 286, 2659)
( 291, 2895)
( 294, -1)
( 296, -1)
( 298, 2022)
( 299, 1194)
( 300, -1)
( 301, -1)
( 302, 541)
( 306, -1)
( 307, 550)
( 310, -1)
( 314, 2009)
( 319, 2571)
( 320, -1)
( 322, 577)
( 324, 607)
( 329, -1)
( 330, 102)
( 331, -1)
( 332, 399)
( 334, -1)
( 336, 1560)
( 341, -1)
( 343, 2909)
( 347, 2067)
( 353, -1)
( 354, -1)
( 359, 2591)
( 362, 649)
( 364, -1)
( 365, 2547)
( 366, -1)
( 369, -1)
( 372, 667)
( 374, -1)
( 376, -1)
( 378, -1)
( 383, -1)
( 384, 2823)
( 385, -1)
( 388, -1)
( 392, -1)
( 395, -1)
( 397, 712)
( 400, 630)
( 405, -1)
( 407, 730)
( 408, -1)
( 410, -1)
( 411, -1)
( 412, 739)
( 413, 1575)
( 414, 1715)
( 415, 183)
( 416, -1)
( 420, -1)
( 421, 1652)
( 424, -1)
( 426, -1)
( 429, -1)
( 430, 2713)
( 431, 1318)
( 432, 1115)
( 435, -1)
( 437, -1)
( 440, -1)
( 441, -1)
( 444, -1)
( 447, -1)
( 449, 1869)
( 451, -1)
( 452, 811)
( 456, -1)
( 458, 1980)
( 460, -1)
( 461, 1)
( 463, 2348)
( 466, 2100)
( 469, -1)
( 473, 2001)
( 477, 856)
( 479, -1)
( 480, 992)
( 481, -1)
( 483, -1)
( 485, -1)
( 486, -1)
( 490, -1)
( 491, 416)
( 492, -1)
( 493, -1)
( 496, -1)
( 497, 892)
( 499, 1068)
( 500, -1)
( 501, 302)
( 503, -1)
( 505, -1)
( 508, -1)
( 511, -1)
( 514, 1091)
( 515, 2864)
( 517, -1)
( 520, -1)
( 521, -1)
( 522, 937)
( 523, -1)
( 524, -1)
( 526, -1)
( 529, -1)
( 530, -1)
( 533, 1315)
( 536, 2986)
( 537, 964)
( 538, -1)
( 540, 1070)
( 542, 973)
( 544, 2406)
( 546, -1)
( 548, -1)
( 549, 2686)
( 550, 2069)
( 551, 2580)
( 552, 991)
( 558, 181)
( 561, 628)
( 564, -1)
( 565, 1568)
( 566, 1319)
( 567, 1018)
( 568, -1)
( 569, -1)
( 570, 1830)
( 572, 1027)
( 573, -1)
( 574, -1)
( 575, -1)
( 582, 1045)
( 584, -1)
( 586, -1)
( 587, 1054)
( 589, -1)
( 590, -1)
( 591, -1)
( 593, 1461)
( 598, 923)
( 599, -1)
( 600, -1)
( 603, 2779)
( 605, 2443)
( 606, -1)
( 608, -1)
( 614, 2671)
( 617, 1108)
( 621, 146)
( 622, 1117)
( 625, 2274)
( 630, 2258)
( 634, 1431)
( 635, 1196)
( 638, 668)
( 640, -1)
( 642, 1153)
( 644, 2876)
( 645, -1)
( 646, 1038)
( 650, -1)
( 651, -1)
( 652, 1171)
( 654, 237)
( 659, 2942)
( 661, -1)
( 663, 729)
( 667, 869)
( 669, 1273)
( 670, 1627)
( 673, 637)
( 675, 2726)
( 677, 1216)
( 678, 1283)
( 681, -1)
( 682, -1)
( 684, 286)
( 685, 504)
( 686, 1919)
( 687, 1234)
( 691, 1349)
( 693, -1)
( 694, 782)
( 695, -1)
( 698, -1)
( 699, -1)
( 700, 1619)
( 701, 2903)
( 702, 1261)
( 703, -1)
( 704, -1)
( 706, 2594)
( 709, -1)
( 710, -1)
( 711, 2865)
( 712, 1279)
( 713, 176)
( 714, -1)
( 717, 1288)
( 718, -1)
( 720, -1)
( 722, 2734)
( 723, 1590)
( 726, -1)
( 727, 1306)
( 729, 390)
( 731, -1)
( 735, -1)
( 736, -1)
( 739, -1)
( 741, -1)
( 745, 1595)
( 746, 499)
( 747, 1342)
( 748, -1)
( 752, 1351)
( 754, -1)
( 755, 298)
( 756, -1)
( 757, -1)
( 758, 725)
( 767, 1297)
( 769, 2654)
( 771, -1)
( 772, -1)
( 776, -1)
( 777, 1745)
( 778, -1)
( 782, 1405)
( 784, -1)
( 787, 1414)
( 791, -1)
( 797, 1432)
( 798, 2087)
( 799, 323)
( 800, -1)
( 802, 1441)
( 804, 1857)
( 806, 2322)
( 812, 1459)
( 815, 1543)
( 816, 988)
( 817, 1468)
( 819, -1)
( 820, -1)
( 823, 1632)
( 824, -1)
( 830, -1)
( 832, 1495)
( 835, 1716)
( 837, 2751)
( 841, 2252)
( 842, -1)
( 844, 905)
( 845, 1916)
( 846, 2167)
( 850, 203)
( 853, -1)
( 854, -1)
( 857, 1540)
( 859, -1)
( 860, -1)
( 865, 1728)
( 866, -1)
( 869, -1)
( 871, -1)
( 872, 1567)
( 873, -1)
( 874, 585)
( 875, -1)
( 878, 294)
( 880, -1)
( 882, 1585)
( 884, -1)
( 887, 1594)
( 890, 1111)
( 896, -1)
( 902, -1)
( 904, -1)
( 905, -1)
( 906, 2387)
( 911, -1)
( 913, -1)
( 915, -1)
( 920, -1)
( 923, -1)
( 927, -1)
( 928, 2727)
( 932, 1675)
( 933, -1)
( 934, -1)
( 935, -1)
( 940, -1)
( 941, -1)
( 942, 1693)
( 943, -1)
( 944, 1995)
( 946, 631)
( 949, 1514)
( 950, 2439)
( 952, -1)
( 955, 977)
( 956, 1533)
( 961, 901)
( 962, -1)
( 963, 2628)
( 964, -1)
( 965, 1113)
( 966, -1)
( 967, 1738)
( 973, -1)
( 976, 210)
( 977, 1756)
( 982, 1765)
( 983, 1103)
( 984, 1305)
( 987, 1774)
( 988, 404)
( 990, 2524)
( 991, 2937)
( 992, 1783)
( 995, -1)
( 996, -1)
( 998, -1)
( 1000, -1)
( 1001, -1)
( 1002, 1801)
( 1010, 1779)
( 1012, 1819)
( 1013, 207)
( 1017, -1)
( 1019, -1)
( 1020, 520)
( 1021, 1893)
( 1025, -1)
( 1027, 1846)
( 1028, -1)
( 1031, 1060)
( 1032, 1855)
( 1035, 969)
( 1036, 976)
( 1041, 2848)
( 1044, -1)
( 1046, 2300)
( 1047, -1)
( 1048, 1106)
( 1050, 814)
( 1051, -1)
( 1052, 1891)
( 1053, -1)
( 1054, -1)
( 1056, 2168)
( 1059, -1)
( 1060, -1)
( 1061, -1)
( 1062, 1909)
( 1063, -1)
( 1064, 1127)
( 1066, 2414)
( 1070, 1296)
( 1071, 625)
( 1076, -1)
( 1079, 90)
( 1082, 1945)
( 1083, -1)
( 1084, -1)
( 1085, -1)
( 1089, -1)
( 1092, 1963)
( 1099, -1)
( 1100, 2230)
( 1101, -1)
( 1102, 1981)
( 1103, 929)
( 1105, -1)
( 1110, -1)
( 1111, -1)
( 1114, 2668)
( 1115, 1697)
( 1120, -1)
( 1124, -1)
( 1129, 276)
( 1131, -1)
( 1132, 2035)
( 1133, 1931)
( 1135, -1)
( 1139, -1)
( 1140, -1)
( 1141, 1796)
( 1142, 2053)
( 1144, 489)
( 1151, 660)
( 1155, 1722)
( 1156, 2678)
( 1158, 4)
( 1159, -1)
( 1162, 2089)
( 1164, 1338)
( 1168, -1)
( 1171, -1)
( 1179, -1)
( 1180, 2600)
( 1184, -1)
( 1185, 2565)
( 1187, -1)
( 1188, -1)
( 1189, 780)
( 1191, -1)
( 1194, 1642)
( 1195, -1)
( 1196, 2663)
( 1197, -1)
( 1198, -1)
( 1199, -1)
( 1206, -1)
( 1214, -1)
( 1221, -1)
( 1222, 2197)
( 1224, -1)
( 1225, 686)
( 1226, -1)
( 1227, 2206)
( 1230, -1)
( 1234, -1)
( 1236, 2134)
( 1238, 629)
( 1240, -1)
( 1241, 2866)
( 1243, -1)
( 1244, 376)
( 1245, 2736)
( 1248, -1)
( 1249, -1)
( 1250, -1)
( 1252, 2251)
( 1253, 2929)
( 1254, 981)
( 1258, -1)
( 1261, 2165)
( 1262, 2269)
( 1264, 2533)
( 1265, -1)
( 1267, -1)
( 1269, -1)
( 1270, 2128)
( 1273, 691)
( 1274, 2318)
( 1275, -1)
( 1278, -1)
( 1280, -1)
( 1283, -1)
( 1287, 2314)
( 1290, 2612)
( 1291, 125)
( 1292, 2419)
( 1294, 1749)
( 1295, 870)
( 1296, -1)
( 1300, 2740)
( 1301, -1)
( 1308, -1)
( 1310, -1)
( 1311, -1)
( 1315, -1)
( 1317, 2368)
( 1319, -1)
( 1320, -1)
( 1321, -1)
( 1322, 2377)
( 1323, -1)
( 1325, -1)
( 1326, 440)
( 1328, -1)
( 1333, -1)
( 1334, 2765)
( 1337, -1)
( 1338, 737)
( 1341, -1)
( 1342, 2413)
( 1345, -1)
( 1349, 1965)
( 1354, 14)
( 1355, 1480)
( 1360, 2976)
( 1361, 1146)
( 1365, 2344)
( 1368, -1)
( 1369, 2795)
( 1371, -1)
( 1373, 2192)
( 1375, 315)
( 1376, -1)
( 1377, 2554)
( 1378, -1)
( 1379, 2599)
( 1380, -1)
( 1382, 2485)
( 1383, 135)
( 1387, 2494)
( 1392, 2503)
( 1395, 89)
( 1400, 904)
( 1401, 1949)
( 1402, 2521)
( 1403, -1)
( 1404, -1)
( 1407, 2530)
( 1408, -1)
( 1410, 113)
( 1419, 1692)
( 1420, -1)
( 1423, 1443)
( 1424, -1)
( 1426, -1)
( 1427, 2566)
( 1430, 796)
( 1433, 972)
( 1438, 843)
( 1439, -1)
( 1440, 147)
( 1442, 2593)
( 1443, 24)
( 1444, -1)
( 1445, -1)
( 1447, -1)
( 1448, -1)
( 1449, 1473)
( 1451, -1)
( 1452, 2611)
( 1453, 2480)
( 1455, -1)
( 1459, 353)
( 1462, 2629)
( 1464, 1887)
( 1466, -1)
( 1469, 1946)
( 1470, -1)
( 1471, -1)
( 1472, -1)
( 1473, 1229)
( 1474, 2342)
( 1476, 61)
( 1478, -1)
( 1479, 1284)
( 1480, 60)
( 1482, 2665)
( 1484, 2791)
( 1487, 2674)
( 1488, 1860)
( 1492, 2683)
( 1493, -1)
( 1494, -1)
( 1497, 2692)
( 1503, -1)
( 1506, 884)
( 1507, 2710)
( 1511, -1)
( 1513, 638)
( 1514, -1)
( 1515, -1)
( 1517, -1)
( 1519, 1439)
( 1520, -1)
( 1522, 2737)
( 1523, -1)
( 1526, -1)
( 1529, 76)
( 1530, -1)
( 1531, -1)
( 1533, -1)
( 1534, -1)
( 1535, -1)
( 1536, 2187)
( 1541, -1)
( 1542, 2773)
( 1548, 1177)
( 1555, -1)
( 1557, 2800)
( 1558, 2869)
( 1566, -1)
( 1569, -1)
( 1572, 2827)
( 1576, 2231)
( 1577, 2836)
( 1578, -1)
( 1583, -1)
( 1585, 531)
( 1590, -1)
( 1591, 1911)
( 1594, -1)
( 1597, 2872)
( 1598, -1)
( 1601, 632)
( 1602, -1)
( 1604, -1)
( 1605, -1)
( 1608, -1)
( 1613, -1)
( 1614, 1492)
( 1615, 1907)
( 1616, -1)
( 1617, 2908)
( 1627, 2926)
( 1629, -1)
( 1630, -1)
( 1631, 2415)
( 1632, 2935)
( 1633, -1)
( 1636, -1)
( 1639, 974)
( 1641, -1)
( 1645, 2724)
( 1646, 2081)
( 1649, 1426)
( 1650, -1)
( 1651, -1)
( 1652, 2971)
( 1656, -1)
( 1657, 2980)
( 1661, 1724)
( 1662, 2989)
( 1664, 2378)
( 1665, 273)
( 1666, -1)
( 1668, 2405)
( 1670, 1253)
( 1671, -1)
( 1672, -1)
( 1673, -1)
( 1675, -1)
( 1678, 79)
( 1685, -1)
( 1691, -1)
( 1694, -1)
( 1699, 1897)
( 1700, 1205)
( 1701, 1901)
( 1702, -1)
( 1705, 274)
( 1711, -1)
( 1712, 2858)
( 1713, -1)
( 1714, -1)
( 1718, -1)
( 1719, -1)
( 1722, 1597)
( 1725, 2159)
( 1726, -1)
( 1729, 1766)
( 1736, 2602)
( 1737, -1)
( 1741, -1)
( 1743, -1)
( 1745, -1)
( 1747, -1)
( 1748, 855)
( 1749, -1)
( 1751, -1)
( 1753, 608)
( 1755, -1)
( 1756, 348)
( 1761, 327)
( 1763, 1073)
( 1764, -1)
( 1767, -1)
( 1768, 1960)
( 1769, 1850)
( 1770, 139)
( 1773, 1389)
( 1774, 447)
( 1775, 997)
( 1776, 1093)
( 1778, -1)
( 1779, -1)
( 1780, 2560)
( 1781, -1)
( 1783, -1)
( 1786, 2186)
( 1788, -1)
( 1792, 1844)
( 1794, -1)
( 1795, 1476)
( 1796, -1)
( 1799, -1)
( 1804, 1906)
( 1808, 2860)
( 1811, 2697)
( 1812, -1)
( 1815, -1)
( 1820, 448)
( 1821, 2279)
( 1822, -1)
( 1823, -1)
( 1825, -1)
( 1826, -1)
( 1829, -1)
( 1831, -1)
( 1832, 2774)
( 1833, 1666)
( 1834, 2057)
( 1835, 2828)
( 1836, -1)
( 1837, -1)
( 1838, 256)
( 1840, -1)
( 1841, -1)
( 1842, -1)
( 1843, 1030)
( 1847, -1)
( 1852, 702)
( 1854, 238)
( 1855, -1)
( 1857, -1)
( 1860, 2025)
( 1862, 72)
( 1868, -1)
( 1870, 2447)
( 1871, -1)
( 1872, -1)
( 1874, 1242)
( 1877, 2706)
( 1878, 2868)
( 1879, 1982)
( 1883, 255)
( 1886, 1970)
( 1887, -1)
( 1891, -1)
( 1892, -1)
( 1894, -1)
( 1895, 2459)
( 1896, -1)
( 1900, 1571)
( 1902, 170)
( 1904, -1)
( 1908, 1390)
( 1910, -1)
( 1911, -1)
( 1912, 2078)
( 1915, 18)
( 1916, 380)
( 1917, -1)
( 1919, -1)
( 1920, -1)
( 1921, 672)
( 1922, -1)
( 1924, -1)
( 1927, 1179)
( 1929, -1)
( 1932, -1)
( 1934, 1052)
( 1935, 1513)
( 1936, 1608)
( 1937, -1)
( 1939, -1)
( 1941, -1)
( 1944, -1)
( 1945, -1)
( 1947, -1)
( 1949, 2449)
( 1950, 267)
( 1953, -1)
( 1954, 2518)
( 1955, -1)
( 1956, 2777)
( 1958, -1)
( 1959, -1)
( 1963, 1541)
( 1964, -1)
( 1965, -1)
( 1971, -1)
( 1972, -1)
( 1973, -1)
( 1975, -1)
( 1980, 1042)
( 1981, 216)
( 1983, -1)
( 1984, 2604)
( 1985, 2468)
( 1986, -1)
( 1990, -1)
( 1991, 2133)
( 1993, -1)
( 1996, -1)
( 1999, -1)
( 2000, -1)
( 2001, 838)
( 2002, 1350)
( 2004, 2114)
( 2005, 1488)
( 2007, -1)
( 2008, 2964)
( 2010, -1)
( 2011, -1)
( 2016, 1645)
( 2020, 1672)
( 2021, -1)
( 2023, -1)
( 2024, 2117)
( 2026, -1)
( 2027, -1)
( 2028, -1)
( 2033, -1)
( 2035, 359)
( 2036, 611)
( 2037, -1)
( 2040, -1)
( 2042, -1)
( 2044, 1898)
( 2047, -1)
( 2049, -1)
( 2052, -1)
( 2055, -1)
( 2061, 1451)
( 2066, 647)
( 2070, -1)
( 2072, 1034)
( 2073, 2152)
( 2074, 1607)
( 2075, 150)
( 2077, -1)
( 2078, 450)
( 2080, 2000)
( 2081, -1)
( 2084, 101)
( 2088, 227)
( 2089, -1)
( 2090, 1066)
( 2096, -1)
( 2097, 1885)
( 2098, 1732)
( 2099, -1)
( 2102, 2990)
( 2103, -1)
( 2105, 1815)
( 2106, -1)
( 2112, 1977)
( 2114, -1)
( 2115, 226)
( 2118, -1)
( 2119, -1)
( 2120, 1304)
( 2122, 2334)
( 2123, -1)
( 2125, -1)
( 2126, -1)
( 2127, 1703)
( 2130, 785)
( 2131, -1)
( 2133, -1)
( 2134, -1)
( 2135, 1114)
( 2136, -1)
( 2138, -1)
( 2141, 1520)
( 2142, -1)
( 2144, -1)
( 2145, -1)
( 2147, -1)
( 2148, 2369)
( 2149, -1)
( 2155, -1)
( 2158, -1)
( 2160, -1)
( 2161, 652)
( 2162, -1)
( 2163, 681)
( 2164, -1)
( 2168, -1)
( 2171, -1)
( 2183, -1)
( 2185, 2385)
( 2187, 2039)
( 2188, 1991)
( 2195, -1)
( 2199, -1)
( 2200, -1)
( 2206, 799)
( 2207, 2452)
( 2208, -1)
( 2210, -1)
( 2212, 953)
( 2214, 2185)
( 2218, 723)
( 2219, -1)
( 2221, -1)
( 2223, 1974)
( 2225, -1)
( 2228, -1)
( 2230, -1)
( 2231, -1)
( 2233, 1582)
( 2234, -1)
( 2236, -1)
( 2240, 306)
( 2241, 2278)
( 2242, -1)
( 2243, -1)
( 2247, 484)
( 2248, 202)
( 2249, -1)
( 2251, 1124)
( 2252, 287)
( 2254, 1882)
( 2256, 2645)
( 2257, -1)
( 2258, -1)
( 2259, -1)
( 2260, -1)
( 2262, -1)
( 2264, 408)
( 2265, 284)
( 2266, 818)
( 2268, 2784)
( 2269, 593)
( 2270, -1)
( 2272, 679)
( 2273, -1)
( 2276, 1276)
( 2277, -1)
( 2278, -1)
( 2280, 2832)
( 2281, -1)
( 2284, -1)
( 2285, -1)
( 2289, -1)
( 2292, 1239)
( 2293, -1)
( 2294, -1)
( 2296, -1)
( 2300, 1215)
( 2307, -1)
( 2309, -1)
( 2312, -1)
( 2314, 1463)
( 2315, -1)
( 2318, -1)
( 2321, 528)
( 2323, 612)
( 2325, -1)
( 2326, -1)
( 2327, 2967)
( 2329, 1804)
( 2335, -1)
( 2336, -1)
( 2338, 711)
( 2339, 1044)
( 2340, 443)
( 2341, -1)
( 2342, -1)
( 2345, -1)
( 2346, 1007)
( 2347, -1)
( 2348, -1)
( 2349, -1)
( 2350, 955)
( 2351, -1)
( 2354, -1)
( 2355, 742)
( 2358, -1)
( 2361, -1)
( 2363, 2881)
( 2366, -1)
( 2367, -1)
( 2368, -1)
( 2370, 82)
( 2374, 1123)
( 2375, -1)
( 2376, 2319)
( 2377, -1)
( 2379, 709)
( 2382, 2763)
( 2384, -1)
( 2385, -1)
( 2388, -1)
( 2389, -1)
( 2390, -1)
( 2391, 1057)
( 2392, -1)
( 2393, 1538)
( 2395, -1)
( 2396, -1)
( 2397, -1)
( 2399, 2770)
( 2402, 699)
( 2407, -1)
( 2408, 565)
( 2413, 465)
( 2414, -1)
( 2416, -1)
( 2417, 2180)
( 2418, -1)
( 2420, 2323)
( 2421, -1)
( 2422, 2513)
( 2424, -1)
( 2425, -1)
( 2427, -1)
( 2428, -1)
( 2433, 13)
( 2434, -1)
( 2441, 1737)
( 2442, -1)
( 2443, 1633)
( 2444, -1)
( 2445, -1)
( 2446, 1876)
( 2447, 2590)
( 2449, 2358)
( 2451, 304)
( 2452, -1)
( 2456, -1)
( 2458, -1)
( 2464, -1)
( 2467, 951)
( 2469, -1)
( 2470, 1447)
( 2472, -1)
( 2476, -1)
( 2482, 587)
( 2485, -1)
( 2486, 2853)
( 2487, -1)
( 2488, 1467)
( 2494, 1805)
( 2495, 2499)
( 2498, 2094)
( 2500, -1)
( 2501, -1)
( 2504, -1)
( 2506, -1)
( 2508, -1)
( 2509, 2339)
( 2512, 2528)
( 2518, -1)
( 2519, 467)
( 2520, -1)
( 2521, -1)
( 2523, -1)
( 2524, 1727)
( 2526, -1)
( 2527, -1)
( 2528, 160)
( 2529, -1)
( 2533, 2351)
( 2534, 2290)
( 2536, -1)
( 2538, 2120)
( 2539, 435)
( 2545, 1015)
( 2546, 1366)
( 2549, 1759)
( 2552, -1)
( 2553, 1025)
( 2555, 1933)
( 2556, -1)
( 2559, -1)
( 2561, -1)
( 2562, -1)
( 2564, -1)
( 2565, 2432)
( 2566, 2175)
( 2567, 453)
( 2568, -1)
( 2570, 120)
( 2571, 1953)
( 2572, -1)
( 2573, -1)
( 2575, -1)
( 2577, -1)
( 2578, -1)
( 2579, -1)
( 2580, -1)
( 2581, -1)
( 2582, 986)
( 2584, -1)
( 2586, -1)
( 2587, 1539)
( 2589, -1)
( 2590, 1952)
( 2594, -1)
( 2595, -1)
( 2596, -1)
( 2597, -1)
( 2598, -1)
( 2599, 1930)
( 2600, 1839)
( 2602, -1)
( 2603, 2830)
( 2604, -1)
( 2605, 1211)
( 2610, -1)
( 2611, 1359)
( 2613, 1169)
( 2614, -1)
( 2623, -1)
( 2627, -1)
( 2628, 919)
( 2629, -1)
( 2631, 2292)
( 2632, -1)
( 2634, -1)
( 2635, -1)
( 2636, -1)
( 2637, 2182)
( 2638, 2961)
( 2640, -1)
( 2641, 2959)
( 2642, 1705)
( 2644, -1)
( 2645, -1)
( 2646, -1)
( 2647, 130)
( 2652, -1)
( 2657, -1)
( 2660, 918)
( 2661, 335)
( 2663, -1)
( 2664, -1)
( 2665, 289)
( 2666, -1)
( 2670, -1)
( 2672, -1)
( 2673, -1)
( 2676, 1744)
( 2677, -1)
( 2678, 1987)
( 2679, -1)
( 2681, 666)
( 2682, 1131)
( 2684, 1669)
( 2688, 2145)
( 2691, 93)
( 2695, -1)
( 2696, 2667)
( 2699, 1100)
( 2700, 1407)
( 2701, -1)
( 2703, 2748)
( 2704, 2188)
( 2708, -1)
( 2710, 65)
( 2715, -1)
( 2723, -1)
( 2725, -1)
( 2728, 508)
( 2729, -1)
( 2732, -1)
( 2734, 1548)
( 2735, 2829)
( 2737, 589)
( 2738, -1)
( 2739, -1)
( 2741, -1)
( 2742, 1872)
( 2744, 1845)
( 2745, -1)
( 2746, -1)
( 2751, 2411)
( 2753, -1)
( 2754, -1)
( 2758, 2885)
( 2762, -1)
( 2764, -1)
( 2765, 2330)
( 2766, 2871)
( 2767, 2888)
( 2769, 1789)
( 2770, 654)
( 2771, -1)
( 2772, -1)
( 2774, 1613)
( 2777, -1)
( 2780, 1307)
( 2781, -1)
( 2783, 123)
( 2784, 1867)
( 2785, -1)
( 2786, -1)
( 2787, 1525)
( 2788, 716)
( 2790, 821)
( 2791, 490)
( 2792, -1)
( 2795, -1)
( 2796, 622)
( 2797, 2861)
( 2799, 1503)
( 2802, 1761)
( 2803, 1384)
( 2804, 2475)
( 2806, 2835)
( 2807, 602)
( 2810, -1)
( 2818, -1)
( 2821, 74)
( 2823, 582)
( 2824, 2284)
( 2825, -1)
( 2828, 2409)
( 2829, -1)
( 2831, 1236)
( 2835, -1)
( 2836, -1)
( 2837, 2846)
( 2838, -1)
( 2840, -1)
( 2845, -1)
( 2846, -1)
( 2849, 1519)
( 2853, 839)
( 2855, -1)
( 2859, -1)
( 2860, -1)
( 2861, 2157)
( 2865, -1)
( 2869, 832)
( 2870, -1)
( 2872, 655)
( 2874, -1)
( 2879, -1)
( 2881, 1048)
( 2884, 1339)
( 2885, -1)
( 2887, -1)
( 2888, -1)
( 2893, -1)
( 2901, -1)
( 2902, -1)
( 2905, -1)
( 2907, 2075)
( 2909, -1)
( 2910, 42)
( 2911, 2633)
( 2912, 247)
( 2915, -1)
( 2916, 694)
( 2917, -1)
( 2923, 1481)
( 2925, 1420)
( 2926, 342)
( 2928, -1)
( 2932, -1)
( 2934, -1)
( 2936, -1)
( 2937, 516)
( 2938, -1)
( 2939, 2426)
( 2940, 2451)
( 2941, -1)
( 2942, -1)
( 2944, 779)
( 2946, -1)
( 2948, 2756)
( 2949, -1)
( 2950, -1)
( 2952, -1)
( 2954, -1)
( 2955, -1)
( 2956, 1369)
( 2959, -1)
( 2964, -1)
( 2965, 2918)
( 2967, 1971)
( 2968, 2534)
( 2970, -1)
( 2971, -1)
( 2972, -1)
( 2973, -1)
( 2974, 1565)
( 2975, -1)
( 2980, 2169)
( 2984, -1)
( 2990, -1)
( 2991, -1)
( 2993, -1)
( 2995, -1)
( 2996, 495)
( 2997, 2293)
( 3000, 469)
