( passenger, driver )
( 3247, 3881)
( 3228, 3881)
( 3230, 4586)
( 1240, 1695)
( 3232, 3881)
( 3233, 3881)
( 3237, 3881)
( 3245, 3881)
( 3250, 3881)
( 3251, 3881)
( 3253, 3881)
( 3255, 3881)
( 3262, 116)
( 3205, 116)
( 3176, 3881)
( 3182, 116)
( 3183, 3881)
( 3185, 116)
( 3187, 3881)
( 3189, 3881)
( 3193, 3881)
( 3196, 116)
( 3199, 3881)
( 3208, 116)
( 3210, 3881)
( 3212, 3881)
( 3213, 3881)
( 3217, 116)
( 3219, 3881)
( 3223, 116)
( 3307, 3881)
( 3320, 116)
( 3322, 3881)
( 3325, 3881)
( 3336, 3881)
( 3338, 3881)
( 3306, 3881)
( 3340, 3881)
( 3341, 116)
( 3343, 3881)
( 3345, 3881)
( 3350, 3881)
( 3352, 3881)
( 3280, 116)
( 1202, 1695)
( 1200, 1695)
( 3268, 3881)
( 3272, 3881)
( 3278, 3881)
( 3279, 3881)
( 3284, 3881)
( 3285, 3881)
( 3294, 3881)
( 3296, 3881)
( 3299, 3881)
( 3301, 3881)
( 3303, 3881)
( 3305, 116)
( 3053, 3881)
( 3024, 3881)
( 3040, 116)
( 3041, 116)
( 3043, 3881)
( 3044, 116)
( 3046, 116)
( 3048, 3881)
( 3067, 3881)
( 3073, 3881)
( 3074, 3881)
( 3076, 3881)
( 3080, 116)
( 3083, 3881)
( 1362, 1695)
( 2999, 116)
( 2969, 3881)
( 2972, 116)
( 2973, 3881)
( 2998, 116)
( 3089, 3881)
( 3004, 116)
( 3020, 3881)
( 3165, 3881)
( 3134, 116)
( 3140, 3881)
( 3143, 3881)
( 3146, 116)
( 3148, 3881)
( 3157, 116)
( 3164, 116)
( 3133, 116)
( 3167, 3881)
( 3169, 116)
( 3170, 3881)
( 3172, 3881)
( 3173, 3881)
( 3174, 116)
( 3108, 116)
( 3096, 3881)
( 3097, 3881)
( 1354, 1695)
( 3099, 3881)
( 3102, 3881)
( 3105, 3881)
( 3106, 116)
( 3353, 116)
( 3116, 3881)
( 1336, 1695)
( 3119, 116)
( 3122, 116)
( 3123, 3881)
( 3126, 3881)
( 3127, 3881)
( 3683, 116)
( 3685, 3881)
( 3686, 3881)
( 3688, 3881)
( 3690, 3881)
( 3691, 3881)
( 3693, 116)
( 3701, 3881)
( 3702, 3881)
( 3675, 3881)
( 3705, 3881)
( 3716, 3881)
( 3721, 116)
( 3723, 116)
( 3732, 3881)
( 3734, 116)
( 3741, 3881)
( 3750, 116)
( 3752, 3881)
( 3646, 116)
( 3625, 3881)
( 3631, 3881)
( 3632, 3881)
( 3634, 116)
( 925, 1695)
( 3640, 3881)
( 923, 645)
( 3645, 3881)
( 3757, 116)
( 3650, 116)
( 3656, 3881)
( 3657, 116)
( 3659, 3881)
( 3662, 116)
( 3666, 116)
( 3670, 116)
( 900, 645)
( 898, 645)
( 3861, 3881)
( 3827, 3881)
( 3828, 3881)
( 3830, 116)
( 3833, 116)
( 3836, 3881)
( 3837, 116)
( 782, 645)
( 3855, 116)
( 3856, 3881)
( 3860, 3881)
( 791, 645)
( 3867, 3881)
( 3871, 3881)
( 3872, 116)
( 3873, 3881)
( 759, 645)
( 3874, 3881)
( 756, 645)
( 3878, 116)
( 3879, 116)
( 752, 645)
( 3884, 3881)
( 3797, 3881)
( 3758, 116)
( 3764, 116)
( 3766, 116)
( 3768, 116)
( 3769, 3881)
( 830, 645)
( 3781, 3881)
( 3782, 3881)
( 3785, 3881)
( 3793, 116)
( 3795, 3881)
( 939, 1695)
( 3798, 116)
( 3800, 116)
( 3802, 116)
( 3804, 3881)
( 806, 1695)
( 3810, 116)
( 3813, 3881)
( 3436, 116)
( 1088, 645)
( 3410, 116)
( 3411, 116)
( 3416, 3881)
( 3421, 116)
( 3425, 3881)
( 3431, 3881)
( 3432, 116)
( 3433, 3881)
( 3406, 3881)
( 1067, 645)
( 3437, 116)
( 3445, 3881)
( 3447, 3881)
( 3448, 116)
( 3449, 3881)
( 3450, 3881)
( 3451, 116)
( 3457, 116)
( 3458, 3881)
( 3355, 3881)
( 3359, 116)
( 3362, 116)
( 3365, 3881)
( 3377, 116)
( 3378, 116)
( 3385, 116)
( 3389, 116)
( 1101, 645)
( 1099, 645)
( 3396, 116)
( 3397, 3881)
( 3401, 3881)
( 3402, 116)
( 3404, 116)
( 3577, 116)
( 3550, 3881)
( 984, 1695)
( 981, 1695)
( 3564, 3881)
( 978, 645)
( 3567, 116)
( 3568, 116)
( 973, 1695)
( 3570, 3881)
( 3573, 3881)
( 3574, 116)
( 3549, 3881)
( 3580, 116)
( 3583, 3881)
( 3593, 3881)
( 951, 645)
( 3601, 3881)
( 946, 645)
( 3613, 3881)
( 3512, 3881)
( 3464, 3881)
( 3469, 3881)
( 3471, 3881)
( 3472, 3881)
( 3485, 3881)
( 3487, 3881)
( 3501, 116)
( 3502, 3881)
( 2967, 3881)
( 1011, 645)
( 3522, 3881)
( 3527, 116)
( 3531, 3881)
( 3537, 3881)
( 3542, 3881)
( 3544, 3881)
( 3545, 3881)
( 2417, 3881)
( 2399, 3881)
( 2400, 3881)
( 2402, 3881)
( 1942, 116)
( 2406, 3881)
( 1935, 3881)
( 2412, 116)
( 2414, 3881)
( 1947, 3881)
( 2420, 3881)
( 1925, 3881)
( 1920, 3881)
( 1917, 3881)
( 1916, 3881)
( 1914, 3881)
( 1912, 3881)
( 2435, 3881)
( 2437, 3881)
( 2441, 3881)
( 2368, 3881)
( 2340, 3881)
( 2342, 3881)
( 2344, 116)
( 1986, 3881)
( 2346, 3881)
( 1983, 3881)
( 2348, 3881)
( 2358, 3881)
( 1976, 3881)
( 2362, 3881)
( 2364, 3881)
( 2444, 3881)
( 2376, 116)
( 2379, 116)
( 2381, 116)
( 1958, 3881)
( 1951, 3881)
( 2392, 3881)
( 1948, 3881)
( 1847, 3881)
( 2491, 116)
( 1860, 3881)
( 2494, 116)
( 2496, 116)
( 2504, 3881)
( 2506, 116)
( 1850, 3881)
( 2508, 116)
( 1848, 3881)
( 2489, 116)
( 1846, 116)
( 2510, 116)
( 2516, 3881)
( 2519, 3881)
( 1834, 116)
( 2525, 116)
( 2528, 116)
( 2530, 3881)
( 2531, 3881)
( 1828, 3881)
( 2537, 3881)
( 2472, 3881)
( 2446, 3881)
( 2451, 116)
( 1898, 3881)
( 1895, 3881)
( 1893, 3881)
( 2455, 116)
( 2456, 3881)
( 2459, 116)
( 2469, 116)
( 2339, 116)
( 2475, 3881)
( 2477, 3881)
( 1874, 3881)
( 2483, 116)
( 2485, 116)
( 1866, 3881)
( 2488, 116)
( 2087, 3881)
( 2109, 3881)
( 2199, 116)
( 2104, 3881)
( 2103, 3881)
( 2100, 3881)
( 2202, 3881)
( 2207, 116)
( 2212, 3881)
( 2093, 3881)
( 2088, 3881)
( 2192, 3881)
( 2085, 116)
( 2084, 116)
( 2083, 3881)
( 2082, 3881)
( 2081, 3881)
( 2220, 3881)
( 2221, 3881)
( 2076, 3881)
( 2225, 3881)
( 2231, 3881)
( 2239, 116)
( 2130, 3881)
( 2149, 3881)
( 2147, 116)
( 2152, 3881)
( 2145, 3881)
( 2143, 3881)
( 2159, 3881)
( 2138, 3881)
( 2137, 3881)
( 2164, 3881)
( 2166, 3881)
( 2133, 3881)
( 2065, 3881)
( 2128, 116)
( 2177, 3881)
( 2180, 3881)
( 2181, 3881)
( 2185, 116)
( 2118, 3881)
( 2187, 116)
( 2188, 3881)
( 2189, 116)
( 2191, 3881)
( 2314, 3881)
( 2297, 116)
( 2299, 3881)
( 2020, 3881)
( 2302, 3881)
( 2306, 3881)
( 2016, 3881)
( 2307, 116)
( 2310, 3881)
( 2311, 3881)
( 2313, 3881)
( 2027, 3881)
( 2316, 3881)
( 2008, 3881)
( 2003, 3881)
( 2322, 3881)
( 2000, 3881)
( 1996, 3881)
( 2332, 3881)
( 2336, 3881)
( 2269, 116)
( 2243, 3881)
( 2061, 3881)
( 2059, 3881)
( 2056, 3881)
( 2252, 3881)
( 2254, 116)
( 2256, 3881)
( 2262, 116)
( 2264, 3881)
( 2266, 3881)
( 2538, 3881)
( 2271, 3881)
( 2044, 3881)
( 2277, 3881)
( 2041, 3881)
( 2040, 3881)
( 2279, 3881)
( 2282, 116)
( 2035, 116)
( 2032, 3881)
( 2843, 116)
( 2808, 116)
( 2810, 116)
( 2817, 3881)
( 2819, 3881)
( 2823, 3881)
( 2826, 3881)
( 2831, 3881)
( 2845, 116)
( 2846, 116)
( 2847, 3881)
( 2850, 116)
( 2855, 116)
( 1555, 1695)
( 2864, 116)
( 2865, 116)
( 2866, 3881)
( 2785, 116)
( 2745, 116)
( 2752, 3881)
( 2757, 3881)
( 2760, 3881)
( 2761, 3881)
( 2763, 3881)
( 2768, 116)
( 2781, 3881)
( 1547, 1695)
( 2793, 3881)
( 2795, 116)
( 2797, 3881)
( 2803, 116)
( 2804, 3881)
( 2926, 116)
( 1501, 1695)
( 2932, 3881)
( 2933, 116)
( 1492, 1695)
( 2922, 3881)
( 2941, 3881)
( 2945, 3881)
( 2946, 3881)
( 2949, 116)
( 2950, 3881)
( 2961, 3881)
( 2963, 3881)
( 2868, 3881)
( 2872, 3881)
( 2873, 3881)
( 2874, 116)
( 2877, 3881)
( 2884, 116)
( 2885, 116)
( 2888, 3881)
( 2894, 116)
( 2743, 3881)
( 2897, 3881)
( 2899, 3881)
( 2902, 4508)
( 2903, 3881)
( 2908, 3881)
( 2912, 116)
( 2918, 3881)
( 2919, 116)
( 2921, 116)
( 1752, 3881)
( 2589, 3881)
( 2593, 116)
( 1772, 3881)
( 2600, 3881)
( 2604, 3881)
( 1763, 116)
( 1762, 3881)
( 2605, 3881)
( 2610, 3881)
( 1753, 116)
( 2587, 116)
( 2617, 3881)
( 1745, 116)
( 1743, 116)
( 2622, 116)
( 1740, 3881)
( 2625, 116)
( 2627, 3881)
( 2629, 116)
( 2565, 116)
( 2541, 3881)
( 2543, 3881)
( 2548, 116)
( 2551, 3881)
( 2553, 3881)
( 1810, 3881)
( 2562, 3881)
( 2563, 3881)
( 2631, 116)
( 1798, 3881)
( 1794, 3881)
( 2575, 3881)
( 2577, 3881)
( 1787, 3881)
( 2583, 116)
( 1783, 3881)
( 2585, 3881)
( 2586, 116)
( 1682, 3881)
( 2695, 3881)
( 2696, 3881)
( 1674, 3881)
( 2703, 3881)
( 1671, 3881)
( 2708, 116)
( 2718, 3881)
( 2723, 116)
( 2724, 116)
( 2725, 3881)
( 2727, 3881)
( 1646, 116)
( 2662, 1519)
( 2632, 3881)
( 2634, 116)
( 2637, 3881)
( 2638, 3881)
( 2643, 3881)
( 2649, 3881)
( 2652, 116)
( 2657, 116)
( 2661, 3881)
( 5000, 116)
( 1707, 3881)
( 2669, 3881)
( 1702, 3881)
( 2676, 3881)
( 2682, 116)
( 2687, 3881)
( 1687, 3881)
( 1686, 3881)
( 190, 429)
( 4224, 3881)
( 4219, 3881)
( 511, 645)
( 199, 429)
( 4708, 116)
( 4211, 116)
( 518, 645)
( 519, 645)
( 4209, 116)
( 4710, 3881)
( 193, 429)
( 4204, 116)
( 4201, 116)
( 527, 645)
( 528, 645)
( 4702, 3881)
( 189, 429)
( 187, 429)
( 4192, 3881)
( 183, 429)
( 4726, 3881)
( 4179, 3881)
( 179, 429)
( 541, 645)
( 4729, 3881)
( 4177, 3881)
( 4732, 116)
( 4733, 116)
( 4172, 116)
( 548, 645)
( 4256, 116)
( 4668, 3881)
( 224, 429)
( 4280, 3881)
( 4277, 116)
( 4274, 116)
( 4674, 116)
( 475, 645)
( 4271, 3881)
( 4269, 3881)
( 4678, 116)
( 479, 645)
( 219, 429)
( 218, 429)
( 217, 429)
( 4263, 116)
( 4736, 3881)
( 4255, 4586)
( 4252, 4508)
( 4684, 116)
( 211, 429)
( 4247, 3881)
( 209, 429)
( 4689, 116)
( 4691, 116)
( 4235, 116)
( 4234, 4586)
( 4232, 116)
( 4230, 3881)
( 4229, 3881)
( 4228, 116)
( 4782, 116)
( 4785, 3881)
( 4101, 3881)
( 4786, 116)
( 4100, 116)
( 4087, 116)
( 4086, 116)
( 4085, 3881)
( 602, 1695)
( 603, 645)
( 4077, 116)
( 608, 645)
( 4797, 3881)
( 4070, 116)
( 4781, 116)
( 125, 2032)
( 4061, 3881)
( 4059, 3881)
( 4819, 3881)
( 619, 1695)
( 4822, 116)
( 4825, 116)
( 4826, 3881)
( 622, 645)
( 623, 645)
( 624, 645)
( 626, 645)
( 627, 645)
( 4836, 3881)
( 4137, 3881)
( 4167, 116)
( 4737, 3881)
( 552, 645)
( 554, 645)
( 4161, 3881)
( 4744, 116)
( 558, 429)
( 560, 645)
( 4150, 3881)
( 4142, 3881)
( 4141, 116)
( 4761, 3881)
( 571, 645)
( 572, 429)
( 4287, 3881)
( 4133, 3881)
( 4764, 3881)
( 4129, 116)
( 4768, 116)
( 4128, 116)
( 4772, 116)
( 4119, 3881)
( 4774, 116)
( 150, 429)
( 4776, 3881)
( 148, 2032)
( 4111, 3881)
( 4108, 3881)
( 4107, 3881)
( 4550, 116)
( 4450, 3881)
( 307, 645)
( 4446, 116)
( 4444, 3881)
( 362, 645)
( 4540, 3881)
( 4442, 3881)
( 4441, 3881)
( 4440, 3881)
( 4543, 116)
( 4547, 116)
( 4436, 3881)
( 4435, 3881)
( 4434, 3881)
( 4548, 116)
( 4451, 116)
( 373, 645)
( 4432, 3881)
( 4431, 116)
( 4428, 116)
( 4424, 116)
( 4422, 116)
( 4420, 116)
( 4417, 116)
( 293, 429)
( 4557, 116)
( 4558, 116)
( 4565, 116)
( 286, 429)
( 285, 429)
( 4476, 116)
( 4512, 3881)
( 4511, 116)
( 4506, 3881)
( 326, 645)
( 321, 645)
( 4499, 116)
( 4498, 116)
( 4494, 116)
( 4493, 116)
( 4491, 116)
( 4490, 116)
( 4520, 116)
( 316, 645)
( 4481, 116)
( 4479, 3881)
( 4413, 116)
( 4475, 116)
( 4523, 3881)
( 4473, 3881)
( 4470, 3881)
( 4467, 3881)
( 4466, 3881)
( 4530, 116)
( 4463, 3881)
( 349, 645)
( 4462, 116)
( 352, 645)
( 353, 645)
( 309, 645)
( 4452, 3881)
( 4651, 3881)
( 426, 645)
( 431, 645)
( 4626, 3881)
( 435, 645)
( 4331, 3881)
( 4330, 3881)
( 4327, 3881)
( 4629, 4586)
( 4630, 116)
( 442, 645)
( 4637, 116)
( 4313, 3881)
( 4644, 116)
( 4310, 116)
( 451, 645)
( 251, 429)
( 4655, 116)
( 4659, 3881)
( 4303, 116)
( 4302, 116)
( 4660, 116)
( 4662, 3881)
( 4664, 3881)
( 460, 645)
( 4294, 3881)
( 462, 645)
( 464, 645)
( 4291, 116)
( 466, 645)
( 4666, 116)
( 4384, 116)
( 4411, 116)
( 4409, 2122)
( 4566, 116)
( 4404, 116)
( 4571, 3881)
( 4573, 116)
( 4399, 3881)
( 395, 645)
( 4397, 116)
( 4391, 116)
( 4586, 3881)
( 4587, 116)
( 401, 645)
( 4591, 116)
( 175, 429)
( 4383, 116)
( 4382, 3881)
( 4370, 3881)
( 4593, 3881)
( 4594, 4586)
( 264, 429)
( 4360, 3881)
( 4600, 3881)
( 262, 429)
( 416, 645)
( 4609, 3881)
( 255, 429)
( 4612, 116)
( 4613, 116)
( 4019, 3881)
( 727, 645)
( 3918, 3881)
( 4965, 116)
( 646, 645)
( 4952, 3881)
( 3936, 3881)
( 3917, 3881)
( 3946, 3881)
( 3954, 3881)
( 4035, 3881)
( 681, 645)
( 4941, 116)
( 730, 645)
( 672, 645)
( 3939, 3881)
( 3945, 116)
( 3914, 3881)
( 3913, 116)
( 4910, 3881)
( 642, 1695)
( 14, 2810)
( 4963, 3881)
( 641, 645)
( 4039, 3881)
( 4939, 3881)
( 3982, 3881)
( 4985, 3881)
( 3989, 3881)
( 67, 2810)
( 3932, 116)
( 4870, 116)
( 3950, 3881)
( 3993, 116)
( 3931, 3881)
( 3929, 3881)
( 4024, 3881)
( 4868, 116)
( 4904, 3881)
( 4026, 3881)
( 3990, 3881)
( 666, 645)
( 701, 1695)
( 3988, 3881)
( 4873, 116)
( 649, 645)
( 4974, 3881)
( 4977, 116)
( 4021, 116)
( 4978, 3881)
( 4979, 3881)
( 4861, 3881)
( 4906, 116)
( 4029, 3881)
( 3923, 3881)
( 712, 645)
( 4919, 3881)
( 697, 1695)
( 4920, 3881)
( 3970, 116)
( 667, 645)
( 4045, 116)
( 4956, 3881)
( 710, 645)
( 4922, 3881)
( 4892, 116)
( 3902, 116)
( 4992, 116)
( 4844, 116)
( 3901, 3881)
( 634, 645)
( 4994, 3881)
( 632, 645)
( 4842, 3881)
( 3966, 3881)
( 4841, 116)
( 3896, 116)
( 4005, 3881)
( 3977, 3881)
( 4959, 116)
( 3887, 3881)
( 3889, 3881)
( 3911, 3881)
( 660, 645)
( 4954, 3881)
( 3963, 3881)
( 3910, 3881)
( 4929, 116)
( 4838, 116)
( 3978, 116)
( 631, 645)
( 4044, 116)
( 4930, 3881)
( 4995, 3881)
( 738, 645)
( 637, 429)
( 2219, 891)
( 2216, 387)
( 2204, 891)
( 4607, 4870)
( 4610, 4084)
( 2690, 3297)
( 2721, 387)
( 4588, 4870)
( 2668, 891)
( 2688, 3297)
( 2709, 891)
( 2704, 4084)
( 2217, 891)
( 4596, 4870)
( 2701, 891)
( 4598, 4084)
( 2218, 387)
( 2214, 891)
( 2706, 891)
( 2707, 891)
( 4592, 3245)
( 4950, 3245)
( 2716, 3297)
( 4953, 3245)
( 2209, 891)
( 4955, 3245)
( 4602, 3245)
( 2694, 3297)
( 4590, 4870)
( 4605, 4084)
( 4606, 3245)
( 2693, 891)
( 2227, 891)
( 4938, 3245)
( 2648, 891)
( 2647, 3297)
( 2645, 387)
( 2644, 891)
( 4640, 3245)
( 2641, 387)
( 2639, 4084)
( 4641, 3245)
( 2226, 891)
( 4643, 3245)
( 2636, 387)
( 2635, 4084)
( 2650, 891)
( 2228, 891)
( 4936, 3245)
( 4646, 3245)
( 2233, 891)
( 2630, 891)
( 4653, 3245)
( 2628, 4084)
( 4654, 4870)
( 2626, 891)
( 2234, 3297)
( 2235, 891)
( 2258, 891)
( 2236, 387)
( 2681, 4084)
( 2679, 3297)
( 2678, 891)
( 4949, 3245)
( 4614, 4870)
( 4948, 4870)
( 2674, 891)
( 2673, 3297)
( 2671, 891)
( 4618, 3245)
( 2670, 891)
( 4947, 3245)
( 4620, 4870)
( 2683, 3297)
( 2665, 3297)
( 4621, 3245)
( 2664, 891)
( 4946, 3245)
( 4943, 3245)
( 4627, 3245)
( 4940, 3245)
( 4628, 3245)
( 2222, 891)
( 2658, 387)
( 2223, 387)
( 4634, 3245)
( 2170, 891)
( 4988, 4870)
( 2824, 891)
( 4532, 3245)
( 2821, 891)
( 4533, 3245)
( 4984, 3245)
( 2167, 387)
( 2818, 3297)
( 2168, 891)
( 4982, 4870)
( 2169, 387)
( 2815, 387)
( 2814, 4084)
( 2812, 3297)
( 4534, 4870)
( 2827, 891)
( 2174, 891)
( 2809, 4084)
( 4535, 3245)
( 4537, 4870)
( 2806, 891)
( 2805, 4084)
( 2175, 387)
( 4542, 4870)
( 2176, 891)
( 4545, 4870)
( 2802, 4084)
( 2801, 891)
( 4981, 3245)
( 2157, 845)
( 2501, 891)
( 2858, 4084)
( 4513, 4084)
( 2151, 387)
( 2856, 4084)
( 4999, 4870)
( 4996, 4870)
( 4514, 3245)
( 2849, 387)
( 2153, 387)
( 4516, 4870)
( 4517, 4870)
( 2844, 3297)
( 2156, 891)
( 2800, 891)
( 2841, 891)
( 2158, 891)
( 2840, 387)
( 2836, 387)
( 2835, 4084)
( 4993, 4870)
( 2834, 891)
( 2833, 4084)
( 2832, 387)
( 4990, 3245)
( 4525, 3245)
( 2829, 4084)
( 2162, 387)
( 4529, 3245)
( 2738, 4084)
( 4966, 3245)
( 2195, 891)
( 2756, 387)
( 2196, 891)
( 2755, 4084)
( 2751, 3297)
( 2750, 891)
( 2748, 387)
( 4961, 3245)
( 2746, 891)
( 4567, 3245)
( 2744, 3497)
( 4572, 3245)
( 2740, 891)
( 2200, 387)
( 4564, 3245)
( 2737, 891)
( 2201, 891)
( 2736, 891)
( 4958, 4870)
( 2734, 891)
( 2733, 891)
( 4578, 3245)
( 2730, 387)
( 2729, 891)
( 4580, 3245)
( 2726, 3297)
( 4581, 3245)
( 4582, 4870)
( 4583, 4084)
( 2787, 891)
( 2798, 3297)
( 4549, 4870)
( 2796, 3297)
( 4551, 4084)
( 4553, 3245)
( 4555, 3245)
( 2792, 4084)
( 2186, 891)
( 4973, 3245)
( 2790, 387)
( 4972, 3245)
( 2789, 3297)
( 2788, 891)
( 4971, 3245)
( 2203, 387)
( 2190, 891)
( 4970, 3245)
( 2784, 3297)
( 4556, 4870)
( 2780, 4084)
( 2779, 3297)
( 2776, 4084)
( 4968, 3245)
( 2773, 4084)
( 2193, 891)
( 2767, 4084)
( 4563, 4870)
( 4860, 3245)
( 2330, 891)
( 2331, 387)
( 4765, 4870)
( 4865, 4870)
( 2473, 387)
( 4863, 3245)
( 2471, 891)
( 2470, 387)
( 2333, 891)
( 2464, 4084)
( 2463, 387)
( 2334, 387)
( 2460, 891)
( 4862, 3245)
( 2458, 387)
( 2478, 387)
( 4777, 4870)
( 2454, 891)
( 4854, 3245)
( 4778, 4870)
( 2453, 3297)
( 2343, 387)
( 4853, 4870)
( 2452, 3297)
( 4852, 3245)
( 2450, 891)
( 4784, 4870)
( 2445, 3297)
( 2345, 387)
( 4851, 3245)
( 2443, 4084)
( 4748, 4870)
( 4881, 3245)
( 4880, 4870)
( 2505, 891)
( 4878, 3245)
( 2498, 891)
( 2497, 3297)
( 4739, 4870)
( 4876, 3245)
( 4743, 3245)
( 4874, 4870)
( 2319, 387)
( 4745, 3245)
( 2320, 891)
( 2493, 387)
( 4747, 4870)
( 4850, 3245)
( 4749, 3245)
( 2486, 387)
( 4750, 4870)
( 4753, 1547)
( 4872, 4870)
( 2484, 387)
( 4754, 3245)
( 2482, 891)
( 2323, 891)
( 4758, 4870)
( 4760, 3245)
( 2480, 891)
( 4763, 4870)
( 2325, 387)
( 2479, 4084)
( 2388, 891)
( 4808, 3245)
( 2408, 387)
( 4809, 4870)
( 2405, 891)
( 2404, 387)
( 2403, 3297)
( 2359, 387)
( 4811, 4870)
( 4813, 3245)
( 4814, 4870)
( 4817, 3245)
( 2360, 891)
( 2361, 891)
( 2396, 891)
( 4824, 4870)
( 4847, 4277)
( 2387, 3297)
( 2386, 387)
( 2385, 3297)
( 2384, 3297)
( 2383, 891)
( 2382, 387)
( 4827, 3245)
( 4829, 4870)
( 4831, 4870)
( 2369, 4084)
( 2377, 387)
( 4832, 3245)
( 2370, 891)
( 4837, 4870)
( 2373, 3297)
( 2432, 891)
( 4787, 4870)
( 2440, 3297)
( 2438, 3297)
( 4788, 4277)
( 2436, 387)
( 4849, 4870)
( 4789, 4277)
( 4791, 4870)
( 2351, 3297)
( 2352, 891)
( 4792, 3245)
( 2353, 891)
( 2434, 3297)
( 4794, 3245)
( 4796, 3245)
( 4735, 4870)
( 2357, 891)
( 2430, 891)
( 2429, 387)
( 2428, 891)
( 2423, 387)
( 2422, 891)
( 4799, 4870)
( 2421, 891)
( 4801, 4870)
( 4802, 3245)
( 4848, 3245)
( 4803, 4870)
( 2413, 891)
( 4805, 4870)
( 2409, 3297)
( 2584, 891)
( 2599, 891)
( 2598, 891)
( 4909, 3245)
( 2597, 3297)
( 2596, 891)
( 4683, 3245)
( 2595, 891)
( 4908, 4870)
( 2591, 387)
( 2590, 3297)
( 4685, 4870)
( 2588, 387)
( 2275, 891)
( 4907, 4870)
( 4688, 3245)
( 4682, 3245)
( 4905, 3245)
( 4690, 3245)
( 2582, 891)
( 2581, 387)
( 2578, 891)
( 4694, 4870)
( 4698, 4870)
( 2574, 891)
( 2278, 891)
( 2573, 387)
( 2280, 387)
( 4701, 3245)
( 4901, 3245)
( 2572, 387)
( 4900, 4870)
( 4918, 4870)
( 2624, 891)
( 2240, 387)
( 4665, 4870)
( 4927, 3245)
( 2621, 891)
( 4925, 4277)
( 2245, 891)
( 4923, 4870)
( 2247, 891)
( 2249, 891)
( 2616, 4084)
( 2614, 4084)
( 2613, 891)
( 2612, 891)
( 4671, 4870)
( 2570, 387)
( 2611, 3297)
( 2372, 4084)
( 2259, 891)
( 4677, 4870)
( 2609, 891)
( 2608, 3297)
( 2607, 891)
( 4917, 4870)
( 2606, 891)
( 2263, 891)
( 4916, 4870)
( 4912, 3245)
( 4680, 3245)
( 2603, 891)
( 2601, 891)
( 2305, 3297)
( 2542, 387)
( 4891, 4870)
( 4719, 4870)
( 4890, 3245)
( 2533, 3297)
( 2532, 891)
( 4720, 3245)
( 4722, 4870)
( 4723, 3245)
( 2527, 387)
( 4725, 4870)
( 4889, 3245)
( 2523, 891)
( 2522, 891)
( 2521, 387)
( 2545, 891)
( 4727, 3245)
( 4888, 3245)
( 2515, 3297)
( 2513, 3297)
( 4887, 4870)
( 2512, 891)
( 2511, 387)
( 4885, 4870)
( 2509, 891)
( 4730, 4870)
( 2309, 891)
( 2976, 4084)
( 4883, 4870)
( 4734, 4870)
( 4882, 3245)
( 2556, 891)
( 2568, 891)
( 4705, 3245)
( 2283, 891)
( 2567, 387)
( 2566, 387)
( 4706, 3245)
( 4899, 3245)
( 2289, 387)
( 4709, 3245)
( 2290, 891)
( 2560, 3297)
( 2291, 891)
( 2558, 387)
( 2557, 387)
( 2294, 891)
( 4932, 4870)
( 2555, 3297)
( 4896, 4870)
( 2554, 891)
( 4712, 3245)
( 4715, 4870)
( 2552, 891)
( 2295, 387)
( 4716, 4870)
( 2549, 3297)
( 2296, 891)
( 4894, 3245)
( 2298, 891)
( 4718, 4870)
( 2546, 387)
( 3515, 4084)
( 4057, 4084)
( 3503, 4084)
( 3504, 3297)
( 3508, 4084)
( 3509, 387)
( 3510, 387)
( 3511, 4084)
( 3513, 4084)
( 3514, 4084)
( 4058, 4870)
( 3517, 4084)
( 3521, 3297)
( 4054, 4084)
( 3529, 4084)
( 3530, 4084)
( 3534, 4084)
( 3535, 4870)
( 3489, 4084)
( 3468, 4084)
( 3470, 4084)
( 4069, 4870)
( 4068, 3497)
( 3474, 3297)
( 3476, 4084)
( 4064, 4870)
( 3486, 3297)
( 4063, 4870)
( 3536, 4084)
( 3490, 4084)
( 3492, 4084)
( 3495, 387)
( 3496, 387)
( 3497, 4084)
( 3498, 4084)
( 3499, 4084)
( 3500, 4084)
( 3591, 3297)
( 4037, 4084)
( 3576, 4084)
( 4034, 4084)
( 3581, 4084)
( 3582, 4084)
( 4031, 4084)
( 3584, 4084)
( 3586, 4084)
( 3588, 4084)
( 3572, 4870)
( 3592, 4084)
( 3594, 4870)
( 3598, 3297)
( 3599, 4084)
( 4028, 4870)
( 4027, 4084)
( 3603, 3297)
( 4022, 4870)
( 3556, 4084)
( 4053, 4870)
( 3540, 4084)
( 4052, 4870)
( 4050, 4084)
( 3548, 3297)
( 4049, 4870)
( 3552, 4084)
( 3555, 4084)
( 3467, 3497)
( 3557, 4084)
( 3559, 4084)
( 3563, 4084)
( 4043, 4084)
( 3565, 4084)
( 3566, 4084)
( 4038, 4084)
( 3571, 3297)
( 3392, 4084)
( 3371, 387)
( 4140, 4870)
( 4139, 4870)
( 3372, 891)
( 4135, 4084)
( 3383, 891)
( 3384, 4084)
( 4132, 4084)
( 3390, 4084)
( 3367, 4084)
( 3394, 4084)
( 4126, 4870)
( 3395, 891)
( 4125, 4870)
( 4123, 4870)
( 3398, 4084)
( 3399, 4084)
( 3400, 891)
( 3346, 4084)
( 3337, 3297)
( 4165, 4084)
( 4164, 4084)
( 3339, 4084)
( 4163, 4084)
( 4160, 4870)
( 4159, 4084)
( 4158, 4084)
( 4118, 4870)
( 3349, 3297)
( 4157, 4870)
( 4156, 4870)
( 4154, 4870)
( 4151, 4870)
( 3357, 387)
( 4144, 4084)
( 3364, 387)
( 3456, 4084)
( 4094, 4870)
( 4090, 4084)
( 3441, 4084)
( 3442, 387)
( 4081, 4084)
( 4079, 4084)
( 4076, 4870)
( 3452, 4084)
( 3455, 3297)
( 4095, 4084)
( 4075, 4870)
( 4074, 4870)
( 3459, 4084)
( 3460, 3297)
( 3461, 387)
( 3463, 4084)
( 4072, 4870)
( 3465, 4084)
( 3418, 4084)
( 4117, 4084)
( 3403, 4084)
( 4116, 4870)
( 4113, 4084)
( 3407, 4084)
( 3408, 387)
( 4105, 4870)
( 3417, 387)
( 3604, 4084)
( 3419, 387)
( 3420, 4084)
( 4103, 4870)
( 3424, 4084)
( 3427, 4084)
( 3429, 1547)
( 4099, 4870)
( 4096, 4084)
( 3791, 4084)
( 3778, 4870)
( 3780, 4870)
( 3941, 4870)
( 3783, 4084)
( 3786, 4870)
( 3787, 4084)
( 3788, 4084)
( 3789, 4084)
( 3790, 3297)
( 3777, 4084)
( 3940, 4870)
( 3937, 4084)
( 3935, 4870)
( 3801, 4084)
( 3934, 4870)
( 3933, 4084)
( 3805, 4870)
( 3808, 4084)
( 3951, 4870)
( 3736, 4870)
( 3738, 4084)
( 3739, 4084)
( 3740, 3297)
( 3742, 4084)
( 3745, 4084)
( 3749, 4084)
( 3953, 4084)
( 3809, 4084)
( 3765, 4084)
( 3947, 4870)
( 3767, 4084)
( 3771, 4084)
( 3772, 4084)
( 3774, 4870)
( 3944, 4084)
( 3775, 4084)
( 3903, 4870)
( 3850, 4870)
( 3852, 4084)
( 3853, 4084)
( 3854, 4084)
( 3859, 4870)
( 3904, 4870)
( 3863, 4084)
( 3864, 4084)
( 3866, 4870)
( 3847, 4084)
( 3870, 4870)
( 3900, 4870)
( 3895, 4084)
( 3876, 4870)
( 3892, 4084)
( 3877, 4084)
( 3888, 3297)
( 3882, 4084)
( 3824, 4870)
( 3927, 4084)
( 3814, 4084)
( 3816, 4870)
( 3819, 4870)
( 3924, 4870)
( 3820, 4870)
( 3822, 4870)
( 3823, 4870)
( 3957, 4870)
( 3919, 4084)
( 3829, 4084)
( 3834, 4084)
( 3916, 4870)
( 3915, 4870)
( 3838, 4870)
( 3841, 4870)
( 3843, 4084)
( 3998, 4870)
( 3641, 4084)
( 3643, 4870)
( 4003, 4084)
( 3649, 4084)
( 4001, 4870)
( 3651, 4084)
( 3653, 4084)
( 3654, 4084)
( 3999, 4084)
( 4004, 4084)
( 3658, 3297)
( 3996, 4870)
( 3661, 4084)
( 3994, 4870)
( 3663, 4084)
( 3664, 4084)
( 3669, 4084)
( 3991, 4870)
( 3624, 3497)
( 3605, 4084)
( 3609, 4084)
( 3611, 3297)
( 3615, 3297)
( 4020, 4084)
( 3618, 4870)
( 3620, 3297)
( 3621, 4084)
( 3672, 4084)
( 4018, 4084)
( 3630, 4084)
( 4015, 4870)
( 4013, 4084)
( 4011, 4870)
( 3636, 4084)
( 3638, 4084)
( 4009, 3297)
( 3719, 3297)
( 3704, 4084)
( 3967, 4870)
( 3708, 4084)
( 3710, 4084)
( 3711, 4084)
( 3712, 4084)
( 3964, 4870)
( 3717, 4084)
( 3703, 4084)
( 3960, 4084)
( 3722, 4084)
( 3724, 3297)
( 3725, 3297)
( 3727, 4084)
( 3728, 4084)
( 3959, 4870)
( 3733, 4084)
( 3981, 4870)
( 3676, 4084)
( 3677, 4084)
( 3678, 4084)
( 3679, 4084)
( 3985, 4870)
( 3680, 3297)
( 3682, 4084)
( 3684, 4084)
( 3334, 4084)
( 3979, 4870)
( 3689, 4084)
( 3976, 3297)
( 3975, 4084)
( 3694, 4084)
( 3696, 4084)
( 3971, 4084)
( 3968, 4870)
( 3032, 3297)
( 3021, 4084)
( 3022, 4084)
( 3023, 4084)
( 4395, 4084)
( 4394, 4870)
( 3025, 4084)
( 3027, 891)
( 3029, 3297)
( 3030, 891)
( 4398, 4870)
( 3033, 1547)
( 3034, 891)
( 4389, 4870)
( 3037, 4084)
( 3039, 891)
( 4386, 4084)
( 4381, 4870)
( 4378, 4084)
( 3007, 4084)
( 2994, 4084)
( 2996, 4084)
( 4414, 4870)
( 2997, 891)
( 3002, 4084)
( 3003, 4084)
( 4408, 4870)
( 4405, 4084)
( 3006, 891)
( 4372, 4084)
( 4402, 4870)
( 3008, 4084)
( 4401, 4084)
( 3009, 1547)
( 3010, 4084)
( 3013, 3297)
( 3017, 891)
( 3019, 4084)
( 4342, 3497)
( 4349, 4084)
( 3081, 891)
( 3082, 891)
( 4346, 4870)
( 4345, 4870)
( 4344, 4084)
( 3090, 4084)
( 3093, 4084)
( 4343, 4870)
( 4350, 4084)
( 4341, 4084)
( 3098, 891)
( 4340, 4084)
( 4338, 4870)
( 4337, 4870)
( 4336, 4084)
( 3104, 4084)
( 4335, 4870)
( 3065, 4084)
( 3049, 3297)
( 3050, 4084)
( 4369, 4084)
( 3055, 4084)
( 3056, 4084)
( 3057, 891)
( 3060, 4084)
( 4364, 1547)
( 2992, 4084)
( 3070, 4084)
( 3071, 3297)
( 3072, 891)
( 4357, 3203)
( 4356, 4084)
( 4353, 4084)
( 3075, 4084)
( 4352, 4084)
( 4460, 4084)
( 2900, 387)
( 4472, 4084)
( 2906, 891)
( 2907, 387)
( 2913, 891)
( 2914, 3297)
( 2916, 891)
( 4464, 3245)
( 2917, 387)
( 2898, 387)
( 2929, 387)
( 4456, 4084)
( 4453, 4084)
( 2930, 891)
( 2931, 891)
( 4447, 3245)
( 2934, 891)
( 2935, 4084)
( 2879, 387)
( 2860, 3297)
( 4501, 4084)
( 2867, 387)
( 4497, 4870)
( 2870, 4084)
( 2871, 891)
( 2876, 387)
( 4489, 4870)
( 2937, 1547)
( 4488, 1547)
( 2887, 4084)
( 2890, 891)
( 2891, 3497)
( 2893, 891)
( 2895, 387)
( 2896, 891)
( 4474, 4084)
( 2980, 4084)
( 2960, 4084)
( 2966, 4084)
( 4430, 4084)
( 2970, 4084)
( 2971, 3497)
( 2974, 3297)
( 3885, 4870)
( 2977, 4084)
( 2979, 4084)
( 2959, 891)
( 4416, 4870)
( 2981, 3297)
( 2982, 387)
( 2983, 387)
( 4415, 4084)
( 2984, 3297)
( 2985, 891)
( 2986, 4084)
( 2948, 387)
( 4443, 4084)
( 2938, 891)
( 2939, 387)
( 2940, 387)
( 2942, 387)
( 2944, 4084)
( 4438, 4084)
( 4437, 4870)
( 4334, 4870)
( 2951, 4084)
( 2952, 4084)
( 2953, 3297)
( 2954, 4084)
( 4433, 4084)
( 2956, 4084)
( 2957, 387)
( 2958, 3297)
( 3265, 387)
( 3260, 891)
( 3261, 4084)
( 4218, 4870)
( 4216, 4084)
( 4215, 3497)
( 4214, 4870)
( 4212, 4084)
( 3263, 4084)
( 3264, 4084)
( 3258, 387)
( 3266, 387)
( 4208, 4084)
( 4207, 4084)
( 3271, 4084)
( 4206, 4870)
( 3273, 891)
( 3274, 4084)
( 3275, 3297)
( 3239, 4084)
( 4245, 4084)
( 3231, 4084)
( 4244, 4084)
( 4243, 4084)
( 4239, 4870)
( 3234, 891)
( 3236, 891)
( 4237, 4084)
( 3276, 4084)
( 4236, 4084)
( 3241, 3297)
( 3244, 4084)
( 3246, 1547)
( 4225, 4084)
( 3252, 891)
( 4223, 4870)
( 3257, 4084)
( 3319, 4084)
( 4183, 4084)
( 4181, 4870)
( 4180, 4084)
( 3309, 4084)
( 3311, 891)
( 3312, 4084)
( 3314, 3297)
( 3315, 4084)
( 3317, 891)
( 3302, 891)
( 4178, 4084)
( 4176, 4084)
( 3321, 4084)
( 4175, 3297)
( 4173, 4084)
( 3323, 3297)
( 3326, 4084)
( 3332, 4084)
( 3292, 4084)
( 4205, 4870)
( 4198, 4870)
( 4196, 4870)
( 3286, 891)
( 3287, 891)
( 3289, 4084)
( 4193, 4870)
( 3290, 4084)
( 4248, 4084)
( 3293, 891)
( 4191, 4084)
( 4189, 3297)
( 3297, 3297)
( 3298, 891)
( 4188, 4084)
( 3300, 891)
( 4184, 4084)
( 3151, 891)
( 4314, 4084)
( 3137, 4084)
( 3142, 4084)
( 4311, 4084)
( 3144, 4084)
( 3145, 4084)
( 4308, 4084)
( 3149, 4084)
( 3150, 4084)
( 3135, 4084)
( 3156, 387)
( 4305, 4084)
( 3158, 3297)
( 3161, 4084)
( 3162, 3297)
( 4301, 4084)
( 4300, 4870)
( 4299, 4084)
( 4323, 4084)
( 3107, 891)
( 4332, 4084)
( 3109, 4084)
( 3112, 4084)
( 3114, 891)
( 4325, 4870)
( 3118, 891)
( 4324, 4084)
( 4298, 4084)
( 3124, 4084)
( 3125, 4084)
( 4322, 4084)
( 4320, 4870)
( 3130, 3297)
( 3131, 387)
( 4318, 4084)
( 4316, 4870)
( 3215, 4084)
( 4266, 4084)
( 3200, 4084)
( 4265, 4870)
( 3206, 387)
( 3207, 891)
( 4260, 4084)
( 4258, 4084)
( 4257, 4084)
( 3211, 4084)
( 3198, 4084)
( 3216, 4084)
( 4254, 4870)
( 4251, 4870)
( 4250, 4870)
( 3224, 4084)
( 3226, 4084)
( 3227, 891)
( 4249, 4084)
( 3181, 4084)
( 3168, 4084)
( 4293, 4084)
( 4290, 4084)
( 3175, 4084)
( 4282, 4870)
( 4281, 4084)
( 3178, 4084)
( 3179, 3297)
( 2859, 4084)
( 3184, 4084)
( 3186, 4084)
( 4273, 4870)
( 3191, 4084)
( 3192, 4084)
( 3194, 891)
( 4267, 4084)
( 3197, 387)
( 780, 2446)
( 1626, 387)
( 770, 2446)
( 1622, 387)
( 1621, 387)
( 1620, 387)
( 1619, 891)
( 1618, 891)
( 1617, 387)
( 1616, 891)
( 1615, 387)
( 1614, 891)
( 1612, 387)
( 762, 2446)
( 784, 891)
( 789, 2446)
( 1603, 387)
( 1602, 387)
( 1600, 891)
( 1599, 891)
( 796, 2446)
( 1594, 387)
( 798, 891)
( 1593, 891)
( 1591, 891)
( 719, 891)
( 704, 25)
( 1657, 891)
( 707, 25)
( 1654, 891)
( 1653, 387)
( 708, 2446)
( 709, 2446)
( 713, 2446)
( 714, 891)
( 1648, 891)
( 715, 2446)
( 716, 891)
( 1587, 387)
( 721, 2446)
( 1642, 891)
( 1640, 891)
( 732, 2446)
( 1636, 891)
( 742, 2446)
( 1633, 25)
( 1631, 891)
( 754, 2446)
( 755, 2446)
( 758, 2446)
( 852, 891)
( 1558, 891)
( 843, 891)
( 1553, 891)
( 845, 891)
( 1551, 891)
( 1550, 891)
( 849, 2446)
( 1544, 891)
( 1542, 891)
( 850, 2446)
( 1540, 891)
( 1539, 891)
( 841, 891)
( 855, 2446)
( 859, 891)
( 862, 891)
( 1533, 387)
( 1532, 891)
( 867, 891)
( 1531, 891)
( 1529, 891)
( 1528, 891)
( 1526, 891)
( 873, 891)
( 825, 2446)
( 805, 2446)
( 809, 2446)
( 1582, 891)
( 812, 891)
( 815, 891)
( 817, 891)
( 1578, 891)
( 820, 891)
( 823, 891)
( 1574, 387)
( 1573, 387)
( 1662, 387)
( 826, 891)
( 1569, 3297)
( 831, 891)
( 1568, 387)
( 1565, 891)
( 837, 891)
( 1563, 387)
( 1562, 891)
( 838, 2446)
( 839, 2446)
( 1560, 891)
( 578, 2446)
( 1779, 891)
( 1778, 387)
( 1777, 387)
( 1776, 387)
( 568, 2446)
( 1774, 387)
( 570, 891)
( 1771, 891)
( 1769, 387)
( 1768, 387)
( 577, 2446)
( 1764, 387)
( 1782, 891)
( 1760, 891)
( 1758, 387)
( 579, 2446)
( 1755, 891)
( 580, 25)
( 1751, 891)
( 1750, 891)
( 1749, 387)
( 1748, 891)
( 585, 2446)
( 1742, 891)
( 1803, 387)
( 1819, 387)
( 1818, 387)
( 1817, 387)
( 1814, 387)
( 1813, 387)
( 1811, 387)
( 1809, 891)
( 533, 2446)
( 539, 2446)
( 543, 2446)
( 544, 2446)
( 588, 2446)
( 1802, 387)
( 1801, 891)
( 550, 25)
( 559, 2446)
( 1792, 387)
( 1791, 387)
( 1790, 891)
( 562, 2446)
( 565, 2446)
( 566, 2446)
( 1784, 387)
( 682, 2446)
( 1696, 891)
( 1695, 891)
( 658, 2446)
( 1692, 387)
( 665, 891)
( 1688, 387)
( 670, 2446)
( 671, 1758)
( 1681, 891)
( 1680, 891)
( 675, 2446)
( 676, 2446)
( 655, 2446)
( 687, 2446)
( 1669, 387)
( 1668, 891)
( 1667, 387)
( 689, 2446)
( 690, 2446)
( 691, 2446)
( 692, 2446)
( 1666, 891)
( 694, 2446)
( 699, 2446)
( 1719, 891)
( 1739, 387)
( 1737, 387)
( 1734, 891)
( 1731, 387)
( 592, 2446)
( 1728, 891)
( 1725, 891)
( 599, 2446)
( 600, 2446)
( 1720, 891)
( 604, 2446)
( 1524, 891)
( 612, 2446)
( 1715, 387)
( 1713, 387)
( 639, 2446)
( 647, 891)
( 648, 2446)
( 1705, 891)
( 1704, 891)
( 1703, 891)
( 650, 2446)
( 653, 2446)
( 1100, 387)
( 1078, 891)
( 1081, 891)
( 1333, 891)
( 1332, 387)
( 1084, 891)
( 1085, 891)
( 1087, 2446)
( 1090, 891)
( 1095, 891)
( 1326, 891)
( 1098, 891)
( 1324, 387)
( 1077, 891)
( 1105, 387)
( 1320, 387)
( 1319, 387)
( 1318, 891)
( 1111, 387)
( 1315, 891)
( 1313, 387)
( 1114, 387)
( 1310, 387)
( 1309, 387)
( 1308, 387)
( 1365, 891)
( 1378, 387)
( 1024, 891)
( 1377, 891)
( 1026, 891)
( 1376, 891)
( 1375, 891)
( 1374, 891)
( 1031, 387)
( 1032, 891)
( 1034, 891)
( 1035, 891)
( 1119, 891)
( 1364, 387)
( 1041, 2446)
( 1356, 387)
( 1352, 387)
( 1060, 387)
( 1350, 387)
( 1061, 387)
( 1346, 891)
( 1345, 387)
( 1068, 387)
( 1076, 891)
( 1189, 387)
( 1168, 891)
( 1170, 387)
( 1173, 891)
( 1175, 387)
( 1259, 387)
( 1177, 891)
( 1257, 387)
( 1183, 891)
( 1254, 387)
( 1253, 387)
( 1185, 891)
( 1186, 891)
( 1167, 891)
( 1197, 387)
( 1247, 891)
( 1243, 387)
( 1242, 25)
( 1239, 891)
( 1214, 891)
( 1235, 387)
( 1234, 891)
( 1232, 891)
( 1227, 387)
( 1230, 387)
( 1285, 891)
( 1120, 891)
( 1125, 891)
( 1301, 891)
( 1127, 891)
( 1130, 387)
( 1297, 891)
( 1296, 387)
( 1290, 387)
( 1137, 891)
( 1139, 387)
( 1145, 891)
( 1021, 2446)
( 1147, 387)
( 1281, 387)
( 1151, 891)
( 1154, 387)
( 1156, 387)
( 1275, 891)
( 1160, 387)
( 1272, 891)
( 1163, 891)
( 1164, 387)
( 1265, 387)
( 1478, 891)
( 1497, 891)
( 904, 891)
( 905, 891)
( 906, 2446)
( 1489, 891)
( 1487, 891)
( 908, 2446)
( 909, 891)
( 1483, 387)
( 1481, 387)
( 1480, 387)
( 913, 2446)
( 1498, 891)
( 915, 2446)
( 1477, 891)
( 917, 2446)
( 918, 2446)
( 1472, 891)
( 1471, 891)
( 920, 2446)
( 1464, 891)
( 1463, 387)
( 1462, 891)
( 927, 891)
( 1513, 891)
( 1523, 891)
( 1522, 891)
( 1519, 387)
( 878, 2446)
( 1518, 3297)
( 1517, 387)
( 880, 891)
( 882, 2446)
( 883, 25)
( 884, 2446)
( 885, 25)
( 1461, 25)
( 887, 891)
( 1512, 387)
( 1510, 387)
( 1509, 387)
( 893, 2446)
( 894, 891)
( 1506, 387)
( 897, 891)
( 899, 891)
( 901, 891)
( 902, 2446)
( 1392, 891)
( 1412, 387)
( 983, 2446)
( 985, 891)
( 1405, 387)
( 986, 891)
( 1403, 891)
( 989, 891)
( 999, 891)
( 1001, 845)
( 1395, 387)
( 1005, 2446)
( 1393, 891)
( 971, 2446)
( 1008, 891)
( 1388, 387)
( 1386, 387)
( 1009, 387)
( 1010, 845)
( 1014, 2446)
( 1383, 387)
( 1382, 387)
( 1016, 25)
( 1017, 891)
( 1380, 891)
( 1437, 891)
( 1459, 387)
( 1458, 891)
( 940, 891)
( 1445, 891)
( 1444, 387)
( 1443, 891)
( 1440, 891)
( 1439, 891)
( 943, 2446)
( 1438, 387)
( 945, 2446)
( 2148, 387)
( 1436, 387)
( 1434, 891)
( 1432, 891)
( 956, 2446)
( 957, 891)
( 1424, 387)
( 1422, 387)
( 963, 891)
( 966, 2446)
( 968, 2446)
( 969, 891)
( 1902, 387)
( 143, 1361)
( 408, 2446)
( 145, 4181)
( 2089, 387)
( 1892, 387)
( 1896, 387)
( 1897, 891)
( 1900, 891)
( 2079, 891)
( 2078, 891)
( 404, 2446)
( 147, 3423)
( 149, 4181)
( 152, 3423)
( 1889, 387)
( 207, 1361)
( 400, 2446)
( 1969, 387)
( 2045, 891)
( 1906, 891)
( 2074, 891)
( 398, 2446)
( 2073, 891)
( 1909, 891)
( 2072, 387)
( 1911, 891)
( 396, 2446)
( 329, 3456)
( 123, 3595)
( 1876, 891)
( 2033, 387)
( 1981, 891)
( 1980, 387)
( 2036, 891)
( 122, 3595)
( 434, 2446)
( 427, 2446)
( 1880, 891)
( 1881, 891)
( 422, 2446)
( 314, 3456)
( 1883, 891)
( 421, 2446)
( 1918, 387)
( 2097, 387)
( 230, 1361)
( 1978, 891)
( 2096, 387)
( 2038, 387)
( 1977, 891)
( 414, 2446)
( 2039, 891)
( 1974, 387)
( 1886, 387)
( 1973, 891)
( 2094, 387)
( 135, 4181)
( 1938, 387)
( 162, 1361)
( 344, 3456)
( 166, 1361)
( 200, 1361)
( 169, 1361)
( 375, 3456)
( 372, 3456)
( 172, 1361)
( 176, 1361)
( 2058, 387)
( 178, 1361)
( 360, 3456)
( 345, 3456)
( 1937, 891)
( 1929, 387)
( 1939, 891)
( 1940, 891)
( 1943, 387)
( 346, 3456)
( 181, 1361)
( 348, 3456)
( 1945, 387)
( 186, 1361)
( 191, 1361)
( 1946, 387)
( 194, 1361)
( 2052, 891)
( 195, 1361)
( 1959, 891)
( 153, 1361)
( 1966, 25)
( 1965, 891)
( 390, 3456)
( 1922, 891)
( 333, 3456)
( 2070, 891)
( 1964, 891)
( 389, 2446)
( 2047, 387)
( 387, 2446)
( 2069, 387)
( 203, 1361)
( 124, 3595)
( 1924, 891)
( 1926, 387)
( 385, 2446)
( 202, 1361)
( 383, 3456)
( 1956, 891)
( 1955, 891)
( 1954, 387)
( 340, 3456)
( 1952, 891)
( 2066, 387)
( 342, 3456)
( 2050, 891)
( 1831, 891)
( 282, 1361)
( 1833, 891)
( 2124, 891)
( 2123, 387)
( 2010, 387)
( 2011, 387)
( 2028, 891)
( 461, 2446)
( 2139, 387)
( 1855, 387)
( 283, 1361)
( 476, 2446)
( 289, 1361)
( 1993, 891)
( 242, 1361)
( 269, 1361)
( 2121, 387)
( 2140, 387)
( 459, 2446)
( 2141, 387)
( 2012, 387)
( 1830, 891)
( 241, 1361)
( 2005, 387)
( 492, 2446)
( 494, 2446)
( 2134, 891)
( 2002, 891)
( 2135, 387)
( 277, 1361)
( 496, 25)
( 486, 2446)
( 484, 2446)
( 2131, 387)
( 2120, 891)
( 1843, 891)
( 1844, 891)
( 1845, 387)
( 1836, 891)
( 244, 1361)
( 273, 1361)
( 2126, 891)
( 281, 1361)
( 2114, 891)
( 300, 3885)
( 1873, 387)
( 2115, 3297)
( 441, 2446)
( 2110, 387)
( 1987, 891)
( 1822, 387)
( 510, 2446)
( 261, 1361)
( 440, 2446)
( 2031, 891)
( 512, 25)
( 1867, 387)
( 1824, 891)
( 439, 2446)
( 1823, 387)
( 2112, 891)
( 2117, 891)
( 311, 3456)
( 1991, 891)
( 2144, 891)
( 452, 2446)
( 1827, 387)
( 2106, 387)
( 296, 1361)
( 1826, 891)
( 119, 3595)
( 448, 2446)
( 304, 1361)
( 1870, 891)
( 1989, 891)
( 240, 1361)
( 926, 2697)
( 924, 2697)
( 921, 2697)
( 948, 2697)
( 250, 3211)
( 928, 2697)
( 246, 3211)
( 245, 3211)
( 3635, 4952)
( 4661, 4952)
( 4686, 1923)
( 213, 3211)
( 222, 3211)
( 4672, 4952)
( 961, 2697)
( 3585, 4952)
( 959, 2697)
( 955, 2697)
( 954, 2697)
( 1056, 2697)
( 3596, 4952)
( 239, 3211)
( 238, 3211)
( 952, 2697)
( 236, 3211)
( 950, 2697)
( 995, 2697)
( 988, 2697)
( 935, 2697)
( 4697, 4952)
( 4695, 4952)
( 977, 2697)
( 974, 2697)
( 4856, 4952)
( 1153, 2697)
( 1162, 2697)
( 4886, 4952)
( 4895, 4952)
( 1165, 2697)
( 1166, 2697)
( 4812, 4952)
( 121, 919)
( 4815, 4952)
( 4820, 1923)
( 1132, 2697)
( 4823, 4952)
( 1143, 2697)
( 1203, 2697)
( 1204, 2697)
( 1218, 2697)
( 1195, 2697)
( 4964, 4952)
( 1221, 2697)
( 4969, 4952)
( 1222, 2697)
( 1174, 2697)
( 1176, 2697)
( 1180, 2697)
( 4933, 4952)
( 4934, 4952)
( 1187, 2697)
( 1193, 2697)
( 156, 4344)
( 1036, 2697)
( 1037, 2697)
( 1042, 2697)
( 1044, 2697)
( 1048, 2697)
( 1049, 2697)
( 1053, 2697)
( 2, 4116)
( 155, 4344)
( 1058, 2697)
( 1030, 2697)
( 1013, 2697)
( 4724, 4952)
( 4728, 4952)
( 1022, 2697)
( 4746, 4952)
( 4755, 4952)
( 4756, 4952)
( 1108, 2697)
( 1097, 2697)
( 133, 4344)
( 1103, 2697)
( 132, 3886)
( 1107, 2697)
( 1093, 2697)
( 128, 4344)
( 1110, 2697)
( 126, 4344)
( 1118, 2697)
( 1064, 2697)
( 1071, 2697)
( 198, 3886)
( 1074, 2697)
( 425, 971)
( 651, 971)
( 656, 971)
( 659, 2697)
( 661, 2697)
( 669, 971)
( 4358, 4952)
( 4067, 4952)
( 4082, 4952)
( 4326, 4952)
( 613, 971)
( 614, 971)
( 616, 2697)
( 436, 971)
( 640, 2697)
( 644, 2697)
( 402, 971)
( 700, 2697)
( 702, 971)
( 706, 2697)
( 399, 971)
( 4393, 4952)
( 711, 2697)
( 4400, 1923)
( 391, 971)
( 3928, 4952)
( 685, 2697)
( 674, 2697)
( 3992, 4952)
( 678, 971)
( 683, 2697)
( 4084, 4952)
( 4374, 4952)
( 3972, 4952)
( 407, 971)
( 4380, 1923)
( 3965, 4952)
( 406, 971)
( 4148, 4952)
( 504, 971)
( 561, 2697)
( 503, 971)
( 502, 971)
( 563, 971)
( 564, 2697)
( 4162, 4952)
( 497, 971)
( 567, 971)
( 488, 971)
( 569, 971)
( 523, 971)
( 525, 971)
( 4199, 4952)
( 529, 971)
( 4138, 4952)
( 506, 971)
( 549, 971)
( 4166, 4952)
( 590, 2697)
( 4114, 4952)
( 4110, 4952)
( 457, 971)
( 453, 971)
( 589, 2697)
( 4106, 4952)
( 4104, 4952)
( 446, 971)
( 593, 2697)
( 443, 3886)
( 594, 2697)
( 4098, 4952)
( 4097, 4952)
( 595, 2697)
( 575, 971)
( 482, 971)
( 4278, 4952)
( 4279, 4952)
( 4122, 4952)
( 4295, 4952)
( 584, 971)
( 863, 2697)
( 856, 2697)
( 860, 2697)
( 320, 3397)
( 868, 2697)
( 870, 2697)
( 4500, 4952)
( 844, 2697)
( 327, 971)
( 4546, 4952)
( 846, 2697)
( 847, 2697)
( 848, 2697)
( 267, 3211)
( 3668, 4952)
( 274, 3211)
( 271, 3211)
( 910, 2697)
( 265, 3211)
( 4603, 4952)
( 260, 3211)
( 3699, 4952)
( 297, 3211)
( 881, 2697)
( 294, 3211)
( 4561, 4952)
( 284, 3886)
( 890, 2697)
( 896, 2697)
( 280, 3211)
( 765, 2697)
( 772, 2697)
( 773, 2697)
( 4429, 1923)
( 777, 2697)
( 370, 971)
( 735, 2697)
( 3909, 4952)
( 3906, 4952)
( 740, 2697)
( 747, 2697)
( 4410, 4952)
( 751, 2697)
( 763, 2697)
( 4471, 4952)
( 818, 2697)
( 819, 2697)
( 824, 2697)
( 811, 2697)
( 829, 2697)
( 4478, 4952)
( 4483, 2768)
( 835, 2697)
( 836, 2697)
( 336, 971)
( 335, 971)
( 369, 971)
( 779, 2697)
( 783, 2697)
( 788, 2697)
( 3825, 1923)
( 800, 2697)
( 802, 2697)
( 803, 2697)
( 3005, 104)
( 1447, 2697)
( 2518, 2697)
( 1840, 2697)
( 1841, 2697)
( 1842, 2697)
( 1854, 2697)
( 2503, 2697)
( 1448, 2697)
( 1426, 2697)
( 2499, 2697)
( 1859, 2697)
( 3016, 1923)
( 2487, 2697)
( 1865, 2697)
( 1878, 2697)
( 2476, 2697)
( 1796, 2697)
( 2564, 2697)
( 1486, 2697)
( 1479, 2697)
( 2947, 1923)
( 1806, 2697)
( 1808, 2697)
( 1815, 2697)
( 2547, 2697)
( 1415, 2697)
( 1466, 2697)
( 1821, 2697)
( 2536, 2697)
( 1829, 2697)
( 1456, 2697)
( 1454, 2697)
( 2529, 2697)
( 1451, 2697)
( 2524, 2697)
( 1837, 2697)
( 1372, 2697)
( 2418, 2697)
( 1384, 2697)
( 1381, 2697)
( 1932, 2697)
( 2410, 2697)
( 1936, 2697)
( 2407, 2697)
( 2401, 2697)
( 1944, 2697)
( 2394, 2697)
( 2419, 2697)
( 1371, 2697)
( 2391, 2697)
( 1369, 2697)
( 1363, 2697)
( 2371, 2697)
( 1970, 2697)
( 2367, 2697)
( 2366, 2697)
( 1975, 2697)
( 1894, 2697)
( 2474, 2697)
( 1882, 2697)
( 1884, 2697)
( 2468, 2697)
( 2467, 2697)
( 1885, 2697)
( 2462, 2697)
( 1887, 2697)
( 1888, 2697)
( 1400, 2697)
( 2576, 2697)
( 1899, 2697)
( 2449, 2697)
( 2447, 2697)
( 1904, 2697)
( 1905, 2697)
( 1907, 2697)
( 1394, 2697)
( 1919, 2697)
( 1921, 2697)
( 2426, 2697)
( 1655, 2697)
( 1584, 2697)
( 1583, 2697)
( 1663, 2697)
( 1672, 2697)
( 1676, 2697)
( 2837, 1923)
( 1649, 1832)
( 1689, 2697)
( 1690, 2697)
( 1567, 2697)
( 1693, 2697)
( 1564, 2697)
( 1694, 2697)
( 1625, 2697)
( 1623, 2697)
( 1627, 2697)
( 1630, 2697)
( 1611, 2697)
( 1632, 2697)
( 1634, 2697)
( 1606, 2697)
( 1598, 2697)
( 1638, 2697)
( 1641, 2697)
( 1645, 2697)
( 1514, 2697)
( 1729, 2697)
( 2623, 2697)
( 2618, 2697)
( 1521, 2697)
( 2615, 2697)
( 1756, 2697)
( 1761, 2697)
( 1515, 2697)
( 1530, 2697)
( 1767, 2697)
( 1775, 2697)
( 1507, 2697)
( 1780, 2697)
( 1785, 2697)
( 1786, 2697)
( 1788, 2697)
( 1556, 2697)
( 1552, 2697)
( 1548, 2697)
( 1545, 2697)
( 1538, 2697)
( 2656, 2697)
( 2466, 2697)
( 2654, 2697)
( 2653, 2697)
( 1717, 2697)
( 1718, 2697)
( 1721, 2697)
( 1723, 2697)
( 2253, 2697)
( 2281, 2697)
( 1311, 2697)
( 1307, 2697)
( 2273, 2697)
( 1306, 2697)
( 1305, 2697)
( 2046, 2697)
( 2265, 2697)
( 2051, 2697)
( 2054, 2697)
( 1316, 2697)
( 2250, 2697)
( 2057, 2697)
( 2248, 2697)
( 2060, 2697)
( 2242, 2697)
( 2064, 2697)
( 2238, 2697)
( 2067, 2697)
( 1283, 2697)
( 1282, 2697)
( 2304, 2697)
( 1330, 2697)
( 1329, 2697)
( 1328, 2697)
( 2301, 2697)
( 2300, 2697)
( 2024, 2697)
( 2232, 2697)
( 2025, 2697)
( 2026, 2697)
( 2293, 2697)
( 2292, 2697)
( 2288, 2697)
( 2287, 2697)
( 1317, 2697)
( 2285, 2697)
( 2284, 2697)
( 2122, 2697)
( 2194, 2697)
( 2116, 2697)
( 2119, 2697)
( 2183, 2697)
( 1251, 2697)
( 3221, 1832)
( 2182, 2697)
( 2179, 2697)
( 1249, 2697)
( 2178, 2697)
( 1248, 2697)
( 2172, 2697)
( 2129, 2697)
( 2132, 2697)
( 2163, 2697)
( 1238, 2697)
( 2136, 2697)
( 2160, 2697)
( 1236, 2697)
( 2155, 2697)
( 2213, 2697)
( 2230, 2697)
( 2075, 2697)
( 1278, 2697)
( 2080, 2697)
( 1274, 2697)
( 1273, 2697)
( 1271, 2697)
( 1269, 2697)
( 2092, 2697)
( 1979, 2697)
( 2211, 2697)
( 2210, 2697)
( 2095, 2697)
( 2205, 2697)
( 2098, 2697)
( 2099, 2697)
( 2102, 2697)
( 1262, 2697)
( 2335, 2697)
( 2308, 2697)
( 2014, 2697)
( 1992, 2697)
( 2327, 2697)
( 1984, 2697)
( 1334, 2697)
( 2326, 2697)
( 2013, 2697)
( 1349, 2697)
( 1335, 2697)
( 1357, 2697)
( 2341, 2697)
( 2001, 2697)
( 2315, 2697)
( 1988, 2697)
( 1338, 2697)
( 2009, 2697)
( 2317, 2697)
( 2018, 2697)
( 1344, 2697)
( 2349, 2697)
( 1997, 2697)
( 2350, 2697)
( 1994, 2697)
( 1995, 2697)
( 1998, 2697)
( 377, 1199)
( 2651, 1360)
( 117, 35)
( 2197, 1360)
( 1716, 1360)
( 1691, 1360)
( 2684, 1360)
( 2113, 1360)
( 299, 1199)
( 144, 2981)
( 4830, 4201)
( 92, 4236)
( 2090, 1360)
( 4839, 4228)
( 4846, 4201)
( 2390, 1360)
( 4002, 1360)
( 2689, 1360)
( 2691, 1360)
( 4858, 4201)
( 1684, 1360)
( 673, 1199)
( 3995, 4228)
( 2086, 1360)
( 1985, 1360)
( 1953, 1360)
( 374, 1199)
( 4562, 1360)
( 141, 2981)
( 2659, 1360)
( 625, 1199)
( 621, 3342)
( 630, 1199)
( 618, 1199)
( 4439, 4228)
( 4445, 585)
( 376, 1199)
( 633, 1199)
( 2660, 1360)
( 635, 1199)
( 4060, 1360)
( 2215, 1360)
( 4449, 876)
( 4065, 4228)
( 292, 1199)
( 643, 1199)
( 1708, 1360)
( 645, 1199)
( 295, 1199)
( 4030, 4228)
( 1949, 1360)
( 1699, 1360)
( 654, 1199)
( 4552, 957)
( 1990, 1360)
( 2165, 1360)
( 3883, 1360)
( 2161, 1360)
( 324, 1199)
( 1971, 1360)
( 3890, 1360)
( 745, 1199)
( 3894, 1360)
( 325, 1199)
( 1972, 1360)
( 1635, 1360)
( 2754, 1360)
( 308, 1199)
( 3905, 1360)
( 4926, 4228)
( 1637, 1360)
( 2127, 1360)
( 1639, 1360)
( 2770, 1360)
( 2150, 1360)
( 4989, 585)
( 3862, 1360)
( 4986, 4228)
( 767, 3342)
( 4524, 4228)
( 4975, 4228)
( 23, 35)
( 733, 1199)
( 3869, 1360)
( 1628, 1360)
( 760, 1199)
( 3875, 1360)
( 4962, 4228)
( 4960, 4228)
( 3881, 1360)
( 2142, 1360)
( 2710, 1360)
( 4875, 4201)
( 698, 1199)
( 4869, 4228)
( 696, 1199)
( 2380, 1360)
( 90, 35)
( 2712, 1360)
( 4864, 4201)
( 3958, 1360)
( 3973, 1360)
( 2705, 1360)
( 4419, 1360)
( 1673, 1360)
( 3983, 4228)
( 3986, 1360)
( 1675, 1360)
( 679, 1199)
( 4495, 4228)
( 726, 1199)
( 60, 35)
( 3926, 4228)
( 4902, 4228)
( 3930, 1360)
( 2125, 1360)
( 301, 1199)
( 4496, 3109)
( 2700, 1360)
( 2735, 1360)
( 334, 1199)
( 4487, 4228)
( 703, 3342)
( 3952, 1360)
( 2722, 1360)
( 2517, 1360)
( 2526, 1360)
( 2457, 1360)
( 498, 1199)
( 4241, 1360)
( 237, 1199)
( 2286, 1360)
( 409, 1199)
( 4368, 876)
( 1890, 1360)
( 4638, 4228)
( 487, 1199)
( 4367, 4228)
( 4366, 4228)
( 266, 1199)
( 485, 1199)
( 2461, 1360)
( 483, 1199)
( 226, 829)
( 4589, 1360)
( 4669, 4201)
( 517, 1199)
( 516, 1199)
( 4667, 876)
( 515, 1199)
( 2539, 1360)
( 480, 1199)
( 2535, 1360)
( 4226, 4228)
( 4375, 4228)
( 4658, 4228)
( 234, 1199)
( 505, 3342)
( 1832, 1360)
( 253, 1199)
( 4304, 4228)
( 252, 1199)
( 4317, 4228)
( 445, 1199)
( 4319, 4228)
( 4321, 4228)
( 2015, 1360)
( 458, 1199)
( 4611, 4228)
( 1869, 1360)
( 420, 1199)
( 4329, 4228)
( 2017, 1360)
( 257, 1199)
( 433, 1199)
( 429, 1199)
( 470, 1199)
( 478, 1199)
( 2023, 1360)
( 2507, 1360)
( 1851, 1360)
( 1853, 1360)
( 473, 1199)
( 247, 3342)
( 1226, 1360)
( 4670, 4228)
( 4285, 1360)
( 2019, 1360)
( 2303, 1360)
( 1856, 1360)
( 1857, 1360)
( 2495, 1360)
( 4351, 4228)
( 2244, 1360)
( 4120, 1360)
( 4121, 1360)
( 2241, 1360)
( 2328, 1360)
( 1757, 1360)
( 4741, 4201)
( 2602, 1360)
( 576, 1199)
( 2329, 1360)
( 4738, 4228)
( 170, 2981)
( 1766, 1360)
( 177, 2981)
( 392, 1199)
( 1770, 1360)
( 1773, 1360)
( 2594, 1360)
( 423, 1199)
( 4775, 4201)
( 4773, 4201)
( 378, 1199)
( 2229, 1360)
( 4092, 1360)
( 287, 829)
( 1724, 1360)
( 1726, 1360)
( 1915, 1360)
( 2068, 1360)
( 591, 1199)
( 4407, 957)
( 587, 1199)
( 2620, 1360)
( 2619, 1360)
( 1746, 1360)
( 536, 1199)
( 4169, 1360)
( 403, 1199)
( 4687, 4228)
( 4174, 1360)
( 545, 1199)
( 542, 1199)
( 538, 1199)
( 206, 1199)
( 4681, 4228)
( 4185, 4228)
( 534, 1199)
( 4679, 4228)
( 2043, 1360)
( 2276, 1360)
( 524, 1199)
( 4699, 4228)
( 185, 2981)
( 397, 1199)
( 4717, 4228)
( 1908, 1360)
( 2053, 1360)
( 1999, 1360)
( 4146, 1360)
( 279, 1199)
( 288, 829)
( 1789, 1360)
( 4155, 1360)
( 2571, 1360)
( 4388, 1360)
( 553, 1199)
( 3159, 1360)
( 3761, 1360)
( 1404, 1360)
( 1409, 1360)
( 982, 1199)
( 1411, 1360)
( 980, 1199)
( 3753, 1360)
( 979, 1360)
( 976, 1360)
( 3375, 1360)
( 1417, 1360)
( 3154, 1360)
( 3155, 1360)
( 3762, 1360)
( 3743, 1360)
( 1121, 1360)
( 3363, 1360)
( 3201, 1360)
( 1122, 1360)
( 965, 1360)
( 964, 1360)
( 960, 1360)
( 854, 4249)
( 1537, 1360)
( 1124, 1360)
( 1304, 1360)
( 3589, 1360)
( 827, 1199)
( 1327, 1360)
( 3794, 1360)
( 3047, 876)
( 1323, 1360)
( 3214, 1360)
( 3519, 1360)
( 1579, 1360)
( 1181, 1360)
( 822, 1360)
( 1002, 1360)
( 1397, 1360)
( 1571, 1360)
( 1570, 1360)
( 858, 1360)
( 3776, 4228)
( 997, 1360)
( 1178, 1360)
( 1258, 1360)
( 832, 4249)
( 1399, 1360)
( 833, 1360)
( 1401, 1360)
( 834, 3342)
( 2842, 1360)
( 990, 1360)
( 987, 1360)
( 1289, 1360)
( 3695, 4228)
( 879, 1199)
( 931, 1199)
( 3687, 4228)
( 1460, 1360)
( 2964, 1360)
( 889, 1199)
( 1508, 1360)
( 1146, 1360)
( 2924, 876)
( 3177, 1360)
( 1504, 1360)
( 1293, 1360)
( 2905, 1360)
( 2928, 1360)
( 1503, 1360)
( 919, 1360)
( 1500, 1360)
( 1144, 1360)
( 3342, 1360)
( 1474, 4249)
( 1491, 4249)
( 1490, 1360)
( 2936, 1360)
( 1141, 1360)
( 907, 1199)
( 914, 1360)
( 1128, 4249)
( 1427, 1360)
( 1429, 1360)
( 3166, 1360)
( 1430, 1360)
( 3597, 1360)
( 1535, 1360)
( 3316, 1360)
( 942, 1360)
( 865, 1360)
( 1158, 1360)
( 2987, 1360)
( 866, 1199)
( 3188, 1360)
( 3110, 1360)
( 1441, 1360)
( 1279, 1360)
( 1449, 1360)
( 1149, 1360)
( 874, 1199)
( 876, 4249)
( 934, 1360)
( 1129, 1360)
( 1452, 1360)
( 1520, 1360)
( 932, 1360)
( 1280, 1360)
( 778, 1360)
( 3473, 1360)
( 3846, 4228)
( 3480, 1360)
( 3277, 1360)
( 1219, 1360)
( 1023, 1360)
( 1089, 1360)
( 1043, 1360)
( 1613, 1360)
( 1223, 1360)
( 3409, 1360)
( 3085, 876)
( 3422, 1360)
( 804, 1199)
( 1360, 1360)
( 1190, 1360)
( 3413, 1360)
( 3068, 1360)
( 3415, 1360)
( 1082, 1360)
( 1047, 1360)
( 2791, 1360)
( 1246, 1360)
( 1070, 1360)
( 1370, 1360)
( 3811, 4228)
( 3812, 1360)
( 1050, 1360)
( 3479, 1360)
( 1033, 1360)
( 3079, 1360)
( 3084, 4228)
( 1094, 1360)
( 3835, 1360)
( 3058, 1360)
( 3482, 1360)
( 771, 1199)
( 1040, 4249)
( 790, 1199)
( 3111, 1360)
( 2799, 1360)
( 3218, 1360)
( 1348, 1360)
( 1012, 1360)
( 1342, 1360)
( 3061, 876)
( 1039, 1360)
( 3484, 1360)
( 1091, 1360)
( 794, 4249)
( 3103, 1360)
( 787, 1360)
( 1046, 2390)
( 810, 1199)
( 795, 1360)
( 1045, 1360)
( 1057, 1360)
( 808, 3342)
( 3481, 1360)
( 3848, 1360)
( 513, 4869)
( 312, 286)
( 1450, 4869)
( 4536, 917)
( 305, 3125)
( 2978, 296)
( 4518, 917)
( 489, 3125)
( 490, 3187)
( 493, 3187)
( 317, 3125)
( 4521, 2060)
( 1361, 1147)
( 2520, 3485)
( 2255, 4869)
( 2257, 4869)
( 3351, 917)
( 4713, 917)
( 499, 4869)
( 500, 4869)
( 501, 4869)
( 4233, 917)
( 3648, 917)
( 4203, 917)
( 2337, 2047)
( 526, 1452)
( 291, 3619)
( 290, 3619)
( 4197, 917)
( 1069, 1147)
( 171, 3921)
( 532, 4869)
( 2338, 2047)
( 1062, 4869)
( 535, 4869)
( 4187, 917)
( 4742, 296)
( 514, 3187)
( 540, 4869)
( 3655, 917)
( 912, 4869)
( 2251, 4869)
( 3629, 917)
( 4539, 917)
( 1982, 4869)
( 188, 3619)
( 2347, 4869)
( 4721, 2060)
( 1359, 1147)
( 930, 1147)
( 4538, 2060)
( 2006, 4869)
( 298, 1147)
( 1131, 4869)
( 1465, 4869)
( 520, 4869)
( 522, 4869)
( 4576, 4199)
( 3454, 296)
( 3547, 917)
( 4379, 917)
( 364, 3125)
( 363, 3125)
( 3064, 4869)
( 235, 3619)
( 3381, 917)
( 354, 3125)
( 992, 1147)
( 991, 4869)
( 256, 3619)
( 4649, 2060)
( 4363, 2060)
( 3379, 917)
( 415, 4869)
( 417, 3125)
( 1113, 4869)
( 419, 3125)
( 4348, 917)
( 3560, 917)
( 1879, 2047)
( 1004, 4869)
( 1928, 4869)
( 2021, 4869)
( 1325, 1147)
( 1389, 4869)
( 2425, 4869)
( 388, 3125)
( 3059, 296)
( 243, 3619)
( 1007, 4869)
( 3525, 917)
( 428, 4869)
( 1910, 4869)
( 1933, 4869)
( 4387, 2889)
( 3138, 4869)
( 1019, 1147)
( 405, 3125)
( 3386, 917)
( 365, 3125)
( 2267, 4869)
( 328, 3125)
( 3428, 917)
( 465, 3125)
( 467, 4869)
( 4289, 2060)
( 469, 4869)
( 3051, 4869)
( 204, 3619)
( 3354, 917)
( 323, 3125)
( 1420, 4869)
( 322, 3125)
( 2363, 2047)
( 477, 3125)
( 3000, 296)
( 1431, 4869)
( 1849, 4869)
( 4262, 917)
( 2995, 4869)
( 3113, 917)
( 2312, 4869)
( 4663, 2060)
( 4597, 917)
( 228, 1452)
( 3376, 3485)
( 1864, 2047)
( 3152, 917)
( 3153, 917)
( 1960, 4869)
( 4253, 4199)
( 1862, 4869)
( 2374, 2047)
( 332, 3125)
( 331, 3125)
( 3361, 917)
( 455, 3125)
( 3011, 296)
( 270, 3619)
( 1123, 1147)
( 2091, 4869)
( 2853, 2047)
( 1580, 4457)
( 607, 3187)
( 606, 1147)
( 2742, 4869)
( 1589, 4869)
( 1644, 4869)
( 1534, 1147)
( 4845, 2060)
( 4025, 917)
( 3821, 917)
( 4088, 917)
( 1700, 4869)
( 2852, 2047)
( 2854, 4869)
( 3980, 917)
( 2702, 4869)
( 2677, 4869)
( 3229, 917)
( 4091, 917)
( 597, 4869)
( 657, 3187)
( 2749, 4869)
( 793, 1147)
( 4102, 2060)
( 1206, 1147)
( 2224, 2047)
( 3907, 917)
( 2820, 4869)
( 1188, 4869)
( 3955, 917)
( 638, 4869)
( 3747, 917)
( 1658, 1147)
( 2206, 2047)
( 3203, 917)
( 1252, 4869)
( 693, 3187)
( 1194, 4869)
( 4040, 917)
( 1656, 3074)
( 869, 1147)
( 2875, 917)
( 2732, 2047)
( 1651, 4869)
( 2714, 4869)
( 3308, 917)
( 1184, 4869)
( 1198, 4869)
( 4898, 2060)
( 1581, 4457)
( 1559, 4869)
( 1586, 4457)
( 718, 4869)
( 720, 4457)
( 4032, 4199)
( 4967, 2060)
( 2766, 4199)
( 1795, 4457)
( 4976, 2060)
( 903, 4869)
( 4153, 2720)
( 2154, 4869)
( 749, 4869)
( 164, 3619)
( 556, 4869)
( 2699, 4869)
( 1604, 1147)
( 2237, 2047)
( 1607, 4457)
( 2920, 4869)
( 159, 3619)
( 2108, 4869)
( 2111, 2047)
( 761, 4869)
( 555, 4869)
( 776, 4869)
( 551, 4869)
( 1797, 2047)
( 2698, 2047)
( 4170, 917)
( 4991, 2060)
( 3660, 917)
( 547, 3187)
( 2830, 917)
( 1484, 4457)
( 151, 3921)
( 2901, 917)
( 2904, 296)
( 581, 4869)
( 4828, 2060)
( 120, 2125)
( 877, 4869)
( 2685, 4869)
( 4115, 2720)
( 41, 1105)
( 1765, 4869)
( 1516, 1727)
( 586, 4869)
( 2828, 2047)
( 739, 4869)
( 2198, 4869)
( 871, 1147)
( 744, 3187)
( 2105, 2047)
( 157, 3619)
( 2415, 4191)
( 1321, 273)
( 1104, 273)
( 2943, 4191)
( 3523, 4111)
( 4632, 4111)
( 371, 3690)
( 4385, 2588)
( 1092, 273)
( 2411, 4191)
( 1901, 273)
( 2184, 4191)
( 688, 273)
( 1670, 273)
( 2029, 4191)
( 3792, 4111)
( 816, 273)
( 1003, 273)
( 821, 273)
( 382, 3690)
( 2442, 4191)
( 1015, 273)
( 248, 2677)
( 1387, 273)
( 1106, 273)
( 4843, 4111)
( 394, 3690)
( 1000, 273)
( 393, 3690)
( 1931, 273)
( 2324, 4191)
( 3115, 4191)
( 2318, 2341)
( 3087, 1979)
( 4507, 4111)
( 2365, 4191)
( 276, 131)
( 731, 273)
( 1241, 273)
( 318, 3690)
( 737, 2341)
( 741, 273)
( 315, 3690)
( 1216, 273)
( 1237, 273)
( 313, 3690)
( 728, 273)
( 4944, 4111)
( 310, 3690)
( 31, 173)
( 785, 273)
( 3256, 2588)
( 2759, 4191)
( 746, 2341)
( 303, 131)
( 3839, 4191)
( 1055, 273)
( 1355, 273)
( 4574, 4111)
( 4980, 3565)
( 3439, 4111)
( 2146, 4191)
( 343, 3690)
( 3222, 1979)
( 361, 3690)
( 3405, 4111)
( 3807, 4111)
( 3066, 4191)
( 356, 3690)
( 355, 3690)
( 1086, 273)
( 2398, 4191)
( 2397, 2341)
( 351, 3690)
( 1585, 273)
( 2393, 4191)
( 4604, 4111)
( 1196, 2341)
( 367, 3690)
( 1950, 273)
( 263, 113)
( 1647, 4677)
( 1368, 273)
( 4482, 2588)
( 4485, 4111)
( 268, 131)
( 3267, 4191)
( 1961, 273)
( 2375, 4191)
( 723, 273)
( 4915, 4111)
( 4921, 4191)
( 3921, 4111)
( 3920, 4111)
( 628, 273)
( 4066, 4111)
( 1714, 273)
( 4793, 2588)
( 3714, 4111)
( 853, 273)
( 495, 3690)
( 1735, 273)
( 1741, 273)
( 4238, 4111)
( 1418, 273)
( 1835, 273)
( 4055, 4191)
( 3163, 4191)
( 4309, 4111)
( 4770, 4111)
( 216, 2677)
( 131, 2677)
( 1298, 273)
( 1863, 273)
( 1754, 273)
( 4213, 4111)
( 4759, 4191)
( 636, 273)
( 3147, 4111)
( 611, 3690)
( 953, 273)
( 2646, 4191)
( 4080, 1979)
( 605, 2341)
( 1722, 1979)
( 481, 3690)
( 4264, 4111)
( 864, 273)
( 3602, 4111)
( 2049, 273)
( 886, 273)
( 944, 273)
( 2991, 4191)
( 2268, 4191)
( 4284, 4111)
( 958, 273)
( 3610, 4191)
( 3726, 4111)
( 468, 3690)
( 4288, 4111)
( 138, 2677)
( 1536, 273)
( 1288, 273)
( 530, 273)
( 3558, 4191)
( 167, 2677)
( 2101, 273)
( 840, 273)
( 418, 3690)
( 652, 273)
( 3553, 4191)
( 1807, 273)
( 413, 3690)
( 3028, 2588)
( 412, 3690)
( 1467, 273)
( 1566, 273)
( 1799, 273)
( 410, 3690)
( 4656, 4111)
( 537, 273)
( 1800, 273)
( 4006, 4191)
( 828, 273)
( 2692, 4191)
( 1805, 273)
( 546, 273)
( 163, 2677)
( 1868, 273)
( 2481, 4191)
( 227, 2677)
( 180, 2677)
( 165, 2677)
( 432, 3690)
( 4152, 1979)
( 1172, 273)
( 3754, 4191)
( 1470, 273)
( 3240, 1403)
( 750, 1253)
( 3639, 1403)
( 766, 4264)
( 2077, 1403)
( 2559, 4264)
( 1079, 4919)
( 3692, 1403)
( 4502, 2297)
( 4131, 3258)
( 1286, 4919)
( 757, 4486)
( 302, 4266)
( 2534, 1403)
( 4186, 1403)
( 1059, 4919)
( 3091, 3674)
( 596, 4962)
( 2783, 1403)
( 3095, 4281)
( 2747, 1403)
( 2354, 1403)
( 1839, 4919)
( 2355, 3258)
( 1706, 3258)
( 1659, 4962)
( 221, 1253)
( 3014, 3258)
( 724, 4264)
( 366, 4486)
( 4046, 3258)
( 223, 4266)
( 368, 4486)
( 4871, 2297)
( 437, 4486)
( 975, 4281)
( 842, 4486)
( 2713, 1403)
( 4619, 3674)
( 229, 1253)
( 3803, 1403)
( 3562, 3258)
( 2037, 530)
( 384, 4486)
( 231, 4266)
( 3984, 4281)
( 1402, 4919)
( 680, 4486)
( 411, 4486)
( 4657, 4546)
( 232, 1970)
( 668, 4486)
( 3532, 3258)
( 3997, 3258)
( 1572, 4919)
( 1541, 3674)
( 2881, 1403)
( 472, 4486)
( 722, 4486)
( 857, 4919)
( 471, 4486)
( 1199, 4919)
( 4071, 3258)
( 3784, 3258)
( 1080, 4919)
( 2389, 4919)
( 4297, 3258)
( 73, 3289)
( 620, 1253)
( 359, 4486)
( 357, 4486)
( 2272, 4919)
( 2274, 4919)
( 456, 4486)
( 4795, 2297)
( 4810, 3900)
( 192, 2427)
( 1075, 1960)
( 233, 2427)
( 4800, 4042)
( 1261, 2760)
( 2071, 2760)
( 2048, 2760)
( 182, 2427)
( 2171, 2760)
( 1231, 2723)
( 2063, 2873)
( 1159, 2760)
( 1150, 2760)
( 158, 4102)
( 254, 2427)
( 249, 2427)
( 258, 2427)
( 1276, 2723)
( 1169, 2723)
( 4867, 4042)
( 677, 2760)
( 339, 802)
( 2993, 1960)
( 1596, 2873)
( 347, 802)
( 350, 802)
( 4195, 4042)
( 358, 802)
( 379, 802)
( 1861, 2873)
( 684, 2760)
( 2825, 2873)
( 386, 802)
( 507, 2723)
( 662, 802)
( 557, 2760)
( 2580, 2760)
( 444, 802)
( 4056, 484)
( 3015, 484)
( 4093, 4042)
( 1727, 2760)
( 3709, 4042)
( 1781, 2760)
( 895, 2760)
( 888, 2723)
( 338, 802)
( 743, 2760)
( 1052, 2760)
( 4222, 484)
( 786, 2760)
( 938, 2760)
( 2465, 1660)
( 215, 2550)
( 3238, 108)
( 1284, 1660)
( 3773, 108)
( 449, 2276)
( 184, 1906)
( 278, 2550)
( 1066, 1660)
( 4673, 948)
( 196, 1906)
( 1732, 1660)
( 3141, 3171)
( 4577, 135)
( 508, 2550)
( 3729, 108)
( 993, 2276)
( 3335, 108)
( 1270, 1660)
( 3706, 108)
( 3446, 108)
( 3443, 108)
( 4509, 135)
( 734, 1660)
( 3590, 108)
( 3171, 108)
( 259, 2550)
( 4283, 108)
( 463, 2550)
( 330, 2550)
( 1337, 2233)
( 2270, 1660)
( 1140, 1660)
( 4945, 135)
( 3652, 108)
( 4840, 108)
( 4504, 3171)
( 2260, 3646)
( 4570, 1175)
( 2968, 1175)
( 4261, 1175)
( 1468, 3646)
( 4307, 1175)
( 1825, 3646)
( 3575, 1175)
( 160, 3737)
( 2492, 1175)
( 1496, 3646)
( 3671, 1175)
( 208, 2592)
( 210, 2592)
( 3938, 1175)
( 2717, 1175)
( 3961, 1175)
( 3393, 1175)
( 341, 4809)
( 4931, 1175)
( 4636, 1175)
( 3832, 1175)
( 17, 4666)
( 3243, 1175)
( 807, 3646)
( 1267, 3646)
( 4893, 1175)
( 4459, 1175)
( 4998, 1175)
( 1744, 3646)
( 4112, 1175)
( 3330, 1175)
( 2731, 3026)
( 2813, 3026)
( 2720, 3026)
( 1588, 3026)
( 2962, 3026)
( 28, 3948)
( 1608, 3026)
( 3865, 3026)
( 7, 3948)
( 1295, 1286)
( 769, 1286)
( 3763, 3026)
( 4762, 3026)
( 609, 1415)
( 1268, 3026)
( 851, 4007)
( 3737, 3026)
( 3748, 3026)
( 1171, 1415)
( 1264, 4007)
( 1473, 1286)
( 4012, 3026)
( 4182, 3026)
( 1255, 4007)
( 4740, 4382)
( 3969, 3026)
( 813, 1415)
( 916, 4007)
( 85, 3948)
( 3806, 3026)
( 214, 1914)
( 3546, 3026)
( 3380, 3026)
( 4376, 3026)
( 1416, 4007)
( 3391, 3026)
( 2042, 4007)
( 967, 1415)
( 4312, 3026)
( 1018, 1415)
( 454, 1415)
( 4465, 3026)
( 4286, 3026)
( 201, 4170)
( 1343, 4007)
( 1065, 4007)
( 1054, 4007)
( 1038, 229)
( 4835, 2181)
( 1968, 1993)
( 3831, 1993)
( 4983, 774)
( 601, 4462)
( 3382, 1993)
( 4642, 774)
( 1701, 1993)
( 2030, 1993)
( 753, 80)
( 22, 4380)
( 4818, 774)
( 1256, 4462)
( 1027, 80)
( 1923, 80)
( 4942, 2181)
( 24, 4380)
( 4855, 2181)
( 3220, 1993)
( 4418, 774)
( 2416, 1993)
( 748, 80)
( 4624, 774)
( 27, 4380)
( 1025, 80)
( 1820, 1993)
( 972, 80)
( 154, 1456)
( 4339, 1993)
( 380, 633)
( 34, 3284)
( 1554, 1041)
( 4693, 3054)
( 2321, 1041)
( 4648, 3054)
( 2261, 1041)
( 106, 3284)
( 4008, 3054)
( 3295, 3054)
( 13, 3284)
( 1877, 4822)
( 2772, 4822)
( 4486, 3054)
( 168, 2695)
( 48, 2118)
( 36, 2118)
( 1201, 4174)
( 4833, 139)
( 2378, 4174)
( 970, 4921)
( 63, 2118)
( 2448, 4174)
( 3288, 640)
( 75, 2118)
( 74, 2118)
( 1331, 4174)
( 774, 2708)
( 103, 2118)
( 4089, 4776)
( 142, 221)
( 70, 2118)
( 4675, 139)
( 474, 4921)
( 1576, 4009)
( 717, 2708)
( 430, 4921)
( 110, 4149)
( 1650, 1876)
( 686, 1876)
( 64, 3059)
( 447, 4800)
( 937, 1876)
( 1406, 1876)
( 4042, 4782)
( 35, 4149)
( 1217, 849)
( 617, 4800)
( 197, 1726)
( 3858, 2652)
( 1525, 1876)
( 3, 4149)
( 4731, 2652)
( 1475, 2147)
( 319, 3290)
( 3897, 2497)
( 3942, 2497)
( 69, 2985)
( 3665, 2497)
( 381, 3290)
( 4645, 2497)
( 799, 2147)
( 3681, 4683)
( 3587, 4683)
( 3908, 2497)
( 4036, 2497)
( 37, 3753)
( 2427, 4059)
( 1709, 4059)
( 3949, 1426)
( 3235, 1426)
( 4202, 1985)
( 3578, 3417)
( 4767, 1985)
( 3086, 1426)
( 59, 26)
( 26, 26)
( 82, 26)
( 3880, 1985)
( 4480, 1985)
( 5, 763)
( 4531, 3417)
( 2055, 3697)
( 4468, 1985)
( 56, 26)
( 3845, 3417)
( 4315, 3417)
( 3327, 1985)
( 4361, 1426)
( 4771, 1985)
( 3038, 1426)
( 3388, 1426)
( 4650, 1985)
( 2439, 3850)
( 4373, 1985)
( 4124, 1426)
( 161, 1969)
( 107, 26)
( 1312, 2925)
( 4752, 408)
( 38, 231)
( 3270, 408)
( 4806, 408)
( 1711, 2925)
( 2208, 408)
( 1561, 2925)
( 1083, 2925)
( 94, 231)
( 4914, 408)
( 3042, 408)
( 55, 231)
( 54, 231)
( 47, 231)
( 49, 231)
( 115, 860)
( 114, 860)
( 51, 231)
( 4711, 408)
( 12, 231)
( 1730, 2925)
( 83, 4490)
( 3707, 408)
( 11, 231)
( 10, 231)
( 16, 231)
( 79, 231)
( 814, 3936)
( 89, 231)
( 76, 231)
( 933, 3936)
( 101, 231)
( 695, 3936)
( 3893, 408)
( 337, 2265)
( 44, 1787)
( 4, 2842)
( 43, 1787)
( 42, 1787)
( 15, 1787)
( 2667, 4396)
( 39, 1787)
( 19, 1787)
( 20, 1787)
( 21, 1787)
( 4083, 2173)
( 33, 1787)
( 998, 4396)
( 3478, 2897)
( 71, 1787)
( 84, 1787)
( 66, 1787)
( 4866, 2897)
( 105, 1787)
( 108, 1787)
( 109, 1787)
( 111, 1787)
( 725, 2265)
( 58, 1787)
( 99, 1787)
( 102, 1787)
( 100, 1787)
( 2395, 4396)
( 88, 1787)
( 78, 4196)
( 72, 4196)
( 40, 4196)
( 3347, 4309)
( 18, 4196)
( 80, 4196)
( 4272, 1048)
( 25, 4196)
( 68, 4196)
( 61, 3879)
( 1733, 4309)
( 4987, 1048)
( 86, 4196)
( 1211, 4309)
( 9, 4196)
( 113, 4196)
( 93, 4196)
( 53, 4196)
( 6, 4950)
( 598, 4851)
( 8, 4950)
( 4647, 4732)
( 4595, 4732)
( 29, 4950)
( 57, 4950)
( 104, 4950)
( 97, 3183)
( 52, 3183)
( 87, 3183)
( 2715, 4397)
( 531, 1769)
( 91, 3183)
( 629, 1769)
( 98, 3183)
( 996, 4596)
( 81, 47)
( 1419, 827)
( 4807, 4627)
( 1096, 2660)
( 3045, 827)
( 46, 47)
( 112, 3374)
( 4136, 3393)
( 95, 47)
( 2880, 2812)
( 65, 1078)
( 96, 1078)
( 30, 2984)
( 116, 1078)
( 50, 1308)
( 1, 1962)
( 3324, 1)
( 3063, 2028)
( 4884, 4455)
( 3062, 1729)
( 582, 1353)
