-20633.9 -2315.59 27 2.35223
-6523.88 18534.1 1 26.485
-24256.8 10459.3 30 42.3083
-4704.04 22978 38 2.37323
14359 -7541.03 12 36.133
7371.54 -12728.2 22 23.8866
-18675.6 22268.8 46 45.2327
27252 -13095.9 4 3.68745
23173.8 -1991.03 47 38.0757
-27111.4 20621.8 32 36.2706
-10846 743.327 30 20.604
2089.02 -11916.1 9 28.5827
-85.1133 13904.4 28 31.2425
12023.8 -22904.5 14 20.7147
-14565 -10217.8 45 7.51675
-14.5022 4882.45 43 47.7704
-5109.07 3634.33 12 23.2015
-10122 -20904.1 33 40.1536
-16618 22493.7 21 47.3743
-22838.3 -24020.4 18 6.75547
-2671.19 24173.8 33 33.9796
-1609.31 5622.05 41 23.1122
18183.1 11323.6 50 42.5635
-22207.7 4296.13 44 36.4874
11566 -26930.8 45 23.1661
9390.03 -16824.9 46 44.5009
27404.3 -3022.69 16 44.0752
-7551.15 27950.5 7 30.8175
12730.8 -4607.47 34 10.2631
-22705.3 14784.3 32 10.6773
25062.5 -12924 35 38.8433
-17137.8 -17257.9 50 40.9863
-18094.7 -19167.1 50 11.68
10976.4 10989.6 38 31.6715
-10148.4 -21423.5 38 27.6956
-19989.5 -821.79 43 27.8418
1598.7 4934.67 26 12.9421
-1349.81 -12359.6 3 12.6961
12802.1 24906.2 23 16.078
-5497.36 27244.1 7 17.1909
-27162.8 8006.82 27 13.3307
10865.3 17757.7 1 35.3475
14095.8 10958 14 8.55895
-18867.5 15847.6 38 0.317084
2465.27 -15913.8 19 32.9527
17692.2 10421.7 15 5.18986
-24904.4 -19024.7 36 2.53013
-2996.58 -11987.2 42 28.8888
27265.4 -27907.2 43 18.8775
10042.6 -26007.1 6 9.41379
-20947.8 25425.6 18 48.7126
17530.7 -14303.2 38 22.5926
-16264.5 2630.59 0 29.968
-6982.64 -21076.3 49 4.01765
-13991.3 15070.4 25 33.5952
-15088 3505.71 33 18.5733
-18708.1 -19053.6 2 6.24725
23185.4 5238.56 36 2.68472
-24340 26722.1 23 22.2965
-7138.89 26031.7 13 6.19244
-22109.6 -7360.52 21 35.6773
18849.5 -6212.63 47 18.1042
-14535.3 -4391.6 24 5.24846
9453.94 -14350 36 19.1411
16539.7 -27819.2 13 21.2596
16567.9 -18415.3 30 17.3746
18723 -9551.68 40 2.26704
-24543 24032.4 11 4.44963
-13340.4 -6811.49 10 21.8048
-3106.92 1331.22 1 29.5794
2045.58 -5399.46 50 42.5265
27865.5 -1787.82 47 40.7703
24934 -19296.8 2 5.50097
3443.09 946.854 34 34.923
-8631.18 -20120.2 46 19.0057
10703.1 11966.9 3 46.2752
18550.3 5691.71 36 24.5409
-12697.9 11119.3 34 27.4368
4008.63 -3286.46 7 36.5682
-10044 -14272 5 27.5915
15233.7 -745.855 33 20.3769
1915.12 5910.14 14 26.5245
5458.67 23534.1 34 26.3706
-13920.4 -27730.3 47 42.9383
-21114.8 11338.4 22 38.3087
-11364.4 -9043.46 16 28.6591
26563.5 -456.918 18 8.11019
-1786.32 21487.5 21 32.5647
22268.8 22468.2 39 28.6221
20250.8 20691.7 29 40.5948
4472.3 21323.9 17 37.1563
11766.4 -7874.75 4 20.8398
17530.6 15084.2 32 43.9206
-6573.3 -21182.6 3 23.882
26649.3 10147.1 46 42.9607
-76.6885 -2758.85 25 46.6422
-23502 -5142.06 12 41.6737
-9009.33 -3344.99 29 18.4101
-19667.9 27742.4 35 42.4639
-27462 7787.24 32 39.9517
-9278.82 -19885.7 14 42.7183
-27687.1 -6610.52 26 13.2067
7538.69 -2349.43 19 37.7928
3411.21 -4728.63 16 35.9578
-7091.88 -23864.4 10 41.5762
-17853 24310.2 30 23.1529
-25173 5371.92 38 6.55115
4551.97 26993.8 0 9.73394
12308.5 18876.6 42 36.5224
9192.25 20674.5 22 13.8334
18837 -9356.01 26 40.9054
24720 -20942.1 12 9.8089
6901.59 9612.3 19 33.3674
7210.18 4163.37 1 42.7541
-24642.3 -12348.4 22 4.59004
-26151.8 -716.137 29 21.7251
-12743.2 -14319.2 48 6.35438
-27607.6 -25178 48 28.67
103.81 283.303 26 45.1528
-6076.36 -14391.9 6 32.4038
-22088.5 -7785.82 39 33.3182
-11642.9 -15473 34 44.3255
11179.8 16351 43 13.2331
27929.2 -21155.6 8 38.6601
24042 -13087.9 24 12.8762
-16345.1 14787.6 31 17.8167
16303.9 -26977.9 38 44.7482
-15957.2 -27004 46 19.6725
-20741.9 24755.9 18 4.03276
-375.452 7993.12 22 17.4578
13696.5 15479.4 12 42.7302
-7074.94 -13335.7 6 37.5262
-14858.2 10301 4 7.62813
-25450.9 18464.4 7 11.3744
-24991.3 17489.1 21 5.40243
18724.7 12148.6 30 11.3881
24248.3 755.94 19 39.6936
8616.89 -13489.3 1 10.3875
-21241.3 -20287.9 29 24.1801
-22354.7 19133.4 46 48.5149
-2871.66 10859.9 41 9.68168
-6807.11 -15245.7 45 6.8497
-5080.42 -26249.7 15 40.6595
15964.1 4315.31 32 0.0137675
-436.386 -10161.2 43 19.9571
-2414.78 -11620.3 49 49.9546
-16856 2398.17 12 28.7812
27419.6 3067.54 7 26.1892
10007.7 19299.9 44 7.27002
4761.53 -329.481 31 30.6963
-8764.6 -18402 31 28.4219
-6928.49 4654.45 21 16.2631
1784.17 -24626.5 24 49.6089
-1400.89 -3073.99 46 42.9256
19394.2 9203.35 33 22.8808
26486 19723.7 3 47.4697
-3873.83 -16876.7 19 40.7112
-10416.8 10530.3 46 0.190921
9423.32 979.003 16 16.0412
-19724.6 24751 44 10.1957
-21891.3 3423.45 49 1.19304
23140.5 -18335.7 24 46.8304
14186.9 -18342.3 26 41.4082
-2544.31 19237.8 12 41.9778
1472.8 -22874.1 20 13.2394
6757.67 -9670.46 7 22.76
-5092.77 -18632 28 7.01295
-18879.4 -6743.39 32 1.88414
-497.167 -13847.8 22 16.2789
-10170.9 -8440.93 8 5.8221
-15658.1 -13744.5 22 14.1297
9546.21 14438.7 46 37.9849
-6997.75 13749.2 50 21.4305
-17814.7 188.025 47 14.5583
18517.5 -17381.2 49 43.4939
26301.4 -15200 30 27.4739
11670.3 21479.6 3 13.4959
24900.3 23059.3 8 14.1414
-5638.76 22539.6 10 18.6389
8899.08 1239.33 23 33.3552
2340.59 13791.9 40 22.6614
-16026.1 -5205.24 14 15.0731
22529 26557.4 2 8.17753
23602.2 2520.86 3 19.169
3310.09 11145.7 30 14.1381
3041.29 -21438.9 8 40.4155
8296.64 -23920.1 23 4.94286
-3455.72 27653.1 45 21.9575
4291.72 -19978.3 25 36.4821
-6427.74 -13195.6 8 12.2714
-13958.2 2789.57 36 24.3242
-26857.4 25732.8 29 20.0261
-25569.2 -20714.5 29 34.0668
-11599.1 26767.1 50 16.6434
10172.7 -16567.4 10 14.0394
16195.2 -19039.6 12 25.8535
5415.34 27256.8 48 38.8519
15030.1 4774.41 21 23.8879
-11491.6 -1438.07 45 12.996
-22856.9 10026.4 34 32.6233
-27709.8 -24685 47 39.0678
-11432 22958.5 47 12.5327
-1460.36 357.843 45 47.9353
-13278.1 15201.2 39 22.7239
13552.1 -12760.4 39 5.99984
-4203.78 7478.37 48 47.2981
18407.5 -15198.4 4 2.17455
670.554 27904.8 21 20.1854
-16580.1 18120.4 45 40.8533
-2322.65 5191.51 30 49.3715
-20710.1 9958.61 16 22.573
11415.6 10694.1 3 10.1482
25660 13466.7 9 1.0229
-4468.9 9903.66 42 31.1407
12613.1 -4881.17 27 32.0177
-9525.59 -6956.95 27 3.94705
-1661.51 -9046.67 18 39.3356
22282 -4882.36 9 26.5465
-14821.7 -14686.2 40 20.0508
14287.3 26801.7 18 8.25215
-19579.2 22775.6 1 47.2298
-26298.8 7932.21 7 15.3763
-26041.6 -24347.3 14 18.7104
6847.81 -8590.91 7 28.273
-2304.92 -18939.3 16 22.0319
3755.35 27316 37 25.5413
4770.17 12634.8 26 29.3896
446.178 -2060.27 8 1.73348
25033.7 17925.2 14 32.7775
-3839.87 -6543.46 32 10.4443
-7446.89 -21071.5 21 1.45636
7393.75 603.771 36 36.0474
-6596.82 -17676 24 34.3419
16828.6 -2809.72 11 26.3845
9778.22 5417.27 18 21.155
23744.6 17927.6 1 13.7792
15801.8 16653.4 30 27.3595
4314.27 8490.84 41 36.8528
-10294 -22170.5 29 10.5897
-23034.1 5245.49 40 32.3936
5146.06 -9448.18 44 23.6365
-25774 16248.8 9 11.8929
-8713.79 -10247.3 1 11.4169
-24542.2 -11844.6 33 9.05795
-26639.6 -911.504 47 29.3535
-27632.8 -10529.9 11 40.8973
-17748.8 22044.1 25 6.95351
-23388.4 -7810.93 12 28.5339
-11800.4 -10038.3 38 39.6916
17308.8 4367.59 16 2.95915
889.039 2420.6 50 0.348014
7132.67 -12029.4 8 46.4394
-17028.7 16874.2 44 16.4086
17121.6 -4633.92 37 32.9848
-18155.9 -12991.6 20 47.7181
10362.4 22767.5 30 37.1571
25923.6 -22425.2 6 39.2747
-8341.06 -14372 4 6.05017
4456.25 4908.25 30 28.8215
-13621.9 17384.4 50 6.70567
8716.49 -8338.46 46 3.87687
25568 5469.8 6 6.02248
-4390.93 -13561.1 24 39.023
7483.88 -807.673 4 17.1648
24152.5 -14254.4 20 7.097
10105.8 18103 33 19.1728
3338.85 11299 30 38.5051
-21099.4 -18771.2 40 14.0056
455.685 -11242.7 14 25.5344
22761.1 -10723.1 11 8.15196
-23388.5 -20879 9 42.3599
-1193.83 9253.44 35 38.1812
-14806.4 -17684.1 3 32.0047
24264.5 -7857.32 16 8.77898
27204.2 8063.84 33 3.63175
-197.813 -123.812 17 18.3157
15298.6 20498.1 25 19.6515
-6697.3 24590.7 39 13.1873
3703.15 -11046.9 3 23.6828
6899.01 6234.71 35 49.803
-26612.9 -1884.34 49 7.73848
5256.76 4455.87 41 23.3586
-9753.28 23006.4 15 30.7704
27102.1 22460.6 25 13.7859
-25357.6 22526.1 7 46.9605
-22862.3 -3061.53 33 29.1841
-7173.05 2155.5 21 40.1889
10359.5 -21913.1 41 31.7116
13654.8 9521.42 5 29.9665
4431.03 26211.3 8 13.2323
-1077.91 11170.7 6 24.4184
-4636.4 -22102.5 49 29.8088
17003.3 -15254 20 23.4849
27222.3 -14504.2 21 10.6809
-8196.65 -20520.8 35 13.8548
12199 15935.9 13 49.8577
-19257.5 -24570.5 14 29.2656
-404.343 -12904.6 26 43.1496
20164 22806.4 13 12.0245
821.38 -4888.54 16 29.151
20853.3 23323.7 26 6.67025
11492.3 20735.9 44 30.5469
-7438.79 2797.04 49 36.4835
-18398.1 3195.5 27 1.29553
-838.545 15925.5 7 18.2985
8252.67 -8620.61 12 40.6002
-17099.5 -15000.4 26 9.16007
136.701 -8210.36 18 13.8324
-212.01 24241 42 1.94047
25687.2 6242.19 47 45.9301
-18356.4 -12069 14 11.5666
-21893.8 -16974.1 7 30.5365
-2638.27 12877.3 15 44.9072
5623.1 7212.42 6 44.6333
-25825.6 -14959.4 41 14.9553
17520 -407.692 7 45.3693
-14069.8 -15727.5 14 10.4338
-7368.57 21005.8 43 34.5615
25041.6 -12248 28 5.68484
-27614.1 -15415.2 1 44.5161
20490.6 -22724.7 12 22.4654
14229.1 -13412.2 8 27.6784
10649.3 10617.3 1 9.07783
-20291.8 -17247.5 5 21.5377
7423.21 14440.6 24 32.1639
-1928.85 6490.55 24 11.57
26813.8 -4170.54 41 26.7781
24548.8 -26303.6 7 36.5453
14827 -26425.1 33 8.36291
1542.5 1558.2 7 29.6994
5724.97 -16824.4 3 18.9971
-13886.2 -14781.6 8 46.1945
-767.876 1823.52 39 45.776
599.44 -24721.3 0 2.93363
-14515.6 -7750.38 21 47.023
22207.9 1705.52 18 7.66024
6039.9 3794.03 9 9.17961
-25833.4 2203.52 42 32.293
-9245.91 26044 49 32.0373
13946.8 -6314.04 25 15.1096
14185.7 -3996.35 4 43.4059
-8679.14 -26885.3 28 20.3718
-11481.7 20357.8 19 7.60953
-12653 4479.37 44 4.67009
14439.7 19564.1 8 33.2253
3118.87 -10413.7 4 9.93752
-294.546 -7689.88 29 18.6579
23793.6 23747.5 36 34.9795
20080.4 16245.3 6 37.5186
6065.86 -12291.8 22 46.8434
-317.959 -23499.8 31 1.92095
-5489.12 -12975 18 18.6079
-22625.3 25481.9 13 9.72098
4194.77 -18482.7 18 38.1161
10753.7 -15656.3 32 45.2127
-27425 -2346.47 13 22.3237
23170.4 7318.73 1 3.24077
-2833.95 -2454.45 43 43.3892
-8208.22 7104.23 33 31.9785
-25650.5 14200.7 25 14.7762
4017.12 12258.1 22 43.6269
18016.9 19198.7 26 29.3552
-12799.8 13515 35 20.6754
21851.5 -4925.32 14 12.4582
-26935.1 -996.835 16 25.7732
16279.3 19880.2 2 20.0142
-4008.79 -4097.3 40 24.2145
-27260 -9683.03 19 31.805
-24659.4 5149.08 44 39.9322
-23181.5 -5232.1 10 15.5315
26349.2 21614.5 28 31.7612
-31.3078 13677.4 22 39.0793
-25364.6 17698.2 9 6.084
-19814.8 26786 32 45.7909
546.152 25544.8 6 39.9416
-13283.1 15080.1 21 22.7448
16330.4 6789.82 15 49.2553
-27498.2 -7279.22 42 10.453
-10874.7 -9705.05 39 6.49176
19864.3 16131.2 44 39.4352
3875.96 23538.5 50 45.6114
-4543.4 -26192 32 41.5311
15685.1 1452.02 14 40.4714
2386.23 89.4902 18 25.4755
25186.1 -3811.65 26 6.37744
14544.9 19418.4 23 10.571
17001 -18848.6 29 4.36839
-3459.53 -5126.82 41 21.7887
-7637.47 721.99 9 12.3664
-2452.69 27190.6 4 5.53098
3236.15 22393.3 14 8.16993
17400.5 -21378 22 37.0077
4938.21 20600.4 9 29.2778
10825.7 16876.1 22 23.2565
-9220.64 23267.5 33 38.9158
2395.28 -20453.4 47 36.5001
20506.3 -17213.9 8 19.3141
-23240.2 -13408.5 14 39.8146
-15687.2 24200.8 39 11.4135
10235.6 -1382.56 28 38.6702
3757.64 -11534.3 39 39.6726
16353.4 16552.3 13 44.17
5665.6 21432.3 44 45.4164
14759.4 25962 17 34.9193
5731.08 -20491.5 25 19.9507
27207.5 -3200.94 41 43.0414
-9784.27 -27683.1 4 46.1238
12538.8 -26440.7 50 15.1666
-23259 -1866.56 15 4.6067
12824.3 -18054.3 48 3.68885
15605.8 1957.31 47 41.2985
4010.14 1066.05 22 8.8894
1289.06 9412.32 19 3.17637
22335.4 392.649 17 45.7936
27687.5 14565.6 50 30.1388
15021.9 -23102.2 48 7.75108
-2761.04 12601.4 25 11.9756
27996.5 -4501.17 29 29.4094
10351.7 13951.5 35 15.823
8795.84 7435.31 1 24.3638
-7348.11 4162.55 39 31.6368
-2051.95 428.387 3 23.8154
-7914.27 -5122.89 50 31.2098
11480.7 -5293.47 40 8.90501
-22560.4 -24862.9 26 37.1027
18546.5 -2400.84 48 18.9419
-4023.47 -25383.5 13 6.39647
-18221.5 17246.2 26 32.0795
-27780.9 6314.09 26 35.7823
-20807.2 -27067 0 5.04411
-23188.9 -25109.6 24 24.1874
-201.017 -11600.2 49 23.4719
-10041.3 14656.7 17 34.4039
-10107.5 -3965.85 12 28.4099
7439.21 -1244.67 48 45.3883
5947.79 -11139.9 7 19.9626
-11141.5 -8438.94 38 40.5742
-17212.2 19246.1 38 12.3365
-20089.8 846.417 27 4.3512
-15745.7 -15659.4 36 24.2636
-12998.2 19990.4 6 41.5206
22294.7 -9507.73 50 13.5536
22123.1 -22191.8 9 19.9466
4306.42 22004.9 36 30.3392
-12660.5 -22217.8 19 18.1749
-27435.5 -7301.44 7 21.7106
-18561 1401.74 10 15.6637
-1168.83 -20649.2 8 38.6786
-7069.88 -7941.69 0 14.6192
-6938.07 27684.4 14 12.0269
-24066.3 2658.75 23 15.1244
-17670 17223.9 41 30.3428
-15604.1 13923.6 17 9.22151
11367.2 22898.5 45 30.1971
-2183.12 -106.156 32 28.6511
-7527.55 -3240.67 45 33.7449
2783.6 -18734.6 39 16.3722
-1398.98 -19306 14 49.5908
919.611 17656.1 28 33.0379
-19731.9 -2755.39 27 28.9864
-5853.91 -10990.2 3 38.2362
5844.64 13621.2 29 19.8731
-4602.22 16437.5 41 20.1531
-26224.1 17772.7 27 37.3449
-14316 17425.7 19 8.98495
12509.7 12468.1 24 27.6151
-19539.9 21295.6 42 32.7349
11380.6 16019 10 12.3191
25059.7 24608.7 8 40.9711
-20148.5 -26177.1 4 47.6992
27000.3 -6731.12 16 39.6234
21376.8 -19179 20 49.7991
-15367.6 20986.8 7 12.7213
-21123 -15963.7 20 18.7549
-668.715 5490.28 13 36.3295
-21301.5 -22541 18 7.0808
7023.44 23891 39 27.3897
12150.4 18412.5 28 16.6823
-14778.3 16776.8 32 32.4649
12470 -17137.1 12 24.7488
-3770.78 22770.5 25 14.0566
-21060.2 -15218.5 1 14.659
13788.1 11385.4 27 11.6931
3178.05 -23504.9 4 30.6395
-16460.4 9710.59 45 37.9488
-11744.4 24965.8 18 4.17569
-23067.6 -11292 24 3.08496
26266.4 13293.6 11 21.2732
6296.57 -8629.71 25 11.1359
-26043.8 -18738.1 37 22.592
-26545.5 23371.3 41 9.80704
7640.27 24917 36 27.8533
-13028.3 11960.2 2 30.1086
-7159.73 19457.2 4 49.2337
-24919.7 25582.5 23 31.979
9142.31 -9889.61 19 42.7193
-6404.41 2430.29 45 47.2344
-5221.76 18457.5 2 2.63244
16114.5 -2950.02 6 5.81398
-4353.71 3956.79 1 4.22956
27388.5 -22039.5 45 22.3413
-11761.6 -16299.3 34 45.606
-23139.3 -1041.24 50 32.2511
-3350.78 -9125.41 37 42.8572
13211.8 17351.7 9 35.3964
25568.5 12275.7 38 6.20182
14239.3 15998.8 6 17.1853
-18429.2 22178.3 38 10.7292
-8439.34 -26154 1 41.943
7297.03 -22570.4 28 5.69047
-10755.5 -16454.7 2 3.08288
-17438.5 3761.41 20 32.3743
-1146.26 18046.8 39 49.8586
20589.8 -16109.7 29 34.9321
-3729.25 -7993.57 21 36.4045
27660.2 26141.3 8 7.24823
12522.3 -10419.5 18 32.7871
-27861.5 -9183.82 10 48.3416
-1684.77 21566.7 10 47.3703
13555.3 14849.6 12 7.99628
-15466.7 -9206.72 17 35.0108
-15428 -15000 31 40.9596
12014 12748.4 31 3.87922
-10585.6 13948.8 44 35.4154
-7728.36 24590.3 34 43.2702
24520.4 579.979 28 34.5897
-27132 -17832.6 25 37.3607
24259.9 8278.03 48 28.8526
2363.85 -22047 33 11.4151
-3130.52 22227.4 25 36.9067
5627.35 -16557.4 11 20.86
2679.35 -1386.01 26 36.8173
2726.62 20459.4 44 18.3173
8607.17 -2786.5 10 35.7554
-13237.3 -10641 44 46.0644
-10718.2 -18584.3 44 48.9299
-23207 -25437 11 41.2535
23929.1 -20039.3 11 44.4927
-5296.57 -23774.8 4 7.23084
-23744 -25485.9 27 46.6713
23839.7 12063.5 3 23.4725
24378.1 -10098.7 31 31.8335
-15286.6 -17281.5 44 25.1655
-4655.62 7289.44 12 31.4408
-4470 1158.07 3 26.7353
-14277.1 -12035.3 19 15.7203
-19123.2 25740.7 47 35.2773
20907.3 1434.66 3 27.0758
-12085.9 7497.75 38 30.4201
-22919.2 27286.2 39 19.162
10651 12009.5 43 10.7415
26758.3 -19941.9 22 19.3558
20498.6 27602.2 31 15.7138
-26196.3 17557.4 47 23.0118
-9409.26 -10503.1 13 46.3867
-153.378 -3255.32 25 43.9212
-6917.4 -17496.7 14 44.4538
-27718.4 -6911.19 14 49.2215
12788.4 7325.68 6 27.455
-20499 14497.3 25 26.9847
528.952 -23631.2 9 19.4737
18243.3 -27020.1 4 3.55423
-19450.5 -15867.9 7 23.5111
26803.3 15132.8 11 38.3131
6766.45 -11722.1 21 49.916
-7307.06 -1345.17 39 31.3031
-25685.8 5740.84 23 12.4836
23456.2 13902.7 2 20.5611
19309.9 5218.61 37 39.1332
-7988.19 -8938.56 41 29.8023
-452.474 23614.3 37 5.53812
-25230.9 -24930.3 15 10.9756
23004.4 -19030 6 34.0743
2116.28 4231.32 21 5.69866
-18582.1 27164.5 12 48.1737
-9990.78 -11330.5 47 35.3485
-4644.65 21571.1 26 17.9521
-12465.9 2525.34 21 46.8013
-4948.81 -17760.1 12 29.1692
-17862.1 -23018.5 2 43.0225
8910.87 11152.7 36 10.4233
-2671.54 10457.3 50 8.45207
-6730.47 20602.9 47 3.66114
26750.9 -6753.36 33 34.5142
-5155.96 22692.6 6 42.4841
-18607.5 11668.3 23 6.94331
-23691.6 9645.12 12 8.3561
26424.5 3122.67 35 2.91597
18058.8 12542.6 42 11.0076
1496.13 6326.11 6 2.02364
-23986.7 18721.8 18 17.7064
-20319.1 7357.8 38 17.2084
-20918.5 8972.72 22 27.2102
21039.8 -13117.7 28 4.46434
26414.3 -23331.3 10 41.6117
-5288.4 -22540.6 25 33.3726
17612.8 23042.1 50 29.5431
-930.665 5866.7 12 31.3242
-23053.4 5942.02 43 8.34609
2007.81 24798.2 2 38.0393
15543.4 1645.19 13 45.4233
-11223.4 11857.4 10 49.4652
1815.18 -27076.3 11 18.4265
6647.73 25158.1 3 11.8108
-26850.7 -8281.05 7 2.09399
5372.29 14084.1 24 23.3686
-14636.7 -11644.1 40 1.86795
304.787 22086.6 12 45.5392
-27942.8 -14290.9 22 19.5256
-7968.03 -7854.6 6 48.9429
8940.38 -19324.5 37 47.6441
27691.7 24240.2 30 28.9328
9500.96 -24924.5 2 12.1123
15037.9 -4496.88 44 9.64209
4058.39 25031.8 8 33.9345
19267.1 -9085.58 35 43.0626
13678.2 -23866.6 26 29.2757
-6224.74 -1894.3 49 43.9544
-11696.9 -755.636 36 31.5724
-2750.31 -642.367 36 21.0073
2238.09 12068.8 32 20.6346
-7888.33 4062.07 32 16.316
3196.69 -2466.17 17 9.73651
770.185 -11365.3 25 8.23054
9849.44 10157.6 1 40.8853
-9754.04 4633.47 6 34.7796
-10808.1 -6238.26 12 40.6218
24505 27497.9 15 32.5592
17351.3 20835 30 23.7175
17758.6 23319.7 17 0.387031
9869.59 25691.7 11 41.2695
8730.47 -10505.2 31 36.6537
-11901.1 19202.1 26 42.4305
-9265.85 8181.96 5 33.9976
27997.9 -18771.6 33 16.4097
10603.4 4841.81 33 48.5541
6814.22 -14131 21 36.875
-22806.9 -6701.46 11 11.6052
3680.46 -19712.6 13 9.34977
21735.2 15562 1 25.6578
8687 17282.9 27 23.2197
20820.5 21911.2 30 16.8271
327.148 -4692.9 2 14.2048
27424.9 21994 23 47.0358
2502.73 647.871 48 43.0565
-2155.48 -17504.5 49 0.48571
849.379 -18583.4 8 8.80099
-17024.4 -17132.8 26 29.309
-21885.5 -18057.3 2 11.5397
-4759.84 3998.94 34 2.26582
-8296.83 21304.6 28 11.534
-13921.3 6259.91 13 21.8406
-18285.1 -20719 10 9.24964
4634.57 -21937.9 19 22.9621
-27316.1 10759.2 30 25.7717
-26276 16694.3 45 23.7409
25211.2 19472.5 35 46.6059
-12336.5 21928.3 37 23.8572
-9511.74 -9628.31 40 15.3042
26098 25620 36 12.491
-21250.9 2323.4 41 40.039
-8873.58 -17689.8 17 33.2155
-1208.94 24296.5 24 24.5901
-13627.6 19461.1 13 31.4199
6697.62 -22346.4 39 14.3331
11872.8 -2876.36 11 2.64187
-14430.3 15402.8 13 26.5037
-16015.2 26523.8 49 24.8709
22789 -27988.1 29 45.4035
-26041.3 18833.7 48 0.791363
-3868.64 6332.73 5 4.63857
-9148.33 14110.2 17 47.8765
7303.75 -9896.59 14 21.9841
-3531.9 -24528.4 46 45.0202
11468 955.857 19 25.1606
-24407.3 -6922.58 43 5.77838
-25800.4 5872.33 47 48.4008
-22164.4 4690.02 4 47.8918
26106.2 220.656 36 4.92703
13825 -25341.7 42 24.1995
24936.3 -20684.2 33 25.8261
-21952.2 -972.59 30 39.2874
-11905.3 -11656.5 4 8.75657
1941.34 15510.5 29 49.0807
-2865.55 -15431 13 4.26663
25421.3 12461.2 21 42.6329
26900.3 2455.82 28 16.9944
10661 -19812.1 19 36.9747
-17428.6 6494.7 36 6.72828
21335.7 -24782.7 30 5.61153
-15463.9 26552.2 24 39.4912
10541.9 1620.69 46 23.5307
-11266.2 -19232.1 24 14.4335
27648.1 -17689.8 18 43.7438
747.078 -4184.98 24 15.1826
-5829.85 2467.63 4 9.82905
-21017.9 -23533.3 28 43.0433
-19680.6 -22708.9 49 6.78152
-966.889 2466.93 45 34.1235
21428.2 6309.67 9 24.6222
7782.29 -6563.92 25 40.1122
-16274.1 -22242.9 43 15.6314
-7530.64 20565 29 7.82834
14665.7 17137 37 32.3214
-19262 -10957.5 44 17.3929
6758.58 -5856.2 46 44.7311
-2703.67 17979.3 27 43.4706
26603.8 14234.3 28 47.3056
20031.6 -2556.74 8 21.6591
-13503.3 -21634.8 18 17.6117
22404.9 -17092.8 26 29.9492
-5346.02 -6897.61 18 10.0173
8745.14 -25874.4 48 46.7645
-22228.2 -11292.6 15 2.13899
14936.7 -16179.4 32 2.79213
470.836 20090.2 3 39.9951
27271 -19512 22 5.62047
19695.7 2051.53 11 35.0162
2892.4 25063.4 32 0.992492
4072.79 15630.6 32 9.26248
8373.33 -14724.5 16 9.24227
-13523.2 27527 2 26.351
-6271.14 -8335.87 35 31.4983
418.028 -4429.1 11 40.0942
-1291.92 -9663.26 16 3.1118
-14592.7 -17485.9 27 46.1461
-13023 17808.1 8 12.2643
15955.7 -6092.96 43 12.1971
-23477.8 345.334 7 28.7219
20518.6 23910.8 36 19.0982
-7.90452 -3538.44 26 13.1539
-1387.58 21924.9 36 20.7713
-27633.2 6376.04 5 21.3788
20854.5 -14842.6 43 31.2358
-10035.8 -2101.56 39 22.77
3406.16 -10910.9 44 19.1845
2872.81 23584 32 28.3605
16198 -23721.6 2 40.9036
-7182.77 20856.8 7 15.1973
-2777.4 7992.36 10 36.2655
15073.3 -2197.82 44 8.654
21008.1 4237.29 11 43.0283
-18853.1 -2233.54 8 32.873
20672.1 -9642.44 28 32.7089
11785.8 7676.4 19 8.65068
-6581.5 13937.3 21 24.6082
-4026.32 6603.04 12 15.6668
12711.7 -14519.4 43 16.8865
16843.4 -13976.4 43 1.89573
17044.7 5535.92 49 26.0118
6595.14 -20051 35 45.9329
17057.9 15949.7 19 10.9696
-18848.5 9315.73 19 49.4121
9280.39 -8447.64 7 35.3926
-16442.6 11239.4 36 26.6333
-20013.9 -2657.01 3 7.09966
20380 -1921.18 46 45.0873
-22534.7 21049 43 1.30695
3099.05 22371 30 7.10374
11878.3 7300.26 25 5.55302
-4028.39 -12767.7 30 0.428659
23739.1 -22696.2 40 30.3435
-17410 -23493.4 27 28.3272
-16988.4 -26556 19 40.9836
-23652.3 14110.6 22 7.81727
11210.6 -13265.1 16 11.8295
3676 -20851.1 28 35.394
-26800.9 -19771.3 32 33.032
-7065.98 -4967.74 28 13.5551
-21368.5 22688.8 49 11.4137
12258.5 -19812.2 18 10.4129
-20601.2 -10564.1 47 21.6796
-24551.3 14410.8 26 10.0858
21379.1 -2087.17 4 37.5113
1362.2 26616 32 5.25143
8027.06 -22283 41 15.7986
-15957.1 -13732.7 50 46.4268
24815.6 25948.2 9 34.3567
23496.7 3428.35 22 12.6352
-27352 -20969.7 49 20.2118
-14721.2 24055.1 2 25.4211
18241.6 -8153.3 25 39.2184
-3981.03 -2804.34 43 10.306
23037.7 -23753.5 24 43.2777
12211.1 -10721.8 31 14.5058
24190.4 -1463.89 7 5.60185
-8466.5 -20700.5 39 33.3845
421.804 25821.3 5 48.2547
23363.1 -25493.4 14 3.46341
24028.5 21106.5 4 7.59153
10733.2 -21903 44 37.9618
15267.5 20896.5 3 11.3769
-10143.9 4575.93 43 25.4783
-22289.6 -27826.9 48 40.2937
-24645.5 -15232.5 43 14.7762
20950.3 13624.7 30 18.588
-21066.7 -14496.5 38 34.2472
-14539.5 -9532.66 26 14.0176
-17220.4 2286.5 37 6.43006
11838.7 12763.5 7 28.5166
12812.7 -16253.7 18 32.8209
25562.8 23577.2 30 8.94799
25481.1 20955.5 39 40.693
8313.3 8466.7 29 18.8425
22615.7 -320.116 21 3.18004
12532.6 -26830.8 46 12.9738
-20635.6 -21864.7 17 19.1747
22880.4 24641.2 47 17.5656
8196.15 25255.4 14 12.909
-10444.6 -22075.2 8 8.66938
-20270.8 13846.4 7 7.64386
-26800.2 20768.3 29 37.8738
7805.4 637.65 44 35.4679
-22342.7 -11231 40 12.8928
14122.3 9179.27 21 34.6848
-23356.6 -18813.9 50 35.0866
-19098.1 -14642.5 46 18.0281
21377.9 23886.9 28 4.1943
26069.3 27821.1 15 4.64781
25249.4 2970.43 0 21.587
-10865.4 7134.63 39 46.0301
-12973.8 5273.38 8 25.2051
23447.8 11766.1 41 48.1285
-13514.6 21896.4 8 4.81919
27107.8 3880.65 9 22.1436
-8182.67 20000.9 13 6.03721
-10417.6 -23333.4 29 22.5664
-15079.4 19779 34 42.6657
16260.4 10346.7 41 42.7024
618.367 -20558.7 15 12.8724
-20284.4 -22320.1 33 5.08521
-18002 -22864.3 17 34.4389
27431.5 4085.65 36 21.1606
17591.9 -15749 42 24.6359
-10959.1 -6138.04 16 27.3838
24331.3 26950.2 47 13.435
-9509.24 -6697.48 21 3.86792
8003.09 -5109.63 49 6.50425
-1738.47 793.749 36 36.4275
21176.1 807.761 47 30.1346
-23547.5 15478.1 43 24.2699
11546.8 -16990.3 14 35.9569
-869.814 -20184.5 32 12.7053
-10817.5 -13054.5 26 21.3126
-23295 18678.5 20 39.9703
18307.3 21089.8 4 13.2858
8125.78 24621.9 7 39.6999
16418.8 13172.3 43 39.1283
10226 18942.7 34 16.9412
25718.6 -27194.1 44 12.7979
19444 8309.45 19 24.4035
11020.4 -15461.6 5 37.6528
-15824.8 -19701.5 30 22.5558
24126.2 -13938.1 16 8.22129
3716.92 14054 23 9.39481
8883.66 -20107 44 17.7384
-5688.65 995.31 11 38.749
16399.9 14555.8 3 22.047
-17949 358.817 9 30.7849
10399.2 -25897.9 45 47.8493
26600.9 1246.32 28 9.58239
-11408 -16157.3 14 8.5902
23495.9 25788.8 18 30.6247
20281.4 14694.3 31 18.2751
-11927.7 11055.4 26 36.3348
10304.6 618.071 50 11.6727
-27822.5 3244.84 18 22.2854
19433.6 20479.7 48 11.2036
26965.4 23747.2 32 40.1712
16915.9 26966.7 44 24.5751
-2640.62 15715.1 50 48.5876
25556 24701.9 7 42.0895
-5087.21 2617.47 3 36.8327
17.0695 11349.5 39 28.8708
-7824.48 -7552.36 43 13.1984
5055.53 10757.5 4 35.7173
-27096.2 -951.633 45 36.8057
2917.13 17388.5 12 29.2147
332.642 -5531.3 21 16.6264
24185.6 1848.49 14 40.1493
9407.95 -18275.7 25 3.7215
19234.1 -453.666 17 28.4823
-6152.92 -16592.7 30 48.74
24218.4 -22193.8 29 0.776101
-22173.7 13567.9 28 0.796553
21062.8 20386.4 49 41.3631
20415.5 23672.7 13 41.0825
15334.3 -18230.4 5 33.9057
9378.87 13140.8 19 34.1768
15219.7 -21534 30 39.0688
24307.8 24103.1 22 32.5508
-3119.19 22901.7 44 15.8188
4799.8 8565.34 8 8.47465
-15400.1 18101.3 8 47.6114
-23152.3 5707.14 18 6.09179
2650.56 8541.97 8 9.09841
-2917.4 -3597.22 45 10.1585
13045.3 2830.5 0 3.88839
2955.92 -7614.37 12 4.51531
-1612.33 21788.4 38 4.81365
-19333.2 -16193.6 20 32.5324
-6882.39 1611.81 12 29.9155
17745.6 -5739.52 47 28.8471
27905.4 26200.6 48 0.43607
-6655.48 1082.52 20 23.1701
27680.5 -21448.8 8 39.1871
8365.83 -27691.4 31 43.2463
2417.51 5771.52 34 9.35046
1064.1 -12265.6 14 41.3078
-24784.8 23410 21 21.5773
2944.37 20380.3 7 32.4144
-18015 3112.97 39 47.7342
-13562.4 21611.1 27 2.88426
14405.1 -7518.14 6 20.7641
-2663.35 2924 3 4.07944
-2730.23 1133.46 34 35.7964
-16342.8 19151.2 12 17.8071
-6516.88 11383.5 49 1.70719
12024.8 5653.31 10 17.4472
22926.8 26528.2 14 17.4248
12304.4 17734.8 7 20.1118
-52.4807 -8559.7 26 17.4572
-18973.1 -11774.1 41 37.2987
11421 -11619.1 16 49.3673
17485.8 10435.8 27 0.454149
13996.7 -21920.9 24 22.1619
14256.7 -26704.4 43 20.8818
26530.8 -27259.1 18 25.5318
14432.6 -22949.4 42 36.7682
7362.97 5357.31 18 17.3966
-23861.8 -8592.58 33 15.9067
14640.1 -27792.2 18 42.0882
-21167 2683.43 44 47.4241
26680.8 -25245.8 31 18.1758
16060.5 26033.5 41 42.5306
26261.6 -6291.14 18 33.7085
3947.93 24008.6 3 46.1575
11385 5909.52 4 33.8818
-11813.3 21863.5 14 11.9092
19449.6 1038.65 11 4.02824
13166.4 12280.8 14 44.4178
26901.3 21040.9 19 9.85494
-7633.06 2610.24 45 8.38971
12963 -1166.7 17 25.4735
-492.74 -23393.2 31 31.9078
-25064.8 19118.2 17 14.1383
21695.7 19904.2 12 20.5511
847.315 -14522.6 45 48.418
20601.3 5161.86 35 3.39674
27451.4 -12011.8 23 22.6964
10809.2 6848.73 49 6.27131
17847.2 22441.4 36 13.9428
19273.9 824.007 41 19.217
-18494.5 -14124.1 25 4.69751
26943.7 -25136.2 24 10.9467
14826.1 21673.8 17 23.8293
27266.6 -13090 43 42.5939
9732.49 -20561.1 31 3.49507
2830.14 12012.6 39 14.8786
25302.6 -23035.8 45 42.9546
-7794.42 1753.11 33 23.1314
8133.13 5547.42 21 33.2319
14174.3 -18204.8 40 24.5128
27219.2 -12923 50 49.4943
-24129.2 -15844 17 8.80495
25378.2 23420.6 30 33.9427
-4510.14 -16230.7 13 30.1091
-25006.2 1352.84 26 1.79815
-26522.6 -8853.96 10 47.2541
-2390.5 17890.7 48 1.01996
-15501.1 7098.55 48 37.6657
-15054 27646.3 42 44.031
16548.9 8172.26 10 15.0272
18263.4 -27132.6 16 5.62658
27144.7 24106.5 24 47.2979
-19380.7 -20385 22 7.35413
12365.6 -16670.1 18 12.2011
-5567.66 -22296.5 39 4.87647
26383.4 22817.8 35 21.2666
19412.6 19307.5 8 29.1685
21255.2 -1708.74 33 3.69072
-24979.5 18528.1 12 5.40756
-13719.1 -26520.4 3 21.3793
-16420.7 22968.4 45 40.5652
-27060.8 -656.604 22 20.2628
-16663.8 -23090.3 26 20.4224
18518.3 10857.7 8 46.8081
17922.4 4485.49 36 14.068
24093.6 1324.57 1 18.3358
-18398.4 3072.62 34 38.3955
-9822.73 -12940 45 6.23573
6645.29 -18087.6 49 39.1717
-21630.9 22194.3 28 17.6682
14997.1 -15553.5 25 24.1739
-24713.7 10997 49 38.7985
-11480.3 -10708.5 31 3.1318
11779.1 -6505.66 50 41.9324
-3196.15 8152.76 17 8.59993
-26466.3 9556.07 26 14.613
1223.25 23889.4 15 32.6153
2950.32 -16573.6 17 23.7062
22755.5 19425.5 29 41.8331
15070.8 -22264.3 21 30.1601
1440.48 19651.3 16 37.6069
27033.1 4422.76 44 27.6625
-3085.65 27420.5 4 15.6331
27418.7 15055.8 6 19.2082
20804.6 -24038.9 42 26.7755
-20417.2 25233.1 30 47.7182
-13737.3 5692.63 0 18.4944
1861.56 11389 32 40.7677
-18426.8 23485.2 50 46.0303
-5632.05 -11318.4 29 17.3849
25137.3 -27576.4 6 0.532942
-25483.6 16962.8 22 37.5616
-26968 27202.2 29 2.87223
-25058.5 -12497.9 29 19.025
-24704.6 -8272.33 39 2.11679
-22891.2 2693.66 47 47.3879
-14806.8 -26895.1 31 48.9445
7698.61 -6731.14 16 20.7905
24349.5 -20392.8 5 38.172
7431.02 6201.03 29 12.0187
-8509.69 -15578 7 3.51434
-7666.13 -4103.18 1 26.3369
11850 19801.9 27 1.28968
-24239.6 -7497.04 23 13.2212
-19932.7 23576.2 15 44.3766
26123.6 23705.6 8 1.82017
19075.3 -16831 4 29.4964
20046.7 -19488.1 32 22.5334
-5506.04 -25887.9 46 44.8108
-7583.71 10557.1 47 8.04497
6756.48 -9024.97 44 15.5815
2560.38 11754.2 11 2.95553
2699.92 -7818.51 49 26.476
27705.3 -1002.72 28 46.5058
-15674.5 -11181.9 27 30.7671
-21868.6 -9026.44 22 9.58202
-11169.9 2321.43 11 33.9827
13417.6 20555.1 30 10.1818
-600.909 21934.9 36 1.58875
-12573.1 -3787.49 39 23.7133
-3706.73 26820.4 49 21.8298
7951.36 1370.91 48 7.60201
-15992.7 18610.8 3 33.2779
-27007.9 1384.24 48 27.9564
8344.44 5382.86 1 18.4305
-2508.57 -23821 11 39.2491
-6091.79 27345.8 33 21.3922
-3066.68 -14258.4 9 7.4453
22336.3 -23185.2 1 5.702
1284.3 9434.97 8 21.1311
-5930.02 -10811.8 31 43.7371
-18947.9 -18704.1 47 48.9062
-22502.5 24677 35 28.4224
8730.52 16720.6 38 29.5214
-4391.59 -13631.7 14 38.7074
10430 -10723.4 6 11.6653
-11825.8 18331.2 7 16.1287
1640.35 1998.99 22 39.8365
-19905.2 25329.6 27 20.4405
13034.1 10503.4 42 29.3583
-11882.7 -25798.6 34 34.947
13693.7 1254.76 4 24.0986
3097.91 4167.66 16 22.7629
11959.6 -8921.99 40 35.3279
2630.52 -35.8865 37 11.7371
-398.016 -1851.43 42 48.6355
8998.5 -1801.16 47 39.1408
-5887.19 24996.9 36 14.3333
-20075.5 4728.7 35 5.17781
-20741.6 3034.36 9 43.955
-17773.1 14913.5 21 7.83633
-11631.9 11069.2 32 18.5243
-25155.6 7828.89 7 35.2425
785.284 -22603.5 31 12.351
25567.9 -8102.89 31 48.4288
15444.2 26665.1 18 24.2599
-7289.28 18603.3 42 14.7282
-23037.9 -9571.96 36 29.4479
-27769.8 16594.8 1 1.24598
-26587 23220.5 28 6.90015
-19780.2 -5917.31 28 26.529
25048.9 -7248.19 6 29.591
-26455.7 8651.55 2 42.7849
13950.8 25238 3 40.6595
11359.1 -20353.2 50 35.2645
9661.63 2008.72 18 21.9199
-18413.1 22479.6 9 20.7176
-22830.5 26542.8 33 44.3622
-10620.1 -16852.3 35 23.9396
-304.923 -9999.6 18 12.8912
15043.1 9536.84 37 15.6671
-12712.1 -21304.2 28 21.3814
-23718.1 -8710.63 11 4.0299
13732.5 -2769.16 20 47.4714
14948.3 8546.6 27 10.8171
6719.75 -4673.62 42 45.9937
27578.4 -22301 21 25.9005
12013.1 5800.3 16 31.9935
-17817.9 12094 11 4.44017
24554.2 -17799.9 15 16.0643
-5090.58 21921 26 10.9036
-15947.4 -1023.31 19 17.1077
7792.17 -8656.73 20 32.353
-8572.58 -9228.65 38 14.7324
-15085.8 22515.6 50 30.3256
4449.47 -20697 41 34.2257
-4560.07 -18293.8 3 0.383715
-13115 4060.24 4 37.5987
13459.2 -13838.6 9 17.4848
-3863.28 -19774.8 30 5.84518
1766.2 18384.6 8 11.6616
-22336.2 -7253.16 32 20.0629
-24462.5 7487.25 31 23.199
878.939 6471.71 41 45.9873
1448.75 19492.9 41 16.1621
12705.7 -20331.1 32 30.9638
-13250.9 24995 6 8.49578
11266 -12944.3 29 1.45816
16723.5 24551.3 48 39.3895
23419.6 10828.4 19 1.68838
-24920.4 10448.6 20 36.224
-14204 9041.48 3 37.2606
14305.2 -9572.05 35 5.80404
-23510.8 -3498.65 23 37.1296
12522.6 -2550.38 3 34.6178
20596.2 -5592.58 1 11.4477
-1624.31 21763.5 13 36.3303
-8283.78 27458 16 4.67221
4188.03 6725.08 44 7.92123
-16779.9 -5311.06 26 23.6743
-26756.9 -7708.47 50 48.1142
19766.2 -2191.69 36 9.75519
-14327.4 23660.3 27 9.19363
19473.8 1854.2 50 29.414
-23143.7 -21184.5 25 14.4547
11244.6 -27452.9 10 6.1877
7324.99 23325.8 8 32.7726
-11886.1 27299.6 40 32.5542
5532.33 13116.6 6 32.0866
-14220.1 12136.8 2 40.4136
8911.27 -25302.7 27 0.841385
-20504.7 -22525 8 43.4981
-15949.6 -9377.35 6 48.5866
12815.1 -27908 31 28.4966
-26948.4 25041.6 5 7.94247
-13152.6 -26405.1 33 27.7385
-9069.18 14112.8 5 10.924
13159.9 18093.4 39 5.57325
25080.1 12952.3 41 23.6455
-10646.6 -3524.16 41 31.0463
24200.6 21321.9 36 34.2485
3662.36 -11545.7 17 41.1866
15864 -22792.3 48 23.1634
9374.38 -4539.58 3 25.6803
22604.1 -16259.4 33 34.4757
23258.1 9359.83 31 48.4617
-10596.7 14760.2 20 5.66665
-13836.2 19995.5 33 35.226
22053.2 -9159.53 25 5.90798
4714.97 20272.4 37 25.5613
26667.9 -23013.4 31 47.0322
-2479.5 -24634.4 5 5.99652
6029.14 -2870.84 45 13.7891
-20765.6 14894.7 39 43.7067
-9842.68 -3303.05 8 16.8073
-16436.3 -21466.2 48 11.0003
16863.2 19416.7 47 45.4093
-14823.8 22303.9 23 8.29849
-8870.19 -27554.9 30 30.2737
8166.25 -9692.07 34 49.5308
18476.2 -25405.9 27 0.0740369
9360.3 15523 17 7.418
-11398.6 3823.36 50 8.10518
14778.4 12463.5 4 28.4745
11556.3 -25822.4 28 10.7268
-17313.4 -9202.42 31 25.3317
16107 19648.8 31 27.0057
-15847.1 -19983.1 4 33.99
2177.41 4235.93 41 31.7475
-18739 -22034.1 25 47.4102
-17212.6 6736.6 16 6.39406
-26427.2 15103.9 29 24.5319
-4545.4 -19037.6 42 17.2226
6564.1 -6819.18 45 25.7013
6882.61 -10410.7 50 32.0195
4939.65 27172.3 30 6.47849
19193.9 -8130.72 13 18.7289
-12113.5 -7653.21 29 22.2471
-25080 16529.8 25 45.4868
-5927.56 -20092.4 13 14.743
-13481.6 -14495.6 0 43.7889
-22945.9 24755.6 13 31.0871
7471.47 -7279.36 39 5.76055
2032.41 12707.1 11 7.76382
14059.6 15196 9 7.51276
-17341.8 26653.5 45 40.6982
-7977.09 1673.26 35 37.4286
-21.0398 2102.69 29 3.89603
-23372.3 -24636.4 24 4.88164
-8222.27 582.249 12 0.140111
-14712.4 -16860.8 7 42.5073
-2310.23 24449.2 16 24.9167
-20186 4553.22 1 29.7275
-15300.8 4436.36 49 17.7165
-7602.32 4376.7 2 37.5796
-20700 21769.5 4 14.5702
5493.18 23683.1 19 20.5142
-24672.1 -22892.2 50 17.5212
-23971.3 -17352.6 28 20.6409
8776.34 -25796.3 19 11.363
-7259.76 15118.9 2 42.9131
-933.021 -18726.2 15 5.32921
8851.63 -17169.3 29 28.8368
-27735.1 13813.2 10 36.0552
13982.2 27299.3 35 15.779
-9113.95 -26637.3 50 1.2995
18434.4 17904 47 29.9015
15998.5 -26673.2 11 14.2117
-25669.9 -14711 18 16.2414
-8239.84 -8645.37 41 46.4272
24950.9 8134.49 44 39.4776
-27667.4 12150 0 39.9301
-17613.4 18514.3 5 24.123
25256.3 10135.1 14 16.4084
9183.28 -21877.1 32 45.6865
16479.7 27532.4 33 48.6166
-10574 -2652.43 22 24.0707
-12606 -8459.95 23 28.6006
10592.1 13381.8 35 45.1571
-15083.7 9521.01 50 40.9992
20184.4 -17564.7 45 10.213
-6959.46 -19830.6 42 32.9004
-3152.7 24366.9 30 47.5733
523.349 -23540.9 14 41.212
-21042.8 -2233.51 8 34.9992
-23845.3 -22823.5 30 20.7439
19623.1 8535.46 10 16.1133
-14246.5 -5868.64 8 37.0564
-17951.7 8435.82 15 32.6488
22857.9 20517.9 21 17.0852
-9531.16 22636.4 12 49.8515
14450.4 -11496.8 1 9.1952
3657.77 23009.3 9 6.00082
1941.03 15406.9 25 44.9869
23768.1 11132.9 39 32.9539
15837 12931.5 29 23.4175
24040.3 11403.7 2 22.8507
-23993.9 -10634.4 43 41.393
20130 24695.1 5 12.3661
10276.4 17965.1 14 48.3288
2364.51 8101.2 44 32.4799
-4713.51 5400.67 19 39.5116
-15342.2 -21852.2 5 46.2342
5835.97 15175.4 1 31.3593
26118.1 -3625.9 14 0.172555
-8606.85 -3405.69 18 3.41328
-2332.09 24921.3 0 26.0257
-16686.4 -2575.27 30 44.3823
26173 -18013.2 15 34.0131
17040.2 -10674.7 38 0.327242
-11865.1 223.102 23 33.9105
25495.5 -18815.7 21 20.7219
5080.76 -11771.8 25 22.915
-18041.6 6555.89 4 38.7111
21614.4 6516.58 14 20.0615
4715.38 -23354.7 8 23.6319
27326.5 25772.8 28 39.7258
3129.87 3098.95 29 15.575
-10787.9 1938.59 16 20.6572
4580.64 20122.6 39 2.14214
-7675.51 10459 25 26.1984
14896 -3279.14 17 48.6326
5040.51 11972.3 34 11.3678
-18176.5 -19014 46 36.0812
13191 6874.42 35 47.6491
15417.9 -23763.5 24 39.9192
-2243.3 -6990.92 17 13.7296
7602.47 -7394.85 6 15.3438
5563.68 9563.47 37 35.4128
24411.2 14528.2 39 40.9798
25618.1 -1956.19 20 48.2618
14731.2 8093.6 30 35.3568
-6818.86 26179.6 32 20.6361
26079.7 -1446.21 23 45.5303
-13122.4 3304.8 18 39.1606
5838.64 -14532.2 0 49.6149
23427.7 -25312.7 26 9.37846
7872.16 -23278.9 47 13.8247
9137.47 -12366.8 46 29.9889
-6340.09 21715.4 42 33.4766
-1711.93 4114.3 15 10.4101
-13174.7 8215.33 6 45.8077
4771.25 8750.26 34 36.3323
-21770.8 -24076.4 28 38.0855
-23392.7 -20025.6 16 35.2147
26460.4 26464.1 2 40.2537
26580.3 2434.07 1 7.90568
-11835.5 -2960.05 5 42.9349
-17792.2 -13388.4 15 31.0424
-23396.8 -4382.13 16 7.76515
13049.1 -27084.7 35 18.0336
-11101.4 3850.48 6 39.3436
23378.7 19789 33 45.3551
-6572.53 -12559.9 49 15.3874
-11444.6 -11564.2 41 47.1953
7913.52 11076.5 42 13.8834
5397.77 21571.2 28 12.4416
-15781.1 -23068.3 6 24.8781
19927.8 -27474 44 30.2107
-4993.08 5628.75 42 44.6641
-25480.8 -27604.9 28 0.958073
213.233 -1153.71 12 40.9326
-16134.7 8424.62 47 3.1972
15268.4 13860.5 19 5.82607
19532.5 14837.4 29 28.4378
-1944.74 -23043.9 23 0.704254
-19543.9 18381.1 6 6.44556
1018.76 16253.3 27 37.0578
3832.78 -17024.8 48 14.2928
-26648.2 24598 49 25.9209
74.9636 -21626.8 37 35.5503
2139.78 -15097.1 24 21.4424
-1565.08 -8580.68 11 18.0366
23826.8 -19984.2 38 16.1792
-13118.6 -8637.48 9 3.0458
6780.75 -27534.7 32 7.48097
3156.54 -18716.3 14 3.75957
13985.3 -23178.6 1 40.3773
13487.4 -25560.8 3 5.13894
-1168.57 -7116.67 31 32.4322
-22495 12022.9 43 46.0069
-15239.7 26315.1 16 28.0664
-21773.6 2742.52 30 20.5631
6562.84 -6338.41 9 45.5553
-26392.7 -1649.72 19 30.6488
18808.3 16588.3 2 21.2737
12412.1 -5052.14 11 7.73943
-17073.1 21163.6 11 40.2586
-13100.4 7588.9 6 45.0015
5925.63 27323.9 4 46.1738
-21168.2 3942.02 30 4.44137
-4465.34 4493.47 5 4.30929
-21032.4 -18723.6 4 33.7331
-27445 25827.5 49 26.7014
-18932.7 9776.99 41 35.4853
-11846.2 9796.8 38 25.0624
16458.3 -6545 9 15.4394
21179.9 -17176.4 22 36.0321
20198.8 -26196.9 7 16.4149
-15355.8 22269.3 3 17.1469
-1812.84 17660.7 46 40.935
-26506 -16955.4 38 47.8212
26245.6 -5201.53 19 25.0792
-18331 -8356.91 19 21.4335
-24331.6 -21663.6 36 8.65062
16902.3 7722.04 3 18.8494
7669.98 -3275.76 18 6.43462
-27499.2 7629.19 10 10.2894
24615.2 -22474.3 19 20.3887
21637 -8287.7 7 11.9267
4045.3 -6012.22 4 5.6461
-19609.9 27168.3 19 25.0932
-9378.78 7195.38 0 38.3765
21771 -26379.1 23 8.54458
9094.51 -10078.5 35 34.8161
-9018.15 -11821.4 30 49.6053
16413.1 -4932.85 1 11.7401
-23841.3 -7716.82 24 5.78475
26805.9 -26066.4 16 49.7551
-21086.9 24219.3 15 25.2454
18185.4 -27595.1 26 27.7589
14536 -16264.5 5 7.70483
25190.3 -19260.7 45 18.1178
-27511.6 8211.84 3 42.1671
13942.3 -14808.2 9 17.0323
19595.1 21384.2 21 20.3641
-9337.4 -10868.6 28 33.3504
18792.4 9579.68 30 26.5173
-15523.6 7275.83 8 42.845
-24744.4 -6261.9 7 31.7475
-764.095 16903.7 37 11.9486
8887.05 20958.4 32 28.2631
-6847.8 6557.13 23 44.8489
6170.41 -26364.4 45 48.0192
-10998.4 -13726.9 36 30.5249
14688.1 -7715.57 44 31.3165
-13834.8 -8705.84 33 49.789
-7168.95 9360.08 35 19.6211
-7227.85 -23626.6 29 36.4342
-22852.1 7297.36 31 0.948314
12012.6 2623.98 1 46.859
15534.6 9603.68 41 14.6106
-21137.9 27237.2 3 5.64557
15091.2 26215.2 17 45.5266
-21949.1 -10610.1 6 24.4146
-25685.3 21119.8 4 8.88648
22910.7 8215.39 7 40.0838
-3539.48 -9353.5 14 13.1546
23080.6 13251.7 33 30.9422
-26118.9 -14202.3 2 39.0965
13058 5581.71 36 20.0507
1927.33 -23453.9 19 27.4523
4363.68 6745.26 47 8.44162
14348.7 -26150.7 0 4.01852
13941.1 -22988.1 10 2.92052
-4961.72 -14515.2 5 43.32
17849.3 -9654.33 50 36.7442
-23948.7 23815 50 47.4102
-27143.3 18877.3 2 33.1897
-22716.6 -17349.7 21 15.9464
4828.77 -2396.04 19 45.8655
-23979.6 -18254.1 50 32.8893
9985.06 18827.1 50 26.8683
-1010.88 20500.9 17 48.5969
-24423.1 -23779.4 35 16.2775
-8183.57 -26307.4 50 8.95133
-27127 -15698.6 49 9.1841
1643.97 -18348.4 35 22.9207
1849.72 7100.46 26 38.0099
19467.1 -11665.7 16 47.0211
-7335.97 -2567.19 1 41.4502
-14295.6 -6296.72 35 38.2628
-5116.52 -19745 27 18.3949
-26607.8 -5471.58 17 11.22
-4329.82 19168 14 26.8948
22025.3 23908 45 33.6465
20553.8 -26167.7 46 23.093
-6352.86 26447.6 4 43.0182
7418.37 -21043.1 47 35.5774
-27552.5 -7290.83 17 36.878
27822.6 -19749.7 5 14.5591
15368.1 22036.7 12 6.45407
-11244.4 -14448.9 1 27.8595
-20416.7 23893.5 27 37.8684
-15631.2 -4152.33 14 5.54868
-12549.6 -9278.82 35 6.50487
5201.15 19522.3 31 11.27
-9574.58 12669.1 41 5.67358
-18825.1 11707.2 6 29.0061
7340.63 7936.36 20 13.0019
3674.79 -11087.8 39 9.6989
4037.81 6242.57 2 16.963
23309.6 8894.67 0 36.4834
17958.2 -6102.81 45 16.225
-512.617 26975.5 27 10.2322
1042.83 27151.8 22 5.31912
-25907.7 -18928.5 29 1.63621
-6679.16 12482.4 39 32.9493
-13001.9 15466.4 17 32.0926
15389.9 -11130.1 3 4.84532
-13838.6 384.638 47 8.02228
-1964.66 16271.3 46 10.9265
-22313 -20419.1 10 35.3147
-7479.95 -12157.5 36 8.90915
-1447.83 23029.8 16 49.2008
22724.2 -6759.04 48 16.2099
-19080.7 15527.2 29 48.4279
16628.7 -25957.5 50 27.466
-23312.2 4619.9 2 15.4619
-9872.69 -922.545 31 47.9786
6181.38 -26639.8 11 6.73835
-18161 -7496.69 28 15.7598
-9609.35 -25407.3 7 47.7566
-22276.4 -26550.3 4 34.9618
3107.53 19077.2 1 39.5169
12353.4 20352.5 40 12.4616
24543.5 1310.58 42 39.5358
12949.1 -13791.7 14 16.7735
-14312.5 -19316.4 8 17.9171
19850 -2006.83 10 41.6558
312.498 24289.2 14 25.5279
13506.7 8071.81 2 35.4658
16148.1 -12443.4 46 13.0958
5459.75 -9814.9 41 26.7599
-20299.8 -23650.9 13 22.3759
-15265.6 14415 40 22.9505
-1664.32 -13219.7 47 6.02894
-12933.8 21612.7 0 15.1517
1044.25 -11562.5 14 2.16995
5494.27 -10541.8 32 43.4809
-23624 22111.4 35 3.82888
-22304.6 8126.81 28 45.8389
15489.3 -25506.2 22 20.4955
-5932.67 5603.62 14 43.6935
-21787.2 5410.61 18 16.7511
18094.7 21094 16 18.6495
-4916.94 10977.1 0 23.2143
-14249.8 -27862.7 11 3.08076
26561.1 13395.9 48 12.2802
-24212.2 -25048 49 10.8324
19856.2 9748.63 15 45.3071
-2840.7 19892.7 41 29.0233
26772.8 -17881.3 45 40.1741
19164 -5284.18 29 3.70726
-13960.1 23380 21 49.7376
-5492.52 -15720.9 13 32.8933
10510 -26270.5 3 45.5849
18090.2 -24931.5 47 35.4425
6631.46 17716.5 33 17.0256
1990.33 -12639.6 2 21.2602
-27304.6 24111 42 26.0486
-19129 -12914.3 29 42.2387
25699.2 -23985.6 41 18.1798
4316.47 -20793.3 46 23.6955
747.022 11102.5 32 6.23603
-19401.3 -9515.31 36 31.2269
1102.82 22459.1 2 21.9124
15696.3 15896.7 26 3.72294
-1035.53 26131.5 11 40.9797
3196.51 -18111.2 44 7.65205
9235.24 -15301.7 4 32.0184
3786.98 23283.1 17 30.0887
15171 14728.6 46 23.1403
-19041.6 4445.63 37 36.0638
323.2 3815.85 37 15.7931
11386.6 -3878.02 31 12.0882
-19332.8 5568.77 42 31.6026
-8034.77 -21012.1 11 32.9738
15503.3 26137.3 49 9.71615
-24833 -18353.6 6 22.2768
-9118.6 -839.288 31 38.1163
3140.86 14295.8 1 22.3012
27594.8 7111.18 37 49.0185
-20753.3 -1129.69 22 0.324734
9459.28 5578.52 38 22.7651
27300.1 -8629.01 36 15.9891
-18502 -12358.8 16 41.9783
6965.53 -3939.5 8 47.4034
23023.5 25230.4 38 42.5365
12363.8 5340.98 23 0.296848
-5268.98 -17799.5 21 7.50156
16377.9 -8645.4 40 10.1079
-447.298 -583.982 11 24.4953
-7520.41 -1168.15 46 40.7716
15971.5 -1526.36 20 2.68738
27641 16795.1 6 4.16528
-1595.66 -11925.3 20 13.2588
905.057 -22207.3 27 7.57359
12738.2 22527.6 30 35.4696
15456.2 -6812.3 48 43.757
20833.7 -7940.82 13 37.839
13230 -6531.75 8 30.0843
-7643.39 -27685.4 20 35.1709
-6162.75 -1042.93 24 11.2548
6974.92 -16010.7 15 21.9376
-7983.94 -11417.6 41 37.4575
12441.2 -981.598 45 33.019
4681.57 -10608.5 32 11.5576
-27228.4 -4734.71 25 9.96394
3248.15 9914.2 50 34.5455
-17063.3 -15433.5 26 0.735639
15508.3 -131.627 50 30.41
17861.7 14196.5 11 42.499
-24412.2 -27537.4 42 20.3404
-25663.9 27999.5 43 14.2918
18896.9 -27758 31 42.0331
24480.3 5152.98 1 10.0068
14581.7 11027.6 8 41.4985
-21036.5 9268.01 3 31.7133
-2738.5 -13703.2 42 40.7378
2531.68 -14770 33 8.10957
-4068.57 -14956.5 34 7.11368
-11018.7 10801.4 14 3.50626
13693 18144.7 8 38.2286
22792 17752.4 22 10.0454
-653.757 23017.5 31 41.2929
-12724.3 18792.8 35 48.91
-19971.4 -15098.8 49 9.08133
19434.6 -9861.68 38 6.15254
-263.719 26303.6 44 48.3131
-22665.1 5821.47 34 45.6309
-15499.7 24646.9 33 47.7433
-8280.23 -4244.27 35 38.8147
6458.84 -16919.5 26 28.7399
-18143.2 -2212.11 30 24.844
3796.8 -3194.12 44 4.82646
-26769.4 -15522.1 48 5.48035
-26462.1 -26512.8 17 35.5396
-13167.9 -7506.64 28 21.0338
-15417.1 -19858 30 21.986
-14175 -20884.4 28 44.651
8447.08 22887.6 33 30.4136
-13432.5 19804.4 15 1.34418
2493.31 18888.7 23 28.0924
-7905.06 11532.8 39 38.9742
14096.4 18794.1 4 6.61149
-2722.33 -81.4816 2 47.61
-27080.3 8167.85 44 43.6655
1458.53 -7918.05 4 37.0584
-16660.6 -7945.73 40 47.9237
-923.378 -13372.5 4 1.88862
-10226.4 8939.67 26 46.4172
11290.3 -16576.4 25 10.7956
-13288.5 3228.86 28 0.213995
-4745.27 2526.33 36 2.07093
4474.73 14495.7 0 14.9452
-25964.4 -6254.04 25 26.4862
6398.53 8434.84 0 13.028
531.592 -24088.2 1 1.1855
19565.2 -9476.48 19 19.5484
-8529.83 19837.5 11 25.4029
-1067.18 -5984.73 16 46.3721
18632.9 8245.69 12 39.0122
15490.5 -12382.9 3 15.786
3465.64 -20813.7 40 23.7652
25694.9 10615.2 19 10.6688
24906.5 -7446.21 36 44.5815
-7344.35 -3507.26 45 36.0859
27677.5 -16532.1 40 22.2679
17086.2 21762.5 49 9.65242
2559.36 -10031.4 42 27.4719
21665.7 -23012 0 18.8557
10512.8 -12492.6 8 19.2157
11999.3 -23212.2 47 9.20345
-26774.8 -3785.97 12 4.4829
20357.2 -7919.09 39 26.8619
21608.8 15413 16 39.9269
18021.5 12288.1 24 37.3135
25301.2 6590.48 23 25.9436
9221.88 23358.1 42 5.36101
23830.6 -23071.4 10 48.321
-20362.7 14265 39 45.9613
-11548.9 -27279.9 6 7.36536
-8502.18 19487.2 5 49.4253
-21485 26080.7 48 48.5233
5808.02 -21038.8 11 29.8267
16413.3 -21448.2 18 46.0677
-25025.6 8609.55 22 2.12981
27001.1 -2778.62 28 15.6937
9799.17 7339.16 8 25.2577
-3665.53 -20307.1 43 27.5764
-17784.6 13054.8 29 10.6003
-13261.6 -19999.9 2 35.7783
4371.51 19747.5 11 49.5953
-3065.02 562.649 18 48.7688
24595 20648.9 37 13.5951
-3526.16 21697.7 26 1.50498
25235.1 9286.79 35 16.4739
-9593.13 16578.8 11 38.1457
-20434.6 -5647.73 24 12.8634
-16632.1 6086.52 11 49.4061
-1228.89 10502 20 30.3065
-7307.51 -14389.1 50 42.6177
17601.5 15313.4 22 7.34891
-11550.3 39.3858 16 47.7327
1021.8 9875.78 23 27.4545
20588.8 3761.39 19 24.7534
-3780.03 -27650.2 50 44.0792
-15875.2 18078.6 17 9.26417
-21566.3 -26521.7 34 36.9949
5509.58 1814.48 3 29.1967
23266.9 2997.18 1 17.4413
-833.916 -18853.8 0 7.87019
6039.5 -7683.76 21 47.3379
1698.29 23922.6 13 23.4794
-18649.6 -14154.8 14 14.1158
-20577.7 12163.5 3 23.8268
10499.8 -17118.4 42 35.3084
18898.8 -10389.7 14 37.9438
13276.6 -9404.13 4 30.5389
-23830.5 -7834.7 5 27.4095
-14705.6 25500 34 14.741
24857.6 10193.4 40 43.3321
-5775.12 41.1803 43 46.7451
22036.6 -2322.83 18 9.3367
-17558.2 -10200.3 6 39.6201
-5204.09 3931.43 21 15.617
-726.622 -13378.2 18 21.1484
27460.5 -12481.3 28 43.0475
11748.5 -14189.5 45 13.8823
6609.62 -17640 14 17.7201
1552.29 22693.5 20 36.215
-16139.2 6177.2 21 49.9154
14392 -26652 29 29.1941
291.048 -10341.8 33 0.80142
3267.55 -10566.5 11 31.3617
10722.8 5397.19 16 2.90972
-4010.04 2786.13 35 5.54212
-25524.5 -18429.3 20 4.71999
1839.5 -5048.72 12 43.7881
-99.1459 14855.4 49 22.591
-4922.54 -9153 23 25.2374
11180.1 -14586.4 38 31.4129
-3097.28 -3960.47 44 35.4246
-9226.79 11794.1 10 7.29751
16538 -904.837 47 26.6938
6118.17 -16044.4 9 39.6519
4311.45 -16554.4 6 2.02247
-13230.1 -5397.7 26 24.3909
-13805.9 21775.7 47 9.38761
-14915.1 -22132.4 0 20.0676
-7716.19 -22473.5 33 10.2018
19783.8 -5828.87 5 17.8744
12779.8 -17559.3 26 39.5264
4472.67 21485.3 40 17.669
-20013.9 19849.5 42 14.4028
3184.22 -11574.3 39 9.77532
1300.92 -2870.67 47 10.0702
24758.1 -5467.83 23 20.7728
-19454.2 17374 43 47.3438
9881.7 19205.5 27 5.50323
-7759.23 -936.998 14 13.29
5728.3 15921.8 2 40.2356
-20129.6 12510.7 13 44.4356
16296.5 -4186.25 5 4.00331
-7272.69 -649.769 24 6.93388
-13721.9 -17595.6 30 35.5698
9360.96 -208.978 39 42.7436
-27530.7 20466.5 1 7.64157
-25547.8 -10662.4 23 6.99943
4465.75 10896 33 44.6104
473.004 -16773.8 13 7.10227
20121.4 1610.91 49 49.4121
15614.7 24153.5 29 28.0857
-10241.1 12661.4 26 12.8147
11157.7 23160.7 30 39.3346
-3691.11 -20368.6 18 37.7881
-3391.98 -14806.2 39 13.4443
-17355.7 25199.5 25 49.1659
-22859 -9889.12 26 32.1253
-3043.7 -7736.65 27 5.89675
4581.94 16945.9 19 21.0848
17042.9 -12007.5 37 4.61657
-3115.61 2690.96 6 6.77479
-23766.4 -16707.5 8 13.1699
-25776.9 27577 2 12.7368
-21350.9 -5061.22 25 21.5461
20727.2 -3334.4 38 46.3611
3884.4 21364 18 9.86742
-15741.9 18229.4 30 3.75848
7271.33 4469.3 43 49.6424
21808.1 9034.57 0 38.2657
13527.4 2504.72 11 0.0300319
-2286.88 10980.3 49 13.1016
25834.8 -26623.6 4 29.1233
8442.86 17757 42 41.6996
-4120.74 6630.83 29 9.94581
13318 -10518.1 37 37.4416
9952.91 25434.7 4 16.8517
24515.3 197.71 42 17.6112
-19371.2 -17054.6 50 29.5524
-22860.8 -9675.01 40 21.1453
-14259.5 2913.52 46 37.7752
-15815.9 15406.9 25 28.8389
13971.8 -14020.2 34 35.7811
14487.4 8271.91 5 36.8319
16555.7 -24343.8 15 45.0027
2609.83 -4665.79 9 47.6867
2114.85 -462.711 32 38.6979
-16112.4 -6910.73 21 4.77426
24931.8 20418.9 37 16.2753
4446.32 -14084.8 15 41.9599
-25193.8 3973.91 8 32.6745
2351.29 -12276.5 0 49.9395
20575.9 -9050.2 15 16.9769
-12994.6 5958.17 35 48.3361
12603.3 -13151.7 17 21.0957
1568 -13734.4 23 45.7257
10418.6 -4508.14 25 3.0676
15520.6 8287.89 46 27.1776
6013.41 5581.62 34 39.3432
-21712.6 10104.4 4 16.9609
-11185.2 -7300.38 24 27.083
-9680.7 -3766.27 7 1.02216
22117.5 17404.1 45 31.0463
-20191.9 3497.73 13 0.754557
14191.5 22135.4 45 35.5304
-16503.2 -7298.33 4 24.3854
1733.33 23092.7 10 11.259
-9480.06 -9341.38 46 34.3176
24153.5 -4145.96 9 47.7657
21076.4 16919.6 25 2.97793
-9217.62 -21117.8 26 37.8587
13768.4 -24705.2 43 10.7487
-9864.62 5071.1 23 23.525
11833.5 -5483.21 43 4.57426
-23996.5 -26720.9 45 28.9131
-17625.8 -5191.08 26 32.5295
-24969.6 27683.3 49 0.0414848
23391.5 24572.3 13 42.168
8179.05 19953.8 7 16.3981
18745.9 -2280.17 8 22.7861
-19417.8 472.868 21 47.1492
-17063.7 15708.8 6 19.3636
27053.1 107.713 42 14.3343
25916 -19218.3 30 44.2716
22586.7 -6844.73 11 24.8901
-2379.4 10578.6 21 29.0359
21152.6 -20896.9 41 15.7986
-24361.1 25229.3 22 0.615594
16925.8 -13435.2 12 44.5228
9070.79 -10890.1 5 27.0374
-26139.3 4031.92 29 43.3802
3481.45 13236.6 7 29.6153
-15406.1 398.787 9 33.7766
-3460.23 -18372.3 25 38.7505
15840.1 -13239 7 30.2933
9812.44 2027.46 50 30.4508
-11824 13504.7 30 38.0927
-21774.2 -18133.5 8 1.43239
-19726.2 1551.28 3 6.93946
-4441.97 -13918.9 4 11.3156
-15853 12416.3 48 30.1013
-22370 -23270.7 19 3.37316
20478.2 26335.9 29 11.0267
-19781.1 -19608 33 44.7176
-23037.2 -5036.09 2 8.39073
18249.4 16846.7 31 4.83284
-25106.1 -1703.09 18 4.0607
-9635.34 2881.21 11 21.3612
-14984.8 -9024.63 50 45.027
-13190.8 -23438.8 47 16.549
-11823.9 15041.1 35 3.61309
2866.38 24393.6 32 35.6908
-1672.32 -20732.1 14 27.5411
12037.1 16407.9 47 21.9323
-2179.65 21798.6 41 28.6571
13148 26941.2 11 17.9254
27206.9 -17012.2 36 19.7096
11359.9 -12898.9 11 24.7974
-11980.4 -20120.4 43 18.0229
26990.8 -14509.2 47 1.37677
6901.4 -14031.2 19 31.6425
-19183.9 -20031.6 26 33.8724
-20486.7 -25221.3 48 15.5209
17860.9 -4943.84 37 11.8617
27534.6 4975.38 37 30.9847
-21314.1 -2845.19 29 25.5752
15648.5 -21161.3 24 45.0152
14912.1 17640.4 41 3.20733
-17370.3 -24092 45 5.08938
-3813.46 -24054.8 2 46.7434
-13928.2 -27576.9 50 25.7008
-3850.36 -10759.2 20 29.3818
-6284.77 -4869.04 9 19.8834
-25948.8 -15638.6 49 43.3179
273.978 -3188.43 29 26.2688
4650.78 -9416.26 22 6.79782
-9636.68 1757.32 46 46.7589
8259.95 -11269 20 15.8349
-8971.22 -27561.9 24 12.0112
-5712.07 4792.75 47 27.5314
17200.4 -10009.4 21 18.5973
23281.1 7678.2 46 10.465
12271.5 17198.2 5 7.69113
-18645.2 -18912.7 16 44.245
20073.2 -14979.9 33 7.2948
-20691.1 -18633 13 9.36554
-24655.5 8590.7 39 38.9025
-25721.9 22929.5 11 48.546
-11685.8 11890 49 16.0768
-6184.36 23149.8 16 49.314
11339.8 -1226.56 19 8.47447
-2573.19 18755.1 18 21.6756
-243.386 -12792.2 11 45.0227
-822.758 14634.2 30 32.575
10721.9 211.283 46 38.3859
9888.74 1272.88 26 32.1393
-25350.9 -7614.66 7 48.4936
-184.058 19099.9 43 19.0076
-10984.1 -12890.9 32 19.1792
15306.3 13642.4 46 40.8034
-13225.6 -9435.61 32 15.2646
-21879.2 17322.4 19 8.10957
-17136.8 24368.1 49 23.8929
8790.6 -1712.83 22 23.0984
-589.476 -10106.4 16 24.9673
27532.7 -23339.6 35 13.5203
7087.96 -11785 26 17.7945
12806.8 -12180.1 48 13.028
-15202.8 -3035.4 25 19.7281
18011.3 -2770.72 47 38.7911
17028 -27267.9 36 28.4348
209.638 -3235.78 18 35.7707
9777.41 -21975.5 5 33.94
9092.23 -12301.5 26 8.25233
12.154 18457.8 8 47.6582
27315.5 -15482.3 43 21.0566
-998.112 24098.3 50 30.8584
7516.97 5837.45 23 20.2817
-5573.9 -3701.15 35 37.7179
-13742.5 -13615.6 6 39.1281
27579.4 23840.9 38 3.79132
7439.74 -20410.2 45 46.1873
-25280.5 22628.8 48 42.4175
18425.6 -20047.4 39 2.02632
-24068.9 -3442.85 10 5.26077
16700.5 24801.8 6 12.187
-14368.4 -7750.18 24 38.5933
10447.5 -22746.4 37 47.7898
15712.1 27314.4 12 46.9149
5366.45 2801.84 20 33.5863
-16670.3 5248.05 29 47.6873
-20880.8 -7454.52 10 16.0368
-25232.4 -15631.3 7 27.7009
2661.63 23727.6 37 38.128
16908.7 -14485.3 5 33.5419
-4923.47 8567.01 34 39.1152
-11066.3 -17073.7 13 12.7629
10957 -20141.6 26 28.2572
-19440.5 6364.21 28 10.6084
-3060.85 20173.2 49 30.0497
-16021.3 -24758.1 49 26.8244
-4817.65 23322.2 3 10.3124
10394.2 21457 13 21.7762
-12223.4 25092.5 19 14.2903
17805.9 12528.3 27 7.8062
11509 8439.1 14 25.7755
22881.1 -18619.5 15 32.9567
13592.9 7200.35 25 29.8542
11603.8 26466.9 45 30.2964
-5331.58 -14032 7 14.1269
9753.74 3893.83 6 33.7692
13119.4 -4156.75 48 1.67612
1043.68 21226.3 2 25.3217
-7536.65 -6537.4 23 40.4771
182.659 -17722.3 29 33.3026
-13746.6 -22892.5 45 15.2053
-22203.4 -18608.2 35 37.6197
-3342.67 -24471.6 49 16.8455
-16746.6 -4371.18 30 24.8006
-24544.8 -6288.3 11 25.2029
-1823.36 23613.8 30 44.2628
11328.7 1765.68 21 15.9925
-26881.6 22610.3 21 2.01864
3248.62 -18465.6 26 9.82941
-25566.1 25560.4 41 31.4517
20163.6 -20364.1 36 32.4604
-8476.11 6377.76 31 24.0981
-12777.4 -23715.4 46 32.9177
-26442.9 13688.8 43 46.5351
4442.4 -11765 27 25.1717
15907.1 -13716.9 36 23.5673
-24831.7 7652.17 5 25.7398
-11227.4 -8553.49 19 29.7598
-12024.2 4022.08 31 23.1925
-11179.5 11601.9 26 0.440919
6133.53 -12699.1 9 40.433
18091.8 -7959.3 36 2.70955
-24914.3 -11618.8 20 1.24327
-4409.86 7741.51 47 10.8174
-20014.4 -22462.7 44 49.6822
-12804.3 12288.9 35 8.97743
18858.2 -8166.19 31 35.5194
-26306.3 6992.77 10 35.1642
1791.6 9904.46 3 12.777
-21595 22424.9 39 39.7965
23145.4 13877.5 24 35.6305
-26711.6 -18760.7 47 34.4569
-20977.7 -18240.4 5 24.9497
4316.52 -4582.52 8 16.0736
-5384.62 -13706.3 44 21.7014
23445.5 1875.73 23 14.087
22867.8 16118.1 47 16.7044
-9321.91 4434.22 16 44.7521
-22728.5 -3246.69 4 42.8335
18390.4 2094.19 0 0.709001
23122.5 5954.29 27 33.3031
-8273.19 6586.93 20 20.0662
1371.6 -16953.4 18 46.3541
-3277.29 -22139.1 50 23.8563
-24847.2 -21438.7 10 17.4199
-22375.7 874.609 50 46.6793
4977.3 -4863.02 50 14.6059
16268.1 -12672.4 9 45.3783
15089 -1677.85 47 0.421897
-16170 -17540.5 7 1.19917
-24401.8 17129.7 27 43.3501
-8272.04 5007.73 22 23.4032
6292.58 -4703.58 42 35.0313
-5108.52 27526.9 0 43.1814
-5050.91 -1077.3 9 26.9113
4498.36 -21532.1 9 33.2425
25322 9272.55 21 4.63076
-15322.6 3622.72 39 17.7876
-13711.9 3303.4 47 47.7271
11020.3 -17211.7 43 29.0352
-20615.4 3097.41 5 38.1712
-1210.47 -7048.79 50 11.3047
-16702.3 18713.9 0 0.434398
-20794.1 20751.8 33 19.7767
-24464.4 131.963 5 45.0004
7458.53 -24838.3 46 47.3236
-11137.1 -15172.8 39 20.2444
22157.5 1087.26 41 38.1058
-26454.3 -13267.1 36 31.1138
21172.4 -20499.9 48 27.973
10068.5 -20879.2 6 43.2807
14485.3 19835.4 30 10.959
-14099.1 12383.3 1 7.94485
-20431.9 -19232.2 21 35.7548
20088.6 -8316.76 21 39.7644
18478.6 -23739.9 28 42.6336
-2371.68 -12771.6 21 39.5492
-26588 13783 6 6.8462
-18696.6 -7092.65 41 5.16513
11002.5 11298.5 24 43.4873
