-20633.9 -2315.59 27 2.35223
-6523.88 18534.1 1 26.485
-24256.8 10459.3 30 42.3083
-4704.04 22978 38 2.37323
14359 -7541.03 12 36.133
7371.54 -12728.2 22 23.8866
-18675.6 22268.8 46 45.2327
27252 -13095.9 4 3.68745
23173.8 -1991.03 47 38.0757
-27111.4 20621.8 32 36.2706
-10846 743.327 30 20.604
2089.02 -11916.1 9 28.5827
-85.1133 13904.4 28 31.2425
12023.8 -22904.5 14 20.7147
-14565 -10217.8 45 7.51675
-14.5022 4882.45 43 47.7704
-5109.07 3634.33 12 23.2015
-10122 -20904.1 33 40.1536
-16618 22493.7 21 47.3743
-22838.3 -24020.4 18 6.75547
-2671.19 24173.8 33 33.9796
-1609.31 5622.05 41 23.1122
18183.1 11323.6 50 42.5635
-22207.7 4296.13 44 36.4874
11566 -26930.8 45 23.1661
9390.03 -16824.9 46 44.5009
27404.3 -3022.69 16 44.0752
-7551.15 27950.5 7 30.8175
12730.8 -4607.47 34 10.2631
-22705.3 14784.3 32 10.6773
25062.5 -12924 35 38.8433
-17137.8 -17257.9 50 40.9863
-18094.7 -19167.1 50 11.68
10976.4 10989.6 38 31.6715
-10148.4 -21423.5 38 27.6956
-19989.5 -821.79 43 27.8418
1598.7 4934.67 26 12.9421
-1349.81 -12359.6 3 12.6961
12802.1 24906.2 23 16.078
-5497.36 27244.1 7 17.1909
-27162.8 8006.82 27 13.3307
10865.3 17757.7 1 35.3475
14095.8 10958 14 8.55895
-18867.5 15847.6 38 0.317084
2465.27 -15913.8 19 32.9527
17692.2 10421.7 15 5.18986
-24904.4 -19024.7 36 2.53013
-2996.58 -11987.2 42 28.8888
27265.4 -27907.2 43 18.8775
10042.6 -26007.1 6 9.41379
-20947.8 25425.6 18 48.7126
17530.7 -14303.2 38 22.5926
-16264.5 2630.59 0 29.968
-6982.64 -21076.3 49 4.01765
-13991.3 15070.4 25 33.5952
-15088 3505.71 33 18.5733
-18708.1 -19053.6 2 6.24725
23185.4 5238.56 36 2.68472
-24340 26722.1 23 22.2965
-7138.89 26031.7 13 6.19244
-22109.6 -7360.52 21 35.6773
18849.5 -6212.63 47 18.1042
-14535.3 -4391.6 24 5.24846
9453.94 -14350 36 19.1411
16539.7 -27819.2 13 21.2596
16567.9 -18415.3 30 17.3746
18723 -9551.68 40 2.26704
-24543 24032.4 11 4.44963
-13340.4 -6811.49 10 21.8048
-3106.92 1331.22 1 29.5794
2045.58 -5399.46 50 42.5265
27865.5 -1787.82 47 40.7703
24934 -19296.8 2 5.50097
3443.09 946.854 34 34.923
-8631.18 -20120.2 46 19.0057
10703.1 11966.9 3 46.2752
18550.3 5691.71 36 24.5409
-12697.9 11119.3 34 27.4368
4008.63 -3286.46 7 36.5682
-10044 -14272 5 27.5915
15233.7 -745.855 33 20.3769
1915.12 5910.14 14 26.5245
5458.67 23534.1 34 26.3706
-13920.4 -27730.3 47 42.9383
-21114.8 11338.4 22 38.3087
-11364.4 -9043.46 16 28.6591
26563.5 -456.918 18 8.11019
-1786.32 21487.5 21 32.5647
22268.8 22468.2 39 28.6221
20250.8 20691.7 29 40.5948
4472.3 21323.9 17 37.1563
11766.4 -7874.75 4 20.8398
17530.6 15084.2 32 43.9206
-6573.3 -21182.6 3 23.882
26649.3 10147.1 46 42.9607
-76.6885 -2758.85 25 46.6422
-23502 -5142.06 12 41.6737
-9009.33 -3344.99 29 18.4101
-19667.9 27742.4 35 42.4639
-27462 7787.24 32 39.9517
-9278.82 -19885.7 14 42.7183
-27687.1 -6610.52 26 13.2067
7538.69 -2349.43 19 37.7928
3411.21 -4728.63 16 35.9578
-7091.88 -23864.4 10 41.5762
-17853 24310.2 30 23.1529
-25173 5371.92 38 6.55115
4551.97 26993.8 0 9.73394
12308.5 18876.6 42 36.5224
9192.25 20674.5 22 13.8334
18837 -9356.01 26 40.9054
24720 -20942.1 12 9.8089
6901.59 9612.3 19 33.3674
7210.18 4163.37 1 42.7541
-24642.3 -12348.4 22 4.59004
-26151.8 -716.137 29 21.7251
-12743.2 -14319.2 48 6.35438
-27607.6 -25178 48 28.67
103.81 283.303 26 45.1528
-6076.36 -14391.9 6 32.4038
-22088.5 -7785.82 39 33.3182
-11642.9 -15473 34 44.3255
11179.8 16351 43 13.2331
27929.2 -21155.6 8 38.6601
24042 -13087.9 24 12.8762
-16345.1 14787.6 31 17.8167
16303.9 -26977.9 38 44.7482
-15957.2 -27004 46 19.6725
-20741.9 24755.9 18 4.03276
-375.452 7993.12 22 17.4578
13696.5 15479.4 12 42.7302
-7074.94 -13335.7 6 37.5262
-14858.2 10301 4 7.62813
-25450.9 18464.4 7 11.3744
-24991.3 17489.1 21 5.40243
18724.7 12148.6 30 11.3881
24248.3 755.94 19 39.6936
8616.89 -13489.3 1 10.3875
-21241.3 -20287.9 29 24.1801
-22354.7 19133.4 46 48.5149
-2871.66 10859.9 41 9.68168
-6807.11 -15245.7 45 6.8497
-5080.42 -26249.7 15 40.6595
15964.1 4315.31 32 0.0137675
-436.386 -10161.2 43 19.9571
-2414.78 -11620.3 49 49.9546
-16856 2398.17 12 28.7812
27419.6 3067.54 7 26.1892
10007.7 19299.9 44 7.27002
4761.53 -329.481 31 30.6963
-8764.6 -18402 31 28.4219
-6928.49 4654.45 21 16.2631
1784.17 -24626.5 24 49.6089
-1400.89 -3073.99 46 42.9256
19394.2 9203.35 33 22.8808
26486 19723.7 3 47.4697
-3873.83 -16876.7 19 40.7112
-10416.8 10530.3 46 0.190921
9423.32 979.003 16 16.0412
-19724.6 24751 44 10.1957
-21891.3 3423.45 49 1.19304
23140.5 -18335.7 24 46.8304
14186.9 -18342.3 26 41.4082
-2544.31 19237.8 12 41.9778
1472.8 -22874.1 20 13.2394
6757.67 -9670.46 7 22.76
-5092.77 -18632 28 7.01295
-18879.4 -6743.39 32 1.88414
-497.167 -13847.8 22 16.2789
-10170.9 -8440.93 8 5.8221
-15658.1 -13744.5 22 14.1297
9546.21 14438.7 46 37.9849
-6997.75 13749.2 50 21.4305
-17814.7 188.025 47 14.5583
18517.5 -17381.2 49 43.4939
26301.4 -15200 30 27.4739
11670.3 21479.6 3 13.4959
24900.3 23059.3 8 14.1414
-5638.76 22539.6 10 18.6389
8899.08 1239.33 23 33.3552
2340.59 13791.9 40 22.6614
-16026.1 -5205.24 14 15.0731
22529 26557.4 2 8.17753
23602.2 2520.86 3 19.169
3310.09 11145.7 30 14.1381
3041.29 -21438.9 8 40.4155
8296.64 -23920.1 23 4.94286
-3455.72 27653.1 45 21.9575
4291.72 -19978.3 25 36.4821
-6427.74 -13195.6 8 12.2714
-13958.2 2789.57 36 24.3242
-26857.4 25732.8 29 20.0261
-25569.2 -20714.5 29 34.0668
-11599.1 26767.1 50 16.6434
10172.7 -16567.4 10 14.0394
16195.2 -19039.6 12 25.8535
5415.34 27256.8 48 38.8519
15030.1 4774.41 21 23.8879
-11491.6 -1438.07 45 12.996
-22856.9 10026.4 34 32.6233
-27709.8 -24685 47 39.0678
-11432 22958.5 47 12.5327
-1460.36 357.843 45 47.9353
-13278.1 15201.2 39 22.7239
13552.1 -12760.4 39 5.99984
-4203.78 7478.37 48 47.2981
18407.5 -15198.4 4 2.17455
670.554 27904.8 21 20.1854
-16580.1 18120.4 45 40.8533
-2322.65 5191.51 30 49.3715
-20710.1 9958.61 16 22.573
11415.6 10694.1 3 10.1482
25660 13466.7 9 1.0229
-4468.9 9903.66 42 31.1407
12613.1 -4881.17 27 32.0177
-9525.59 -6956.95 27 3.94705
-1661.51 -9046.67 18 39.3356
22282 -4882.36 9 26.5465
-14821.7 -14686.2 40 20.0508
14287.3 26801.7 18 8.25215
-19579.2 22775.6 1 47.2298
-26298.8 7932.21 7 15.3763
-26041.6 -24347.3 14 18.7104
6847.81 -8590.91 7 28.273
-2304.92 -18939.3 16 22.0319
3755.35 27316 37 25.5413
4770.17 12634.8 26 29.3896
446.178 -2060.27 8 1.73348
25033.7 17925.2 14 32.7775
-3839.87 -6543.46 32 10.4443
-7446.89 -21071.5 21 1.45636
7393.75 603.771 36 36.0474
-6596.82 -17676 24 34.3419
16828.6 -2809.72 11 26.3845
9778.22 5417.27 18 21.155
23744.6 17927.6 1 13.7792
15801.8 16653.4 30 27.3595
4314.27 8490.84 41 36.8528
-10294 -22170.5 29 10.5897
-23034.1 5245.49 40 32.3936
5146.06 -9448.18 44 23.6365
-25774 16248.8 9 11.8929
-8713.79 -10247.3 1 11.4169
-24542.2 -11844.6 33 9.05795
-26639.6 -911.504 47 29.3535
-27632.8 -10529.9 11 40.8973
-17748.8 22044.1 25 6.95351
-23388.4 -7810.93 12 28.5339
-11800.4 -10038.3 38 39.6916
17308.8 4367.59 16 2.95915
889.039 2420.6 50 0.348014
7132.67 -12029.4 8 46.4394
-17028.7 16874.2 44 16.4086
17121.6 -4633.92 37 32.9848
-18155.9 -12991.6 20 47.7181
10362.4 22767.5 30 37.1571
25923.6 -22425.2 6 39.2747
-8341.06 -14372 4 6.05017
4456.25 4908.25 30 28.8215
-13621.9 17384.4 50 6.70567
8716.49 -8338.46 46 3.87687
25568 5469.8 6 6.02248
-4390.93 -13561.1 24 39.023
7483.88 -807.673 4 17.1648
24152.5 -14254.4 20 7.097
10105.8 18103 33 19.1728
3338.85 11299 30 38.5051
-21099.4 -18771.2 40 14.0056
455.685 -11242.7 14 25.5344
22761.1 -10723.1 11 8.15196
-23388.5 -20879 9 42.3599
-1193.83 9253.44 35 38.1812
-14806.4 -17684.1 3 32.0047
24264.5 -7857.32 16 8.77898
27204.2 8063.84 33 3.63175
-197.813 -123.812 17 18.3157
15298.6 20498.1 25 19.6515
-6697.3 24590.7 39 13.1873
3703.15 -11046.9 3 23.6828
6899.01 6234.71 35 49.803
-26612.9 -1884.34 49 7.73848
5256.76 4455.87 41 23.3586
-9753.28 23006.4 15 30.7704
27102.1 22460.6 25 13.7859
-25357.6 22526.1 7 46.9605
-22862.3 -3061.53 33 29.1841
-7173.05 2155.5 21 40.1889
10359.5 -21913.1 41 31.7116
13654.8 9521.42 5 29.9665
4431.03 26211.3 8 13.2323
-1077.91 11170.7 6 24.4184
-4636.4 -22102.5 49 29.8088
17003.3 -15254 20 23.4849
27222.3 -14504.2 21 10.6809
-8196.65 -20520.8 35 13.8548
12199 15935.9 13 49.8577
-19257.5 -24570.5 14 29.2656
-404.343 -12904.6 26 43.1496
20164 22806.4 13 12.0245
821.38 -4888.54 16 29.151
20853.3 23323.7 26 6.67025
11492.3 20735.9 44 30.5469
-7438.79 2797.04 49 36.4835
-18398.1 3195.5 27 1.29553
-838.545 15925.5 7 18.2985
8252.67 -8620.61 12 40.6002
-17099.5 -15000.4 26 9.16007
136.701 -8210.36 18 13.8324
-212.01 24241 42 1.94047
25687.2 6242.19 47 45.9301
-18356.4 -12069 14 11.5666
-21893.8 -16974.1 7 30.5365
-2638.27 12877.3 15 44.9072
5623.1 7212.42 6 44.6333
-25825.6 -14959.4 41 14.9553
17520 -407.692 7 45.3693
-14069.8 -15727.5 14 10.4338
-7368.57 21005.8 43 34.5615
25041.6 -12248 28 5.68484
-27614.1 -15415.2 1 44.5161
20490.6 -22724.7 12 22.4654
14229.1 -13412.2 8 27.6784
10649.3 10617.3 1 9.07783
-20291.8 -17247.5 5 21.5377
7423.21 14440.6 24 32.1639
-1928.85 6490.55 24 11.57
26813.8 -4170.54 41 26.7781
24548.8 -26303.6 7 36.5453
14827 -26425.1 33 8.36291
1542.5 1558.2 7 29.6994
5724.97 -16824.4 3 18.9971
-13886.2 -14781.6 8 46.1945
-767.876 1823.52 39 45.776
599.44 -24721.3 0 2.93363
-14515.6 -7750.38 21 47.023
22207.9 1705.52 18 7.66024
6039.9 3794.03 9 9.17961
-25833.4 2203.52 42 32.293
-9245.91 26044 49 32.0373
13946.8 -6314.04 25 15.1096
14185.7 -3996.35 4 43.4059
-8679.14 -26885.3 28 20.3718
-11481.7 20357.8 19 7.60953
-12653 4479.37 44 4.67009
14439.7 19564.1 8 33.2253
3118.87 -10413.7 4 9.93752
-294.546 -7689.88 29 18.6579
23793.6 23747.5 36 34.9795
20080.4 16245.3 6 37.5186
6065.86 -12291.8 22 46.8434
-317.959 -23499.8 31 1.92095
-5489.12 -12975 18 18.6079
-22625.3 25481.9 13 9.72098
4194.77 -18482.7 18 38.1161
10753.7 -15656.3 32 45.2127
-27425 -2346.47 13 22.3237
23170.4 7318.73 1 3.24077
-2833.95 -2454.45 43 43.3892
-8208.22 7104.23 33 31.9785
-25650.5 14200.7 25 14.7762
4017.12 12258.1 22 43.6269
18016.9 19198.7 26 29.3552
-12799.8 13515 35 20.6754
21851.5 -4925.32 14 12.4582
-26935.1 -996.835 16 25.7732
16279.3 19880.2 2 20.0142
-4008.79 -4097.3 40 24.2145
-27260 -9683.03 19 31.805
-24659.4 5149.08 44 39.9322
-23181.5 -5232.1 10 15.5315
26349.2 21614.5 28 31.7612
-31.3078 13677.4 22 39.0793
-25364.6 17698.2 9 6.084
-19814.8 26786 32 45.7909
546.152 25544.8 6 39.9416
-13283.1 15080.1 21 22.7448
16330.4 6789.82 15 49.2553
-27498.2 -7279.22 42 10.453
-10874.7 -9705.05 39 6.49176
19864.3 16131.2 44 39.4352
3875.96 23538.5 50 45.6114
-4543.4 -26192 32 41.5311
15685.1 1452.02 14 40.4714
2386.23 89.4902 18 25.4755
25186.1 -3811.65 26 6.37744
14544.9 19418.4 23 10.571
17001 -18848.6 29 4.36839
-3459.53 -5126.82 41 21.7887
-7637.47 721.99 9 12.3664
-2452.69 27190.6 4 5.53098
3236.15 22393.3 14 8.16993
17400.5 -21378 22 37.0077
4938.21 20600.4 9 29.2778
10825.7 16876.1 22 23.2565
-9220.64 23267.5 33 38.9158
2395.28 -20453.4 47 36.5001
20506.3 -17213.9 8 19.3141
-23240.2 -13408.5 14 39.8146
-15687.2 24200.8 39 11.4135
10235.6 -1382.56 28 38.6702
3757.64 -11534.3 39 39.6726
16353.4 16552.3 13 44.17
5665.6 21432.3 44 45.4164
14759.4 25962 17 34.9193
5731.08 -20491.5 25 19.9507
27207.5 -3200.94 41 43.0414
-9784.27 -27683.1 4 46.1238
12538.8 -26440.7 50 15.1666
-23259 -1866.56 15 4.6067
12824.3 -18054.3 48 3.68885
15605.8 1957.31 47 41.2985
4010.14 1066.05 22 8.8894
1289.06 9412.32 19 3.17637
22335.4 392.649 17 45.7936
27687.5 14565.6 50 30.1388
15021.9 -23102.2 48 7.75108
-2761.04 12601.4 25 11.9756
27996.5 -4501.17 29 29.4094
10351.7 13951.5 35 15.823
8795.84 7435.31 1 24.3638
-7348.11 4162.55 39 31.6368
-2051.95 428.387 3 23.8154
-7914.27 -5122.89 50 31.2098
11480.7 -5293.47 40 8.90501
-22560.4 -24862.9 26 37.1027
18546.5 -2400.84 48 18.9419
-4023.47 -25383.5 13 6.39647
-18221.5 17246.2 26 32.0795
-27780.9 6314.09 26 35.7823
-20807.2 -27067 0 5.04411
-23188.9 -25109.6 24 24.1874
-201.017 -11600.2 49 23.4719
-10041.3 14656.7 17 34.4039
-10107.5 -3965.85 12 28.4099
7439.21 -1244.67 48 45.3883
5947.79 -11139.9 7 19.9626
-11141.5 -8438.94 38 40.5742
-17212.2 19246.1 38 12.3365
-20089.8 846.417 27 4.3512
-15745.7 -15659.4 36 24.2636
-12998.2 19990.4 6 41.5206
22294.7 -9507.73 50 13.5536
22123.1 -22191.8 9 19.9466
4306.42 22004.9 36 30.3392
-12660.5 -22217.8 19 18.1749
-27435.5 -7301.44 7 21.7106
-18561 1401.74 10 15.6637
-1168.83 -20649.2 8 38.6786
-7069.88 -7941.69 0 14.6192
-6938.07 27684.4 14 12.0269
-24066.3 2658.75 23 15.1244
-17670 17223.9 41 30.3428
-15604.1 13923.6 17 9.22151
11367.2 22898.5 45 30.1971
-2183.12 -106.156 32 28.6511
-7527.55 -3240.67 45 33.7449
2783.6 -18734.6 39 16.3722
-1398.98 -19306 14 49.5908
919.611 17656.1 28 33.0379
-19731.9 -2755.39 27 28.9864
-5853.91 -10990.2 3 38.2362
5844.64 13621.2 29 19.8731
-4602.22 16437.5 41 20.1531
-26224.1 17772.7 27 37.3449
-14316 17425.7 19 8.98495
12509.7 12468.1 24 27.6151
-19539.9 21295.6 42 32.7349
11380.6 16019 10 12.3191
25059.7 24608.7 8 40.9711
-20148.5 -26177.1 4 47.6992
27000.3 -6731.12 16 39.6234
21376.8 -19179 20 49.7991
-15367.6 20986.8 7 12.7213
-21123 -15963.7 20 18.7549
-668.715 5490.28 13 36.3295
-21301.5 -22541 18 7.0808
7023.44 23891 39 27.3897
12150.4 18412.5 28 16.6823
-14778.3 16776.8 32 32.4649
12470 -17137.1 12 24.7488
-3770.78 22770.5 25 14.0566
-21060.2 -15218.5 1 14.659
13788.1 11385.4 27 11.6931
3178.05 -23504.9 4 30.6395
-16460.4 9710.59 45 37.9488
-11744.4 24965.8 18 4.17569
-23067.6 -11292 24 3.08496
26266.4 13293.6 11 21.2732
6296.57 -8629.71 25 11.1359
-26043.8 -18738.1 37 22.592
-26545.5 23371.3 41 9.80704
7640.27 24917 36 27.8533
-13028.3 11960.2 2 30.1086
-7159.73 19457.2 4 49.2337
-24919.7 25582.5 23 31.979
9142.31 -9889.61 19 42.7193
-6404.41 2430.29 45 47.2344
-5221.76 18457.5 2 2.63244
16114.5 -2950.02 6 5.81398
-4353.71 3956.79 1 4.22956
27388.5 -22039.5 45 22.3413
-11761.6 -16299.3 34 45.606
-23139.3 -1041.24 50 32.2511
-3350.78 -9125.41 37 42.8572
13211.8 17351.7 9 35.3964
25568.5 12275.7 38 6.20182
14239.3 15998.8 6 17.1853
-18429.2 22178.3 38 10.7292
-8439.34 -26154 1 41.943
7297.03 -22570.4 28 5.69047
-10755.5 -16454.7 2 3.08288
-17438.5 3761.41 20 32.3743
-1146.26 18046.8 39 49.8586
20589.8 -16109.7 29 34.9321
-3729.25 -7993.57 21 36.4045
27660.2 26141.3 8 7.24823
12522.3 -10419.5 18 32.7871
-27861.5 -9183.82 10 48.3416
-1684.77 21566.7 10 47.3703
13555.3 14849.6 12 7.99628
-15466.7 -9206.72 17 35.0108
-15428 -15000 31 40.9596
12014 12748.4 31 3.87922
-10585.6 13948.8 44 35.4154
-7728.36 24590.3 34 43.2702
24520.4 579.979 28 34.5897
-27132 -17832.6 25 37.3607
24259.9 8278.03 48 28.8526
2363.85 -22047 33 11.4151
-3130.52 22227.4 25 36.9067
5627.35 -16557.4 11 20.86
2679.35 -1386.01 26 36.8173
2726.62 20459.4 44 18.3173
8607.17 -2786.5 10 35.7554
-13237.3 -10641 44 46.0644
-10718.2 -18584.3 44 48.9299
-23207 -25437 11 41.2535
23929.1 -20039.3 11 44.4927
-5296.57 -23774.8 4 7.23084
-23744 -25485.9 27 46.6713
23839.7 12063.5 3 23.4725
24378.1 -10098.7 31 31.8335
-15286.6 -17281.5 44 25.1655
-4655.62 7289.44 12 31.4408
-4470 1158.07 3 26.7353
-14277.1 -12035.3 19 15.7203
-19123.2 25740.7 47 35.2773
20907.3 1434.66 3 27.0758
-12085.9 7497.75 38 30.4201
-22919.2 27286.2 39 19.162
10651 12009.5 43 10.7415
26758.3 -19941.9 22 19.3558
20498.6 27602.2 31 15.7138
-26196.3 17557.4 47 23.0118
-9409.26 -10503.1 13 46.3867
-153.378 -3255.32 25 43.9212
-6917.4 -17496.7 14 44.4538
-27718.4 -6911.19 14 49.2215
12788.4 7325.68 6 27.455
-20499 14497.3 25 26.9847
528.952 -23631.2 9 19.4737
18243.3 -27020.1 4 3.55423
-19450.5 -15867.9 7 23.5111
26803.3 15132.8 11 38.3131
6766.45 -11722.1 21 49.916
-7307.06 -1345.17 39 31.3031
-25685.8 5740.84 23 12.4836
23456.2 13902.7 2 20.5611
19309.9 5218.61 37 39.1332
-7988.19 -8938.56 41 29.8023
-452.474 23614.3 37 5.53812
-25230.9 -24930.3 15 10.9756
23004.4 -19030 6 34.0743
2116.28 4231.32 21 5.69866
-18582.1 27164.5 12 48.1737
-9990.78 -11330.5 47 35.3485
-4644.65 21571.1 26 17.9521
-12465.9 2525.34 21 46.8013
-4948.81 -17760.1 12 29.1692
-17862.1 -23018.5 2 43.0225
8910.87 11152.7 36 10.4233
-2671.54 10457.3 50 8.45207
-6730.47 20602.9 47 3.66114
26750.9 -6753.36 33 34.5142
-5155.96 22692.6 6 42.4841
-18607.5 11668.3 23 6.94331
-23691.6 9645.12 12 8.3561
26424.5 3122.67 35 2.91597
18058.8 12542.6 42 11.0076
1496.13 6326.11 6 2.02364
-23986.7 18721.8 18 17.7064
-20319.1 7357.8 38 17.2084
-20918.5 8972.72 22 27.2102
21039.8 -13117.7 28 4.46434
26414.3 -23331.3 10 41.6117
-5288.4 -22540.6 25 33.3726
17612.8 23042.1 50 29.5431
-930.665 5866.7 12 31.3242
-23053.4 5942.02 43 8.34609
2007.81 24798.2 2 38.0393
15543.4 1645.19 13 45.4233
-11223.4 11857.4 10 49.4652
1815.18 -27076.3 11 18.4265
6647.73 25158.1 3 11.8108
-26850.7 -8281.05 7 2.09399
5372.29 14084.1 24 23.3686
-14636.7 -11644.1 40 1.86795
304.787 22086.6 12 45.5392
-27942.8 -14290.9 22 19.5256
-7968.03 -7854.6 6 48.9429
8940.38 -19324.5 37 47.6441
27691.7 24240.2 30 28.9328
9500.96 -24924.5 2 12.1123
15037.9 -4496.88 44 9.64209
4058.39 25031.8 8 33.9345
19267.1 -9085.58 35 43.0626
13678.2 -23866.6 26 29.2757
-6224.74 -1894.3 49 43.9544
-11696.9 -755.636 36 31.5724
-2750.31 -642.367 36 21.0073
2238.09 12068.8 32 20.6346
-7888.33 4062.07 32 16.316
3196.69 -2466.17 17 9.73651
770.185 -11365.3 25 8.23054
9849.44 10157.6 1 40.8853
-9754.04 4633.47 6 34.7796
-10808.1 -6238.26 12 40.6218
24505 27497.9 15 32.5592
17351.3 20835 30 23.7175
17758.6 23319.7 17 0.387031
9869.59 25691.7 11 41.2695
8730.47 -10505.2 31 36.6537
-11901.1 19202.1 26 42.4305
-9265.85 8181.96 5 33.9976
27997.9 -18771.6 33 16.4097
10603.4 4841.81 33 48.5541
6814.22 -14131 21 36.875
-22806.9 -6701.46 11 11.6052
3680.46 -19712.6 13 9.34977
21735.2 15562 1 25.6578
8687 17282.9 27 23.2197
20820.5 21911.2 30 16.8271
327.148 -4692.9 2 14.2048
27424.9 21994 23 47.0358
2502.73 647.871 48 43.0565
-2155.48 -17504.5 49 0.48571
849.379 -18583.4 8 8.80099
-17024.4 -17132.8 26 29.309
-21885.5 -18057.3 2 11.5397
-4759.84 3998.94 34 2.26582
-8296.83 21304.6 28 11.534
-13921.3 6259.91 13 21.8406
-18285.1 -20719 10 9.24964
4634.57 -21937.9 19 22.9621
-27316.1 10759.2 30 25.7717
-26276 16694.3 45 23.7409
25211.2 19472.5 35 46.6059
-12336.5 21928.3 37 23.8572
-9511.74 -9628.31 40 15.3042
26098 25620 36 12.491
-21250.9 2323.4 41 40.039
-8873.58 -17689.8 17 33.2155
-1208.94 24296.5 24 24.5901
-13627.6 19461.1 13 31.4199
6697.62 -22346.4 39 14.3331
11872.8 -2876.36 11 2.64187
-14430.3 15402.8 13 26.5037
-16015.2 26523.8 49 24.8709
22789 -27988.1 29 45.4035
-26041.3 18833.7 48 0.791363
-3868.64 6332.73 5 4.63857
-9148.33 14110.2 17 47.8765
7303.75 -9896.59 14 21.9841
-3531.9 -24528.4 46 45.0202
11468 955.857 19 25.1606
-24407.3 -6922.58 43 5.77838
-25800.4 5872.33 47 48.4008
-22164.4 4690.02 4 47.8918
26106.2 220.656 36 4.92703
13825 -25341.7 42 24.1995
24936.3 -20684.2 33 25.8261
-21952.2 -972.59 30 39.2874
-11905.3 -11656.5 4 8.75657
1941.34 15510.5 29 49.0807
-2865.55 -15431 13 4.26663
25421.3 12461.2 21 42.6329
26900.3 2455.82 28 16.9944
10661 -19812.1 19 36.9747
-17428.6 6494.7 36 6.72828
21335.7 -24782.7 30 5.61153
-15463.9 26552.2 24 39.4912
10541.9 1620.69 46 23.5307
-11266.2 -19232.1 24 14.4335
27648.1 -17689.8 18 43.7438
747.078 -4184.98 24 15.1826
-5829.85 2467.63 4 9.82905
-21017.9 -23533.3 28 43.0433
-19680.6 -22708.9 49 6.78152
-966.889 2466.93 45 34.1235
21428.2 6309.67 9 24.6222
7782.29 -6563.92 25 40.1122
-16274.1 -22242.9 43 15.6314
-7530.64 20565 29 7.82834
14665.7 17137 37 32.3214
-19262 -10957.5 44 17.3929
6758.58 -5856.2 46 44.7311
-2703.67 17979.3 27 43.4706
26603.8 14234.3 28 47.3056
20031.6 -2556.74 8 21.6591
-13503.3 -21634.8 18 17.6117
22404.9 -17092.8 26 29.9492
-5346.02 -6897.61 18 10.0173
8745.14 -25874.4 48 46.7645
-22228.2 -11292.6 15 2.13899
14936.7 -16179.4 32 2.79213
470.836 20090.2 3 39.9951
27271 -19512 22 5.62047
19695.7 2051.53 11 35.0162
2892.4 25063.4 32 0.992492
4072.79 15630.6 32 9.26248
8373.33 -14724.5 16 9.24227
-13523.2 27527 2 26.351
-6271.14 -8335.87 35 31.4983
418.028 -4429.1 11 40.0942
-1291.92 -9663.26 16 3.1118
-14592.7 -17485.9 27 46.1461
-13023 17808.1 8 12.2643
15955.7 -6092.96 43 12.1971
-23477.8 345.334 7 28.7219
20518.6 23910.8 36 19.0982
-7.90452 -3538.44 26 13.1539
-1387.58 21924.9 36 20.7713
-27633.2 6376.04 5 21.3788
20854.5 -14842.6 43 31.2358
-10035.8 -2101.56 39 22.77
3406.16 -10910.9 44 19.1845
2872.81 23584 32 28.3605
16198 -23721.6 2 40.9036
-7182.77 20856.8 7 15.1973
-2777.4 7992.36 10 36.2655
15073.3 -2197.82 44 8.654
21008.1 4237.29 11 43.0283
-18853.1 -2233.54 8 32.873
20672.1 -9642.44 28 32.7089
11785.8 7676.4 19 8.65068
-6581.5 13937.3 21 24.6082
-4026.32 6603.04 12 15.6668
12711.7 -14519.4 43 16.8865
16843.4 -13976.4 43 1.89573
17044.7 5535.92 49 26.0118
6595.14 -20051 35 45.9329
17057.9 15949.7 19 10.9696
-18848.5 9315.73 19 49.4121
9280.39 -8447.64 7 35.3926
-16442.6 11239.4 36 26.6333
-20013.9 -2657.01 3 7.09966
20380 -1921.18 46 45.0873
-22534.7 21049 43 1.30695
3099.05 22371 30 7.10374
11878.3 7300.26 25 5.55302
-4028.39 -12767.7 30 0.428659
23739.1 -22696.2 40 30.3435
-17410 -23493.4 27 28.3272
-16988.4 -26556 19 40.9836
-23652.3 14110.6 22 7.81727
11210.6 -13265.1 16 11.8295
3676 -20851.1 28 35.394
-26800.9 -19771.3 32 33.032
-7065.98 -4967.74 28 13.5551
-21368.5 22688.8 49 11.4137
12258.5 -19812.2 18 10.4129
-20601.2 -10564.1 47 21.6796
-24551.3 14410.8 26 10.0858
21379.1 -2087.17 4 37.5113
1362.2 26616 32 5.25143
8027.06 -22283 41 15.7986
-15957.1 -13732.7 50 46.4268
24815.6 25948.2 9 34.3567
23496.7 3428.35 22 12.6352
-27352 -20969.7 49 20.2118
-14721.2 24055.1 2 25.4211
18241.6 -8153.3 25 39.2184
-3981.03 -2804.34 43 10.306
23037.7 -23753.5 24 43.2777
12211.1 -10721.8 31 14.5058
24190.4 -1463.89 7 5.60185
-8466.5 -20700.5 39 33.3845
421.804 25821.3 5 48.2547
23363.1 -25493.4 14 3.46341
24028.5 21106.5 4 7.59153
10733.2 -21903 44 37.9618
15267.5 20896.5 3 11.3769
-10143.9 4575.93 43 25.4783
-22289.6 -27826.9 48 40.2937
-24645.5 -15232.5 43 14.7762
20950.3 13624.7 30 18.588
-21066.7 -14496.5 38 34.2472
-14539.5 -9532.66 26 14.0176
-17220.4 2286.5 37 6.43006
11838.7 12763.5 7 28.5166
12812.7 -16253.7 18 32.8209
25562.8 23577.2 30 8.94799
25481.1 20955.5 39 40.693
8313.3 8466.7 29 18.8425
22615.7 -320.116 21 3.18004
12532.6 -26830.8 46 12.9738
-20635.6 -21864.7 17 19.1747
22880.4 24641.2 47 17.5656
8196.15 25255.4 14 12.909
-10444.6 -22075.2 8 8.66938
-20270.8 13846.4 7 7.64386
-26800.2 20768.3 29 37.8738
7805.4 637.65 44 35.4679
-22342.7 -11231 40 12.8928
14122.3 9179.27 21 34.6848
-23356.6 -18813.9 50 35.0866
-19098.1 -14642.5 46 18.0281
21377.9 23886.9 28 4.1943
26069.3 27821.1 15 4.64781
25249.4 2970.43 0 21.587
-10865.4 7134.63 39 46.0301
-12973.8 5273.38 8 25.2051
23447.8 11766.1 41 48.1285
-13514.6 21896.4 8 4.81919
27107.8 3880.65 9 22.1436
-8182.67 20000.9 13 6.03721
-10417.6 -23333.4 29 22.5664
-15079.4 19779 34 42.6657
16260.4 10346.7 41 42.7024
618.367 -20558.7 15 12.8724
-20284.4 -22320.1 33 5.08521
-18002 -22864.3 17 34.4389
27431.5 4085.65 36 21.1606
17591.9 -15749 42 24.6359
-10959.1 -6138.04 16 27.3838
24331.3 26950.2 47 13.435
-9509.24 -6697.48 21 3.86792
8003.09 -5109.63 49 6.50425
-1738.47 793.749 36 36.4275
21176.1 807.761 47 30.1346
-23547.5 15478.1 43 24.2699
11546.8 -16990.3 14 35.9569
-869.814 -20184.5 32 12.7053
-10817.5 -13054.5 26 21.3126
-23295 18678.5 20 39.9703
18307.3 21089.8 4 13.2858
8125.78 24621.9 7 39.6999
16418.8 13172.3 43 39.1283
10226 18942.7 34 16.9412
25718.6 -27194.1 44 12.7979
19444 8309.45 19 24.4035
11020.4 -15461.6 5 37.6528
-15824.8 -19701.5 30 22.5558
24126.2 -13938.1 16 8.22129
3716.92 14054 23 9.39481
8883.66 -20107 44 17.7384
-5688.65 995.31 11 38.749
16399.9 14555.8 3 22.047
-17949 358.817 9 30.7849
10399.2 -25897.9 45 47.8493
26600.9 1246.32 28 9.58239
-11408 -16157.3 14 8.5902
23495.9 25788.8 18 30.6247
20281.4 14694.3 31 18.2751
-11927.7 11055.4 26 36.3348
10304.6 618.071 50 11.6727
-27822.5 3244.84 18 22.2854
19433.6 20479.7 48 11.2036
26965.4 23747.2 32 40.1712
16915.9 26966.7 44 24.5751
-2640.62 15715.1 50 48.5876
25556 24701.9 7 42.0895
-5087.21 2617.47 3 36.8327
17.0695 11349.5 39 28.8708
-7824.48 -7552.36 43 13.1984
5055.53 10757.5 4 35.7173
-27096.2 -951.633 45 36.8057
2917.13 17388.5 12 29.2147
332.642 -5531.3 21 16.6264
24185.6 1848.49 14 40.1493
9407.95 -18275.7 25 3.7215
19234.1 -453.666 17 28.4823
-6152.92 -16592.7 30 48.74
24218.4 -22193.8 29 0.776101
-22173.7 13567.9 28 0.796553
21062.8 20386.4 49 41.3631
20415.5 23672.7 13 41.0825
15334.3 -18230.4 5 33.9057
9378.87 13140.8 19 34.1768
15219.7 -21534 30 39.0688
24307.8 24103.1 22 32.5508
-3119.19 22901.7 44 15.8188
4799.8 8565.34 8 8.47465
-15400.1 18101.3 8 47.6114
-23152.3 5707.14 18 6.09179
2650.56 8541.97 8 9.09841
-2917.4 -3597.22 45 10.1585
13045.3 2830.5 0 3.88839
2955.92 -7614.37 12 4.51531
-1612.33 21788.4 38 4.81365
-19333.2 -16193.6 20 32.5324
-6882.39 1611.81 12 29.9155
17745.6 -5739.52 47 28.8471
27905.4 26200.6 48 0.43607
-6655.48 1082.52 20 23.1701
27680.5 -21448.8 8 39.1871
8365.83 -27691.4 31 43.2463
2417.51 5771.52 34 9.35046
1064.1 -12265.6 14 41.3078
-24784.8 23410 21 21.5773
2944.37 20380.3 7 32.4144
-18015 3112.97 39 47.7342
-13562.4 21611.1 27 2.88426
14405.1 -7518.14 6 20.7641
-2663.35 2924 3 4.07944
-2730.23 1133.46 34 35.7964
-16342.8 19151.2 12 17.8071
-6516.88 11383.5 49 1.70719
12024.8 5653.31 10 17.4472
22926.8 26528.2 14 17.4248
12304.4 17734.8 7 20.1118
-52.4807 -8559.7 26 17.4572
-18973.1 -11774.1 41 37.2987
11421 -11619.1 16 49.3673
17485.8 10435.8 27 0.454149
13996.7 -21920.9 24 22.1619
14256.7 -26704.4 43 20.8818
26530.8 -27259.1 18 25.5318
14432.6 -22949.4 42 36.7682
7362.97 5357.31 18 17.3966
-23861.8 -8592.58 33 15.9067
14640.1 -27792.2 18 42.0882
-21167 2683.43 44 47.4241
26680.8 -25245.8 31 18.1758
16060.5 26033.5 41 42.5306
26261.6 -6291.14 18 33.7085
3947.93 24008.6 3 46.1575
11385 5909.52 4 33.8818
-11813.3 21863.5 14 11.9092
19449.6 1038.65 11 4.02824
13166.4 12280.8 14 44.4178
26901.3 21040.9 19 9.85494
-7633.06 2610.24 45 8.38971
12963 -1166.7 17 25.4735
-492.74 -23393.2 31 31.9078
-25064.8 19118.2 17 14.1383
21695.7 19904.2 12 20.5511
847.315 -14522.6 45 48.418
20601.3 5161.86 35 3.39674
27451.4 -12011.8 23 22.6964
10809.2 6848.73 49 6.27131
17847.2 22441.4 36 13.9428
19273.9 824.007 41 19.217
-18494.5 -14124.1 25 4.69751
26943.7 -25136.2 24 10.9467
14826.1 21673.8 17 23.8293
27266.6 -13090 43 42.5939
9732.49 -20561.1 31 3.49507
2830.14 12012.6 39 14.8786
25302.6 -23035.8 45 42.9546
-7794.42 1753.11 33 23.1314
8133.13 5547.42 21 33.2319
14174.3 -18204.8 40 24.5128
27219.2 -12923 50 49.4943
-24129.2 -15844 17 8.80495
25378.2 23420.6 30 33.9427
-4510.14 -16230.7 13 30.1091
-25006.2 1352.84 26 1.79815
-26522.6 -8853.96 10 47.2541
-2390.5 17890.7 48 1.01996
-15501.1 7098.55 48 37.6657
-15054 27646.3 42 44.031
16548.9 8172.26 10 15.0272
18263.4 -27132.6 16 5.62658
27144.7 24106.5 24 47.2979
-19380.7 -20385 22 7.35413
12365.6 -16670.1 18 12.2011
-5567.66 -22296.5 39 4.87647
26383.4 22817.8 35 21.2666
19412.6 19307.5 8 29.1685
21255.2 -1708.74 33 3.69072
-24979.5 18528.1 12 5.40756
-13719.1 -26520.4 3 21.3793
-16420.7 22968.4 45 40.5652
-27060.8 -656.604 22 20.2628
-16663.8 -23090.3 26 20.4224
18518.3 10857.7 8 46.8081
17922.4 4485.49 36 14.068
24093.6 1324.57 1 18.3358
-18398.4 3072.62 34 38.3955
-9822.73 -12940 45 6.23573
6645.29 -18087.6 49 39.1717
-21630.9 22194.3 28 17.6682
14997.1 -15553.5 25 24.1739
-24713.7 10997 49 38.7985
-11480.3 -10708.5 31 3.1318
11779.1 -6505.66 50 41.9324
-3196.15 8152.76 17 8.59993
-26466.3 9556.07 26 14.613
1223.25 23889.4 15 32.6153
