-73.9878 40.7361 27
-74.0106 40.801 47
-73.8833 40.6114 2
-73.8424 40.714 3
-73.8382 40.8749 43
-73.9985 40.7236 35
-73.8178 40.6152 37
-73.8527 40.8927 18
-73.7584 40.8228 33
-73.853 40.6814 22
-73.8945 40.6821 18
-73.8921 40.8687 3
-73.8873 40.6951 50
-73.9516 40.88 3
-73.9197 40.87 27
-73.7696 40.8252 39
-73.9895 40.8037 44
-73.8248 40.8952 45
-73.9407 40.7522 30
-73.9122 40.6804 21
-73.8972 40.6537 7
-73.807 40.7584 25
-73.8216 40.8632 31
-73.9802 40.8114 6
-73.9493 40.7231 1
-73.7705 40.6544 16
-73.8475 40.8016 19
-73.8886 40.7739 43
-73.7657 40.6448 50
-73.9851 40.6754 24
-73.7642 40.66 16
-73.9891 40.7841 40
-73.8949 40.661 1
-73.9083 40.8799 20
-73.7845 40.6489 3
-73.9551 40.8316 23
-73.9014 40.8753 33
-73.8401 40.6748 43
-73.8869 40.8417 38
-73.7668 40.7304 42
-73.834 40.8819 43
-73.8784 40.6316 21
-73.787 40.8159 44
-73.8074 40.8194 0
-73.8818 40.6204 36
-73.8433 40.6599 46
-73.7834 40.6422 22
-73.9652 40.6941 26
-73.9048 40.8385 18
-73.754 40.7867 31
-74.0231 40.8152 16
-73.8393 40.6616 42
-73.7999 40.6253 38
-73.9656 40.6251 19
-73.7679 40.6804 35
-73.8139 40.7255 14
-74.0202 40.8904 12
-73.9865 40.778 9
-73.9808 40.6769 11
-73.9641 40.8059 40
-73.8203 40.7875 2
-73.9621 40.8071 5
-73.8815 40.7742 16
-73.9847 40.744 43
-73.8732 40.6942 6
-73.9395 40.7536 21
-73.9235 40.7327 24
-73.948 40.71 12
-73.841 40.8155 36
-73.8991 40.6958 23
-73.845 40.7794 50
-73.8426 40.7606 26
-74.0193 40.7903 27
-73.9514 40.6738 43
-73.9004 40.6077 8
-73.8325 40.7725 38
-73.8358 40.823 8
-73.8897 40.6492 46
-73.822 40.6031 29
-74.0053 40.7159 11
-73.8543 40.8099 27
-73.8033 40.803 15
-73.9953 40.8294 11
-74.0043 40.8141 15
-73.8945 40.7542 22
-73.9462 40.8058 29
-73.934 40.8915 27
-73.7925 40.7123 24
-73.8241 40.759 1
-73.7609 40.7046 31
-73.9894 40.8818 18
-73.7607 40.6752 21
-73.7812 40.8249 35
-73.9522 40.6355 10
-73.8758 40.653 30
-74.0011 40.7116 42
-73.7609 40.6249 25
-73.7715 40.707 39
-73.8213 40.8017 38
-73.9611 40.7667 33
-73.9232 40.67 33
-73.8227 40.6152 33
-73.7674 40.7839 46
-73.8633 40.7473 2
-73.8833 40.6204 22
-73.8972 40.7324 37
-73.9771 40.8776 49
-74.0043 40.756 8
-73.9949 40.7096 21
-73.8309 40.8577 38
-73.8346 40.8763 30
-73.8779 40.7194 12
-73.9096 40.6865 5
-73.8071 40.7979 44
-73.8315 40.7138 4
-73.9605 40.7457 0
-73.8441 40.6562 49
-73.8087 40.6516 30
-73.9296 40.7511 42
-73.8275 40.8371 32
-74.0121 40.8268 3
-73.7728 40.6614 4
-73.8328 40.6782 36
-73.9692 40.7295 23
-73.7598 40.6113 26
-73.8203 40.8433 16
-73.8787 40.7199 50
-73.794 40.6929 7
-73.8509 40.8753 35
-73.8773 40.6481 48
-73.9814 40.7023 5
-73.8834 40.7664 43
-73.8415 40.8067 1
-73.8424 40.6207 7
-73.9635 40.7736 8
-73.837 40.8111 3
-73.7738 40.7278 25
-73.7755 40.8141 26
-73.9798 40.7702 13
-73.835 40.6299 27
-73.8432 40.7693 30
-73.9825 40.8163 1
-73.8826 40.6115 12
-73.9201 40.7769 31
-73.8152 40.7444 33
-73.9134 40.7423 36
-73.9487 40.6836 35
-73.7704 40.7228 30
-73.7752 40.8428 26
-73.9846 40.6752 33
-73.771 40.8538 14
-73.8867 40.7237 35
-73.9943 40.6306 22
-73.9432 40.7008 16
-73.8688 40.6608 5
-73.7902 40.7093 41
-73.9803 40.6451 23
-73.7851 40.7225 33
-74.0071 40.8653 46
-73.8157 40.7696 1
-73.8825 40.6828 44
-73.9184 40.7558 47
-73.867 40.8603 17
-73.823 40.8598 3
-73.7863 40.6276 8
-73.9973 40.7667 41
-73.8159 40.8649 44
-73.9928 40.7138 35
-74.0026 40.7417 36
-73.9179 40.7862 34
-73.9256 40.8348 21
-73.8889 40.7338 25
-73.7718 40.6442 5
-73.7611 40.6713 49
-73.9699 40.659 17
-73.9046 40.7285 18
-73.8615 40.645 34
-73.8351 40.851 41
-73.9224 40.7423 32
-73.8494 40.7122 18
-73.9332 40.6438 14
-73.793 40.6436 30
-73.7751 40.7532 17
-73.9448 40.6378 32
-73.8998 40.6471 38
-74.0202 40.7662 14
-73.9369 40.8128 42
-73.8979 40.6159 3
-73.8707 40.7255 42
-73.9745 40.876 30
-73.8985 40.879 20
-73.9034 40.8213 44
-73.9951 40.8463 29
-73.7586 40.8723 9
-73.8823 40.8129 30
-73.7983 40.8161 32
-73.8791 40.6964 44
-73.7758 40.8812 5
-73.7978 40.6991 26
-73.8027 40.7962 12
-73.8624 40.6739 45
-73.9794 40.7784 31
-73.8422 40.8575 34
-74.0233 40.7862 23
-74.0146 40.8527 18
-73.8679 40.8202 14
-73.9757 40.8651 50
-74.0144 40.7445 29
-73.9062 40.661 24
-73.768 40.8816 24
-73.7641 40.6652 0
-74.0097 40.7899 29
-73.9885 40.7488 33
-73.8814 40.8668 34
-73.919 40.8457 12
-73.827 40.6604 43
-73.9948 40.7074 39
-73.8437 40.7045 8
-73.9777 40.7987 20
-73.8671 40.7298 35
-73.8098 40.6842 13
-73.8795 40.895 38
-73.9789 40.8286 10
-74.0144 40.6324 13
-73.8096 40.6641 14
-73.9672 40.826 31
-73.9272 40.6594 5
-73.8351 40.8212 5
-73.8468 40.7137 10
-74.0185 40.8323 20
-73.7991 40.6393 17
-73.9257 40.6249 29
-73.7957 40.8416 32
-73.9283 40.684 46
-73.8226 40.8296 12
-73.7929 40.7802 6
-73.9874 40.6383 10
-74.0042 40.8845 11
-73.8389 40.8525 7
-73.8052 40.6146 3
-73.9852 40.6681 20
-73.8467 40.8913 41
-74.0147 40.8878 44
-73.7984 40.8121 30
-73.9619 40.7329 20
-74.0172 40.712 43
-73.859 40.7848 33
-73.9534 40.8915 10
-73.8722 40.6367 22
-73.8654 40.7435 45
-73.9255 40.6892 42
-73.8001 40.8404 40
-73.9023 40.8053 41
-73.9711 40.875 23
-73.8838 40.8657 50
-73.8997 40.6833 20
-74.0149 40.6579 41
-73.8298 40.8321 36
-73.8527 40.6013 32
-73.8961 40.757 16
-73.9861 40.715 43
-73.9001 40.6873 49
-73.754 40.7041 40
-73.8613 40.6753 10
-73.8848 40.7801 50
-73.8737 40.6327 26
-73.8692 40.8009 3
-73.7871 40.644 37
-73.9147 40.7646 25
-73.774 40.6766 2
-73.9307 40.6516 31
-73.8701 40.7112 18
-74 40.7242 5
-73.8386 40.8577 27
-74.0071 40.6336 50
-73.8349 40.7409 3
-73.7758 40.8537 50
-73.9898 40.6572 33
-73.7609 40.6481 7
-73.761 40.8519 3
-73.7674 40.6842 23
-73.7898 40.7144 38
-73.8419 40.8022 16
-73.8378 40.65 0
-73.9753 40.7978 34
-73.9361 40.6956 4
-73.9033 40.793 48
-73.8451 40.6513 0
-73.9939 40.7663 49
-74.0169 40.8619 45
-73.8757 40.7445 41
-73.8661 40.74 38
-73.9768 40.7131 42
-74.022 40.7349 45
-73.9558 40.8482 21
-73.9139 40.7558 4
-73.8124 40.6918 9
-73.856 40.6975 7
-73.9006 40.649 47
-74.0149 40.7674 50
-73.9334 40.7054 8
-73.921 40.7784 1
-74.0022 40.7457 14
-73.9049 40.697 0
-73.9961 40.8823 17
-73.7576 40.6135 49
-73.9639 40.6761 22
-73.9471 40.8607 43
-73.873 40.8665 43
-73.9602 40.6781 19
-73.8223 40.8266 21
-73.8983 40.6547 44
-73.7723 40.6869 32
-73.8766 40.6173 9
-73.817 40.6107 26
-73.7619 40.6685 30
-73.8752 40.8298 39
-74.0093 40.6223 50
-73.8886 40.8214 48
-73.7775 40.841 14
-73.7777 40.7187 8
-73.9667 40.7109 13
-73.9597 40.6999 26
-73.8597 40.6076 41
-73.8772 40.8207 40
-73.9011 40.6731 35
-73.8451 40.6825 17
-73.8377 40.8301 46
-73.7607 40.7218 8
-74.0202 40.8723 5
-74.0036 40.714 24
-73.9131 40.878 35
-74.0203 40.7152 38
-73.8739 40.6357 8
-73.8054 40.6576 21
-73.8805 40.7394 19
-73.8903 40.6648 22
-73.7554 40.7042 22
-73.7585 40.7708 28
-73.8867 40.8158 4
-73.9767 40.7114 13
-73.7924 40.864 40
-73.9557 40.7629 36
-73.8921 40.8537 21
-73.7764 40.7685 50
-73.8649 40.7213 2
-73.9882 40.8863 34
-73.8713 40.6874 15
-73.7578 40.6991 26
-73.8055 40.7762 10
-73.9791 40.6593 40
-73.8105 40.6483 12
-73.8839 40.8565 16
-73.813 40.8819 41
-73.8382 40.7859 39
-73.8655 40.837 24
-73.804 40.6879 29
-73.781 40.6777 23
-73.8459 40.7666 34
-73.8224 40.8901 14
-74.0219 40.6186 47
-73.8127 40.6855 37
-73.8957 40.8727 45
-73.8205 40.7389 24
-73.8868 40.8468 48
-73.7757 40.6785 20
-73.8156 40.7349 21
-73.8489 40.8452 13
-73.9747 40.8329 50
-73.9087 40.7876 48
-73.7683 40.7122 12
-74.0121 40.6289 43
-73.7659 40.8568 26
-73.7542 40.6635 20
-73.9257 40.6612 19
-73.7809 40.8415 21
-73.8279 40.7233 30
-73.8433 40.8186 0
-73.9882 40.8006 16
-73.9016 40.6774 7
-73.8619 40.6229 44
-73.9649 40.8323 48
-73.8237 40.6646 1
-73.8182 40.7248 13
-73.798 40.7844 32
-73.9938 40.6064 21
-73.9957 40.7294 1
-73.9344 40.7117 27
-74.002 40.6154 9
-73.7973 40.7096 43
-73.9482 40.8081 45
-73.912 40.7643 27
-73.8278 40.6704 7
-73.8072 40.7192 44
-74.0129 40.7447 49
-73.8265 40.8597 15
-73.9828 40.8679 1
-73.7686 40.7683 10
-73.8664 40.6468 3
-73.8685 40.663 1
-74.0057 40.8279 19
-73.9277 40.7843 35
-73.9817 40.7675 35
-73.8056 40.8177 8
-74.0199 40.8381 47
-73.8704 40.8918 37
-73.8856 40.7409 27
-73.9833 40.7558 17
-74.0144 40.824 25
-73.8984 40.8051 1
-73.977 40.8798 37
-73.9455 40.794 42
-73.9043 40.6186 19
-73.8837 40.8182 35
-73.9244 40.6376 21
-74.0154 40.6353 37
-73.8751 40.8091 26
-73.7603 40.8796 19
-73.9736 40.6907 35
-73.7943 40.8367 9
-73.9602 40.7564 44
-73.8996 40.6564 30
-73.802 40.6165 43
-73.7742 40.8425 1
-73.949 40.6304 42
-74.02 40.7793 0
-73.8543 40.693 29
-73.8476 40.8176 37
-73.9883 40.6942 0
-73.8698 40.6635 31
-73.7865 40.7121 30
-73.9182 40.8359 3
-73.8637 40.6987 44
-73.8959 40.8573 36
-74.0039 40.6559 2
-73.8393 40.7928 17
-73.9378 40.8895 11
-73.9637 40.6194 40
-73.8477 40.6545 37
-73.8795 40.6842 24
-73.7624 40.8617 17
-74.0215 40.693 11
-73.8028 40.7611 9
-73.8495 40.7468 14
-73.9285 40.8051 4
-73.9261 40.6885 29
-73.9286 40.6863 46
-73.8219 40.8347 47
-73.809 40.6917 29
-73.9963 40.8043 9
-73.8842 40.761 50
-74.0214 40.7562 32
-73.9717 40.6517 22
-73.9844 40.8578 9
-73.8073 40.8437 16
-73.8607 40.8382 5
-73.8227 40.7953 25
-73.7811 40.7345 13
-73.9007 40.8833 24
-73.8386 40.8679 30
-73.823 40.703 19
-73.7998 40.6403 5
-73.8092 40.713 17
-73.9577 40.6084 6
-73.831 40.7717 47
-73.8643 40.7708 3
-73.922 40.6714 41
-73.9493 40.6144 32
-73.8465 40.7045 46
-74.0024 40.8518 24
-73.9974 40.6374 22
-73.9164 40.7957 21
-73.9538 40.7689 39
-73.9605 40.7876 30
-73.9971 40.7022 40
-73.9119 40.6794 12
-73.8076 40.7738 30
-73.8399 40.8434 33
-73.9199 40.6584 6
-73.869 40.7799 13
-73.9916 40.6163 6
-73.9789 40.7029 14
-73.9631 40.7507 13
-73.9466 40.7514 7
-73.8016 40.8035 15
-73.8442 40.6597 35
-74.0011 40.6386 9
-73.7949 40.6868 18
-73.9691 40.8041 2
-73.9619 40.8609 12
-73.9736 40.8591 32
-73.8696 40.8757 45
-73.9365 40.6529 49
-73.8292 40.6486 32
-73.7703 40.83 9
-73.8895 40.7476 17
-73.9245 40.8146 47
-74.0229 40.7499 21
-73.8467 40.7847 19
-73.7701 40.8265 13
-73.9996 40.7677 46
-74.0073 40.7405 36
-73.8205 40.6202 31
-73.8903 40.827 29
-74.0166 40.7384 49
-73.9816 40.7091 42
-73.9733 40.8417 2
-73.8153 40.7289 16
-73.7778 40.7515 31
-73.9557 40.8906 25
-73.8911 40.6823 50
-74.0166 40.6184 46
-73.8791 40.6913 14
-73.9986 40.7322 33
-73.8659 40.7533 25
-73.8379 40.7247 2
-73.9962 40.7719 34
-73.994 40.619 32
-73.978 40.82 33
-73.9922 40.7775 47
-74.0068 40.708 49
-73.8039 40.8671 28
-73.8937 40.807 6
-73.8916 40.6596 3
-74.0233 40.8873 21
-73.7764 40.6107 40
-73.9619 40.6797 23
-73.9209 40.8913 29
-73.9076 40.6641 13
-74.0175 40.7423 6
-73.9638 40.6415 28
-73.8298 40.832 13
-73.7545 40.6591 6
-73.7985 40.6826 31
-73.9284 40.7067 25
-73.9506 40.7712 44
-73.7662 40.8542 11
-73.9542 40.672 45
-73.9242 40.6061 21
-73.9476 40.8443 47
-73.7881 40.8708 26
-73.9873 40.7886 7
-73.8541 40.8561 13
-74.0167 40.8833 18
-73.875 40.6883 37
-73.9004 40.6517 39
-73.8754 40.6088 24
-73.7612 40.8459 40
-74.0154 40.8536 18
-73.8488 40.703 12
-73.8044 40.6311 46
-73.8824 40.7528 10
-74.0055 40.8898 25
-73.928 40.6974 14
-73.9015 40.7472 44
-73.8013 40.6126 13
-73.9828 40.856 31
-73.8032 40.8804 1
-73.9769 40.6849 14
-73.9609 40.6424 1
-73.8576 40.6457 8
-73.8752 40.7762 23
-73.8265 40.6431 45
-73.8533 40.7778 6
-73.9888 40.8638 1
-73.8387 40.7779 11
-73.9782 40.6213 8
-73.8042 40.7461 7
-73.7787 40.669 24
-73.8047 40.6864 33
-73.9625 40.6281 18
-73.7874 40.6596 35
-73.9538 40.8798 5
-73.8705 40.6347 45
-73.8587 40.8447 11
-73.7932 40.7902 32
-73.7899 40.6289 12
-73.9022 40.7762 24
-74.0218 40.6502 44
-73.8007 40.7502 35
-73.8374 40.681 9
-73.7553 40.6417 21
-73.9957 40.7279 34
-73.9395 40.7158 38
-73.9094 40.7678 3
-73.8978 40.7824 24
-73.9609 40.7526 21
-73.7562 40.8415 34
-73.9702 40.8313 47
-74.0151 40.6901 37
-73.8918 40.8262 22
-73.8455 40.6504 5
-73.8135 40.7318 26
-73.8476 40.6434 42
-73.8609 40.6599 3
-73.9209 40.8495 20
-73.7805 40.6527 39
-73.8038 40.7627 24
-73.8797 40.7758 46
-74.0132 40.7514 20
-74.0203 40.6185 5
-73.9199 40.6068 18
-73.802 40.6938 27
-73.7816 40.7572 18
-73.982 40.6149 11
-73.9623 40.6551 21
-73.8526 40.806 1
-73.8779 40.7374 32
-73.8266 40.6997 29
-73.7635 40.7897 1
-73.874 40.6866 19
-73.9041 40.8741 0
-73.8202 40.7273 4
-73.7893 40.7405 22
-73.8419 40.7636 15
-73.8123 40.7599 15
-73.7905 40.6995 7
-73.757 40.6818 0
-73.7887 40.6287 41
-73.7594 40.6624 43
-73.7549 40.7031 39
-73.8735 40.6936 4
-73.9697 40.8747 6
-73.9965 40.7704 38
-73.8398 40.7315 47
-73.7742 40.7973 35
-73.8118 40.8538 6
-73.9909 40.8219 25
-73.8853 40.6062 14
-73.973 40.8741 39
-73.89 40.6249 31
-74.0129 40.7279 25
-74.002 40.7092 12
-73.7887 40.7431 4
-73.7658 40.7157 9
-73.757 40.7703 23
-73.9243 40.8254 17
-73.898 40.8845 11
-73.9756 40.8398 43
-74.0205 40.736 13
-73.9029 40.6168 18
-73.8811 40.6111 49
-73.928 40.8506 22
-73.9003 40.6067 44
-74.0215 40.7052 0
-73.8461 40.7893 13
-73.8925 40.6433 38
-73.7799 40.8579 49
-73.8692 40.8127 22
-73.7881 40.809 20
-73.804 40.7555 20
-73.9042 40.8187 13
-73.8234 40.7264 21
-74.0135 40.8631 34
-73.9457 40.6745 35
-73.9097 40.7816 24
-73.9896 40.7203 21
-73.8101 40.8527 2
-73.9154 40.7804 41
-73.9259 40.8358 5
-73.895 40.7686 0
-73.9351 40.6722 32
-73.9711 40.6188 31
-73.7896 40.8361 41
-73.8089 40.6433 20
-74.0024 40.829 31
-73.7617 40.8618 28
-73.8521 40.6672 21
-73.9953 40.7305 47
-73.9912 40.8447 2
-73.8033 40.7664 6
-73.8779 40.6442 29
-73.8507 40.8706 7
-73.7889 40.723 48
-73.8131 40.8818 7
-73.9525 40.8275 21
-73.9007 40.8169 33
-73.8441 40.6882 28
-73.8388 40.8216 0
-73.9235 40.6558 10
-73.7804 40.6912 36
-73.815 40.6394 7
-73.8022 40.6827 40
-73.839 40.8204 11
-73.8698 40.8719 50
-73.7774 40.8062 44
-73.7778 40.7865 25
-73.9511 40.7494 39
-73.8815 40.7864 41
-73.8054 40.7608 34
-73.9267 40.7511 16
-73.774 40.7418 22
-74.0103 40.8111 13
-73.8185 40.8503 23
-73.9663 40.7354 29
-73.7755 40.7697 50
-73.9184 40.7017 22
-73.9132 40.7896 22
-73.9468 40.7082 15
-73.9728 40.674 42
-73.879 40.7145 50
-73.9784 40.6548 13
-73.8729 40.8659 14
-73.9792 40.8207 41
-73.7992 40.7282 47
-73.817 40.7004 29
-73.7893 40.8019 29
-73.7554 40.8052 29
-73.905 40.738 22
-73.8093 40.6471 46
-73.9871 40.6442 16
-73.877 40.6409 47
-73.8265 40.764 50
-73.7629 40.6514 44
-73.9626 40.8713 4
-73.9531 40.8669 40
-73.9445 40.6659 19
-73.8151 40.6684 27
-73.8619 40.7374 24
-73.9666 40.7803 22
-73.8704 40.6877 39
-73.8094 40.6507 42
-73.8745 40.6801 44
-73.9421 40.7342 30
-73.7853 40.7503 46
-73.8133 40.8258 8
-73.9282 40.8066 39
-73.7988 40.7604 6
-73.919 40.665 17
-73.7575 40.7315 41
-73.7912 40.8684 13
-73.7547 40.6295 8
-74.0131 40.7982 36
-74.0158 40.7323 15
-73.7909 40.6261 45
-73.9427 40.6283 25
-73.8419 40.7194 9
-73.8547 40.8865 7
-73.8134 40.7586 47
-73.8006 40.6285 25
-74.0113 40.7331 22
-74.0007 40.7762 26
-73.8432 40.7594 3
-73.8834 40.8656 46
-73.9306 40.8706 2
-73.9455 40.6622 38
-73.9425 40.8518 12
-73.8162 40.6269 48
-73.9815 40.7927 12
-73.7963 40.7504 13
-73.8958 40.846 50
-73.9102 40.7411 29
-73.9944 40.8027 15
-73.8342 40.6943 37
-73.9489 40.7043 32
-73.9895 40.792 16
-73.9239 40.7702 39
-73.8527 40.8199 13
-73.8454 40.6217 43
-73.9397 40.7599 18
-73.9132 40.7764 31
-73.9937 40.8086 7
-73.808 40.6536 16
-73.7853 40.7689 2
-73.7832 40.8098 26
-73.7992 40.7357 48
-73.9212 40.724 46
-73.7659 40.6801 23
-73.9934 40.8277 8
-73.8055 40.6731 32
-73.8686 40.6024 38
-73.8842 40.8117 43
-73.8954 40.8156 0
-73.9745 40.7561 11
-74.0001 40.6164 24
-73.8929 40.7738 17
-73.9775 40.8896 1
-73.7919 40.7586 16
-73.8179 40.8263 35
-73.8717 40.6952 50
-73.9563 40.7683 36
-73.9486 40.6576 24
-73.9765 40.8428 46
-73.8599 40.6898 7
-73.9157 40.882 43
-73.8486 40.8259 50
-73.8605 40.8318 9
-73.7959 40.743 12
-73.7652 40.6428 3
-73.8802 40.6268 31
-74.0113 40.8402 11
-73.9162 40.8891 18
-73.9511 40.8533 6
-73.7994 40.751 50
-73.8321 40.8929 9
-73.7832 40.8648 45
-73.9953 40.7092 20
-74.0199 40.7709 49
-73.8316 40.7797 11
-73.8189 40.8272 5
-73.8687 40.689 2
-74.0206 40.7099 7
-73.9062 40.6857 35
-73.7876 40.6592 5
-73.9709 40.6151 24
-73.9879 40.8267 39
-73.8219 40.7112 33
-74.0232 40.6872 5
-73.9207 40.6633 50
-73.9078 40.818 26
-74.0044 40.7623 23
-73.9418 40.7297 43
-73.9426 40.8434 10
-73.91 40.6225 11
-73.8215 40.8457 9
-73.8024 40.808 4
-73.7805 40.7789 22
-73.8113 40.6868 25
-73.7711 40.8338 25
-73.9247 40.7313 45
-73.8414 40.703 0
-73.7729 40.8281 39
-73.9285 40.6485 24
-73.9814 40.7948 50
-73.7643 40.7531 25
-73.8746 40.7956 17
-74.0071 40.7332 22
-73.8626 40.7471 15
-73.9167 40.6906 3
-73.8171 40.8195 43
-73.8556 40.7698 13
-73.9843 40.7713 21
-73.8094 40.6616 20
-74.0009 40.6105 50
-73.8777 40.8209 6
-73.9233 40.8676 41
-73.9204 40.6602 49
-73.8283 40.8138 24
-73.8744 40.7936 3
-73.9985 40.848 50
-73.8816 40.8314 35
-73.8114 40.8503 12
-73.9801 40.8799 27
-73.9758 40.8422 1
-73.8273 40.7293 1
-73.8956 40.7846 40
-73.7585 40.7129 16
-73.8097 40.6145 28
-73.9636 40.7219 14
-73.9001 40.7892 11
-73.7875 40.8371 12
-73.9128 40.6373 48
-73.9151 40.7116 14
-73.8244 40.8371 30
-73.975 40.8379 25
-73.9911 40.6299 18
-73.9851 40.8783 43
-73.9131 40.8306 4
-73.8173 40.7833 36
-73.7999 40.6503 17
-73.9639 40.6707 7
-73.8506 40.7922 38
-73.9671 40.6176 9
-73.8468 40.6212 39
-73.9067 40.8679 25
-73.9475 40.6318 23
-73.8078 40.6115 30
-73.8915 40.6427 38
-73.8337 40.7456 11
-73.8889 40.765 15
-73.9996 40.7815 7
-74.0094 40.6979 34
-73.9248 40.6336 17
-73.945 40.8794 18
-74.0008 40.8746 14
-73.9302 40.7425 3
-73.7596 40.8045 49
-73.8245 40.7493 21
-73.8673 40.7814 13
-73.8862 40.6667 10
-73.8288 40.6313 8
-73.8928 40.6275 44
-74.0163 40.871 41
-73.9704 40.6814 29
-73.8791 40.814 7
-73.8588 40.8745 13
-73.8309 40.6745 30
-73.7874 40.7107 35
-73.9975 40.8908 20
-73.9292 40.7397 48
-73.9854 40.7292 1
-73.8445 40.6963 19
-73.793 40.7695 34
-73.9216 40.8636 2
-73.9235 40.8591 20
-73.7997 40.8411 2
-73.9172 40.8329 44
-73.9897 40.6354 15
-73.9463 40.8491 29
-73.8387 40.8143 15
-73.7567 40.6325 45
-73.9028 40.6401 43
-73.8766 40.7985 43
-74.0222 40.8482 4
-73.8935 40.6542 32
-73.8856 40.7307 43
-73.8244 40.8533 0
-73.9467 40.8034 41
-73.8732 40.6404 21
-73.7654 40.8128 38
-73.9899 40.8882 31
-74.0009 40.6414 3
-73.8402 40.6692 8
-73.7817 40.775 10
-73.8322 40.704 32
-74.014 40.848 37
-73.9687 40.7544 4
-73.9545 40.8348 44
-73.9403 40.6619 2
-74.0067 40.6962 41
-73.8159 40.7172 16
-73.9414 40.7445 24
-73.8016 40.8857 50
-73.8734 40.8564 0
-73.8698 40.8067 4
-73.9332 40.6777 18
-73.7713 40.6068 21
-73.7553 40.8856 8
-73.9842 40.8019 11
-73.8198 40.7065 49
-74.0058 40.7978 0
-73.9327 40.6379 49
-73.7914 40.7394 43
-73.9666 40.8799 2
-73.8845 40.8326 39
-73.8649 40.8567 50
-73.963 40.6999 17
-73.8345 40.7055 38
-73.9762 40.7832 47
-73.9767 40.8763 36
-73.8271 40.7557 3
-73.8339 40.6927 25
-73.7863 40.8096 26
-73.9954 40.609 47
-73.8012 40.852 44
-73.7705 40.7513 28
-73.8368 40.7413 12
-73.8888 40.7467 8
-73.9124 40.6762 47
-73.8487 40.709 29
-73.8031 40.7607 48
-73.846 40.6684 2
-73.8037 40.8815 45
-73.9379 40.845 28
-73.8614 40.6613 11
-73.9108 40.7694 39
-73.8506 40.7556 3
-73.812 40.614 27
-73.79 40.772 18
-73.8023 40.7935 37
-73.9693 40.8116 41
-73.8873 40.7906 15
-73.8595 40.6249 17
-73.9401 40.6507 44
-73.7595 40.8758 31
-73.8911 40.6664 22
-73.7656 40.6845 47
-73.985 40.7834 45
-73.8567 40.7205 44
-73.9988 40.6438 29
-74.0119 40.7026 2
-73.8584 40.6306 47
-73.7737 40.8117 3
-73.8967 40.745 18
-73.7605 40.7846 40
-73.8824 40.7946 11
-73.9717 40.6653 25
-73.8734 40.7238 11
-73.958 40.7862 25
-73.7888 40.8777 26
-73.843 40.8358 14
-73.9572 40.6851 19
-73.9385 40.7458 45
-73.9816 40.8768 24
-73.9896 40.8109 44
-73.8816 40.8665 27
-73.7768 40.6848 11
-73.8177 40.7802 21
-73.9636 40.8628 50
-73.8741 40.639 10
-73.8372 40.8114 43
-73.9654 40.8259 32
-73.9326 40.7327 33
-73.9512 40.7023 44
-73.7556 40.8591 16
-74.0216 40.6107 16
-73.7744 40.7366 9
-73.7897 40.7619 15
-73.7982 40.7293 20
-73.8892 40.7312 25
-73.7865 40.67 48
-73.9116 40.6865 11
-73.8364 40.8341 0
-73.9218 40.8699 50
-73.9798 40.8155 31
-73.9911 40.7627 37
-73.973 40.6675 38
-73.8697 40.7916 48
-73.886 40.6242 9
-73.9183 40.6128 43
-73.8189 40.6266 25
-73.8294 40.8651 7
-73.9649 40.8434 23
-73.7905 40.8891 42
-73.9635 40.8266 28
-73.9962 40.6834 14
-73.9972 40.8307 18
-73.9237 40.7412 39
-73.8545 40.7827 19
-73.8768 40.739 39
-73.9558 40.6343 46
-73.8216 40.7502 20
-73.892 40.8497 45
-73.8252 40.8314 11
-73.7631 40.6142 17
-73.8369 40.8166 43
-73.8907 40.8723 37
-73.9934 40.698 49
-74.0047 40.6903 28
-73.9332 40.7719 46
-73.9801 40.7164 34
-73.7723 40.7594 33
-73.9084 40.6347 27
-73.7751 40.7665 50
-73.8201 40.6308 22
-73.9366 40.6888 47
-73.8327 40.6352 0
-73.8818 40.7549 48
-73.911 40.6098 14
-73.8763 40.8904 47
-73.9951 40.7223 12
-73.9593 40.7728 47
-73.9653 40.7912 4
-73.8812 40.7748 39
-73.8456 40.8069 36
-73.9671 40.8003 3
-73.8331 40.8934 13
-74.002 40.7426 19
-73.7893 40.626 3
-73.8348 40.8888 5
-73.8487 40.8043 31
-73.9568 40.6207 46
-73.7819 40.7825 38
-73.9781 40.8096 23
-73.9859 40.8707 30
-74.0104 40.6722 46
-73.8028 40.8055 49
-73.8735 40.7548 2
-73.7788 40.8431 20
-73.7963 40.666 4
-73.9105 40.7562 31
-74.0065 40.6675 44
-74.004 40.8466 18
-73.9278 40.6565 6
-73.9636 40.8249 34
-73.9026 40.6296 6
-73.8453 40.726 27
-73.9141 40.8588 2
-73.871 40.6275 32
-73.9018 40.6283 4
-73.7895 40.7106 25
-73.914 40.6299 25
-73.8434 40.7179 25
-73.8735 40.8949 17
-73.861 40.6959 24
-73.8603 40.8428 31
-73.9507 40.6272 30
-73.7949 40.6503 23
-73.8703 40.629 48
-73.8077 40.7548 13
-73.8137 40.7569 13
-73.7784 40.6088 36
-74.0045 40.6628 44
-73.9602 40.8387 27
-74.0189 40.8811 18
-73.7711 40.7832 33
-74.0066 40.6707 4
-73.9083 40.8756 17
-73.8952 40.8581 48
-73.8626 40.8223 24
-73.8973 40.8303 39
-73.847 40.8366 45
-73.7825 40.832 25
-73.7822 40.721 46
-73.9808 40.6015 8
-73.9053 40.7161 16
-73.9734 40.6292 18
-73.8765 40.7938 49
-73.8455 40.6468 37
-73.7664 40.7159 8
-73.8938 40.7759 6
-73.8951 40.8623 34
-74.0085 40.8558 12
-73.8375 40.8273 38
-73.7879 40.6579 4
-74.0166 40.7555 48
-73.8246 40.8177 25
-73.7958 40.7006 35
-73.7911 40.7511 48
-73.8422 40.7554 38
-73.8294 40.8153 19
-73.8976 40.8501 44
-73.7552 40.6869 50
-73.8306 40.787 38
-74.0051 40.6202 24
-73.9561 40.7145 49
-73.8777 40.8117 32
-73.912 40.7347 35
-74.0197 40.7863 36
-73.9016 40.7517 28
-73.9004 40.7056 9
-73.8866 40.7523 33
-73.8911 40.6496 31
-73.9564 40.7669 34
-73.948 40.651 28
-73.9355 40.7726 6
-73.8358 40.8036 42
-73.8282 40.6721 47
-73.8549 40.7554 47
-73.7561 40.6623 33
-73.8397 40.8394 3
-73.8618 40.7407 21
-73.8376 40.6935 46
-73.9411 40.6296 44
-73.841 40.8832 11
-73.8008 40.7309 14
-73.8263 40.7839 8
-73.8123 40.7161 14
-73.7961 40.841 43
-73.8667 40.6996 29
-73.9931 40.8012 48
-73.7872 40.708 8
-74.0193 40.88 6
-73.8375 40.7737 33
-73.7615 40.8613 29
-73.8565 40.7244 18
-73.9765 40.7148 4
-73.9208 40.8733 11
-73.7659 40.7676 4
-73.9529 40.6562 42
-73.8357 40.827 39
-73.9133 40.7834 20
-73.8467 40.8391 27
-73.8981 40.6282 24
-73.9568 40.7774 31
-73.9515 40.8853 25
-73.9111 40.7296 14
-73.789 40.8923 20
-73.9 40.8779 31
-73.9934 40.7872 26
-73.8996 40.6066 11
-73.8989 40.6563 49
-74.0207 40.6492 33
-73.9101 40.6486 34
-73.9253 40.8256 9
-73.971 40.7157 29
-73.9694 40.6333 5
-74.0118 40.6691 47
-73.78 40.8814 29
-73.9192 40.7873 12
-73.9284 40.8602 28
-73.9611 40.6683 29
-73.9273 40.6767 41
-73.8874 40.8541 8
-73.9882 40.7578 9
-73.796 40.7726 22
-73.918 40.7363 24
-73.9758 40.6803 35
-73.9022 40.8615 30
-74.015 40.836 45
-73.8953 40.752 4
-74.0207 40.8042 28
-73.9902 40.6625 14
-73.7829 40.6886 24
-73.856 40.6983 40
-73.8069 40.6913 17
-73.9235 40.6489 48
-73.7998 40.8144 43
-73.9908 40.7605 41
-73.8074 40.7937 43
-73.9381 40.7003 44
-74.0069 40.7728 24
-73.7715 40.6231 25
-73.9002 40.6767 26
-73.9543 40.7861 24
-73.9354 40.7848 5
-73.8065 40.8722 38
-73.8313 40.7332 11
-74.0091 40.7033 3
-73.8587 40.6782 45
-73.765 40.6222 10
-73.7608 40.8398 25
-73.8322 40.868 3
-73.8693 40.8683 47
-73.9947 40.8543 42
-73.876 40.6038 48
-73.9071 40.7816 5
-73.9983 40.8193 40
-73.7918 40.7004 38
-73.9688 40.8774 32
-73.9361 40.6886 22
-73.8561 40.7297 24
-73.7768 40.8661 5
-73.843 40.6995 26
-73.8246 40.7438 24
-74.006 40.7119 43
-73.9921 40.7787 15
-73.9853 40.8753 34
-73.902 40.8574 5
-73.8659 40.6863 48
-73.7549 40.8854 32
-73.828 40.6302 8
-73.8152 40.8163 2
-73.7623 40.7248 16
-73.7685 40.6396 33
-73.8841 40.7832 25
-73.9972 40.7781 37
-74.004 40.8044 14
-73.9446 40.6427 8
-73.7925 40.7585 7
-73.8665 40.8899 49
-73.9565 40.7417 11
-73.8714 40.6553 0
-73.7661 40.8137 21
-73.7934 40.6662 0
-73.7635 40.7635 15
-73.8878 40.8715 35
-73.9839 40.8947 37
-73.7778 40.6567 37
-73.8288 40.6408 32
-73.7805 40.8589 2
-73.8186 40.6775 48
-73.963 40.8878 24
-73.8104 40.7798 47
-73.921 40.8684 49
-73.8582 40.8012 15
-73.9811 40.8301 14
-74.0167 40.8935 19
-73.9254 40.8586 1
-73.8969 40.8121 21
-73.9682 40.741 43
-73.9166 40.7612 4
-73.9703 40.7017 6
-73.8851 40.7673 20
-73.8691 40.6919 7
-73.9978 40.8271 6
-73.7638 40.7432 15
-73.7841 40.802 13
-73.8532 40.7886 31
-73.8583 40.7455 32
-73.851 40.7138 25
-73.807 40.8253 37
-73.9638 40.8528 44
-73.9346 40.6728 18
-73.7895 40.7418 7
-73.9809 40.8253 2
-73.8233 40.7914 25
-73.8008 40.7488 15
-73.8029 40.7372 44
-73.856 40.7175 46
-73.7821 40.8358 48
-74.0065 40.7604 22
-73.9666 40.8866 49
-73.82 40.8184 48
-73.9214 40.8535 24
-73.9805 40.7286 24
-73.8471 40.842 5
-73.8204 40.8906 30
-73.7806 40.6585 26
-73.8618 40.805 40
-74.016 40.7057 21
-73.9677 40.6331 33
-74.0131 40.7976 47
-73.9908 40.6315 13
-73.9389 40.6138 0
-73.9721 40.7162 10
-73.9654 40.7621 44
-73.8862 40.8538 3
-73.8077 40.7939 4
-73.9653 40.7333 42
-73.9521 40.7898 43
-73.8786 40.6507 35
-73.8096 40.7635 29
-73.8497 40.6071 31
-73.9599 40.8497 39
-73.8913 40.7458 42
-73.8482 40.6709 16
-73.9735 40.8841 23
-73.7909 40.6143 30
-73.8559 40.6945 19
-73.9286 40.7775 32
-73.9915 40.7505 48
-73.9647 40.8371 12
-73.8106 40.8254 16
-73.9582 40.6012 3
-73.9588 40.6564 27
-73.7745 40.7573 45
-73.7584 40.6509 24
-73.8794 40.7008 40
-73.9178 40.7239 12
-73.8069 40.625 11
-73.9846 40.7702 29
-73.7566 40.7877 47
-74.0065 40.8013 16
-73.8885 40.7297 26
-73.9524 40.8125 42
-74.0091 40.8103 36
-74.0029 40.6073 0
-73.8578 40.6714 21
-73.8139 40.8578 22
-73.7931 40.785 30
-74.0182 40.7529 23
-73.9886 40.8662 44
-73.8721 40.691 44
-73.9199 40.6757 11
-73.8342 40.7879 9
-73.9991 40.8244 40
-74.0027 40.634 41
-73.8896 40.7106 39
-73.984 40.6906 21
-73.9769 40.8759 32
-73.9535 40.6849 15
-73.8159 40.7367 44
-73.9766 40.6149 35
-73.8762 40.6652 49
-73.8841 40.6806 8
-73.8993 40.6486 33
-73.856 40.8569 37
-73.8717 40.7936 38
-73.8369 40.8147 32
-73.8557 40.8486 3
-73.9202 40.8215 21
-73.8906 40.7742 30
-73.9962 40.6707 50
-73.9563 40.7301 37
-73.9584 40.6582 17
-73.8869 40.8368 31
-73.7957 40.6124 11
-73.7842 40.6164 30
-74.014 40.7834 41
-73.8568 40.643 35
-73.7756 40.6784 42
-74.0194 40.716 33
-73.9373 40.6365 8
-73.8437 40.8557 50
-74.0206 40.797 39
-73.9826 40.8094 44
-73.8608 40.7932 35
-73.9794 40.7498 48
-73.9849 40.7343 3
-73.985 40.6932 1
-74.0073 40.8679 38
-73.8512 40.833 4
-73.7872 40.6783 1
-73.7978 40.7646 30
-73.8638 40.643 43
-73.9384 40.7406 32
-73.905 40.7757 8
-73.9079 40.6812 30
-74.021 40.7453 41
-73.9687 40.8357 44
-73.8436 40.7301 9
-74.0016 40.7867 28
-73.9347 40.6591 44
-73.9189 40.8423 11
-73.8709 40.8518 38
-73.9633 40.8063 25
-73.8345 40.6786 16
-73.9595 40.6146 0
-73.8183 40.7654 18
-73.9316 40.7735 1
-73.9837 40.8933 33
-73.769 40.7112 41
-73.8733 40.681 20
-73.8771 40.6802 46
-73.7957 40.777 33
-73.8295 40.6442 18
-73.9672 40.6023 20
-73.8679 40.8766 10
-73.9187 40.8724 3
-73.8191 40.7472 10
-73.8035 40.8606 45
-73.9998 40.8219 2
-73.7964 40.6988 49
-73.9381 40.6642 30
-73.8499 40.6312 41
-73.9381 40.6623 39
-73.9246 40.8899 44
-73.7765 40.825 48
-73.7636 40.7274 35
-73.8627 40.8717 23
-73.9067 40.6755 9
-74.0094 40.7433 6
-73.8705 40.6025 44
-73.9594 40.8746 2
-73.8862 40.6589 49
-73.9562 40.7458 21
-73.7848 40.6811 21
-73.902 40.6365 10
-73.9673 40.8693 35
-73.8946 40.8558 19
-73.7987 40.7036 15
-73.9628 40.8886 47
-73.7721 40.7406 7
-73.9931 40.7113 10
-73.8907 40.8266 17
-73.7883 40.7814 25
-73.7642 40.8825 49
-73.8826 40.871 18
-73.9461 40.6216 9
-73.9044 40.6209 44
-73.9217 40.8412 33
-73.8368 40.6332 44
-73.8186 40.8917 13
-73.8487 40.6223 4
-73.9584 40.7466 16
-73.8665 40.6087 25
-73.8909 40.6312 43
-73.7673 40.8383 17
-73.9143 40.8302 11
-73.9468 40.8541 26
-73.7876 40.8199 30
-73.9231 40.8826 44
-73.7886 40.8209 28
-73.7976 40.6109 12
-73.9344 40.6874 14
-73.8019 40.6578 12
-73.8246 40.639 20
-73.9039 40.7706 37
-73.8883 40.7728 41
-73.8268 40.6629 18
-73.8463 40.761 21
-73.8809 40.7774 26
-73.8139 40.7965 48
-73.7876 40.6178 41
-73.8519 40.792 26
-73.8699 40.7121 35
-73.7687 40.6095 25
-73.7575 40.8777 10
-73.8282 40.6074 46
-73.9533 40.808 9
-73.9622 40.703 4
-73.9206 40.7904 46
-73.7699 40.6904 17
-73.8385 40.7913 18
-73.9466 40.6772 11
-73.8379 40.8417 5
-73.7959 40.6384 29
-73.9861 40.821 7
-73.9821 40.7896 48
-73.9961 40.7719 38
-73.783 40.6289 32
-73.8854 40.8373 36
-73.955 40.6309 46
-73.8117 40.6771 40
-73.7604 40.8862 33
-73.9912 40.8785 9
-74.0009 40.6495 50
-73.8341 40.8545 44
-73.8406 40.8681 0
-73.7672 40.8282 44
-73.7735 40.8176 4
-73.9012 40.8852 27
-73.9421 40.6286 16
-73.8053 40.7453 28
-73.8121 40.6732 12
-73.9408 40.7858 39
-73.7751 40.685 17
-73.8207 40.6518 0
-73.9037 40.8471 46
-73.8319 40.7904 49
-73.9505 40.6773 22
-73.9779 40.6296 47
-73.8769 40.6667 29
-73.9401 40.7078 9
-73.9279 40.8533 13
-73.9907 40.7944 43
-73.7731 40.7691 11
-73.8959 40.6055 11
-73.7933 40.7006 43
-73.8924 40.8337 32
-73.8048 40.8524 49
-73.7884 40.6269 6
-73.844 40.8765 29
-73.9862 40.6311 33
-73.9959 40.8091 9
-73.846 40.7042 18
-73.9484 40.8698 50
-73.8688 40.8933 21
-73.9843 40.8407 13
-73.7975 40.7461 5
-73.8759 40.7197 19
-73.9413 40.8379 19
-73.7714 40.8898 47
-73.9509 40.8908 50
-73.8778 40.7248 28
-73.9793 40.7903 32
-73.9131 40.7122 6
-73.9006 40.7392 37
-73.8281 40.8155 37
-73.8499 40.8929 26
-73.8705 40.7343 42
-74.0019 40.8296 43
-73.8924 40.678 45
-73.7622 40.6854 19
-73.8785 40.8211 24
-73.9857 40.8406 12
-73.7952 40.6915 46
-73.8819 40.7266 0
-73.7834 40.6248 42
-73.8036 40.7815 4
-73.8004 40.8591 4
-73.9517 40.726 30
-73.9559 40.644 31
-73.8317 40.6231 40
-73.8251 40.7952 39
-73.8887 40.802 29
-73.8422 40.7009 31
-73.888 40.6842 0
-73.8002 40.8659 40
-73.7949 40.7919 19
-73.8917 40.7649 6
-73.7538 40.6305 24
-73.8614 40.8239 11
-73.9834 40.6892 23
-73.8696 40.875 18
-73.9362 40.6496 25
-73.9435 40.6135 38
-73.7583 40.8869 1
-73.8457 40.6427 44
-73.9277 40.7793 20
-73.9708 40.6652 33
-74.0034 40.6859 40
-73.8184 40.8755 22
-73.9783 40.654 28
-73.9721 40.7823 2
-73.9177 40.7643 1
-73.8151 40.6187 33
-73.7604 40.7548 28
-73.9716 40.6207 19
-73.845 40.6827 1
-73.8858 40.7241 46
-73.7644 40.7666 31
-73.7987 40.8548 23
-73.8566 40.7087 0
-74.0009 40.8078 35
-74.0191 40.767 0
-73.8389 40.7515 50
-73.9604 40.7811 25
-73.9476 40.7067 21
-74.02 40.8894 43
-73.7899 40.8857 11
-73.8843 40.8899 24
-73.8537 40.8375 6
-73.9762 40.7185 50
-74.0203 40.8001 29
-73.9012 40.8308 50
-73.7613 40.8276 11
-73.8891 40.6467 23
-73.7601 40.6341 20
-73.8759 40.8617 37
-73.7578 40.7484 31
-73.817 40.7711 32
-73.9466 40.6535 18
-73.877 40.7475 22
-73.8642 40.8048 4
-73.8307 40.6578 16
-73.9545 40.8633 34
-73.7876 40.773 28
-73.8048 40.7292 29
-73.8537 40.75 17
-73.9103 40.699 40
-73.8223 40.6627 27
-73.9698 40.8331 9
-73.8432 40.6523 25
-74.0032 40.6837 30
-73.9908 40.7023 32
-74.01 40.6446 19
-73.9684 40.6041 49
-73.9494 40.8755 2
-73.8649 40.6058 44
-73.8085 40.7867 37
-73.9141 40.8228 33
-73.7871 40.8554 49
-73.8003 40.6855 28
-73.833 40.6814 30
-73.893 40.6667 39
-73.9763 40.7501 34
-73.8754 40.7976 16
-73.9223 40.8023 9
-73.7608 40.6969 5
-73.8276 40.7737 40
-73.7715 40.8749 22
-73.8478 40.8148 6
-73.9281 40.8568 40
-73.9316 40.696 29
-73.8473 40.8645 8
-73.8634 40.6674 27
-73.9798 40.8813 5
-73.7669 40.8726 30
-73.9872 40.8051 0
-73.8757 40.7932 8
-73.9742 40.7119 27
-73.7765 40.8617 27
-73.8438 40.884 37
-73.8749 40.6113 3
-73.7563 40.7638 32
-73.9597 40.6278 39
-73.8889 40.7778 45
-73.9738 40.6188 14
-73.9816 40.6632 20
-73.8479 40.615 25
-73.7745 40.6731 36
-73.8119 40.8894 41
-73.9161 40.8786 29
-73.8118 40.8949 30
-73.7686 40.6038 29
-73.8453 40.6079 26
-73.9329 40.7174 1
-73.7553 40.6356 8
-73.812 40.663 22
-73.9441 40.7825 8
-73.8006 40.6052 27
-73.8607 40.6145 9
-73.8563 40.7539 44
-73.947 40.8442 9
-74.0209 40.885 46
-73.9163 40.8936 9
-73.8743 40.8553 7
-73.8485 40.6977 24
-73.8234 40.8309 36
-73.9194 40.6576 13
-73.7845 40.7184 2
-73.9927 40.824 41
-73.9914 40.7234 32
-73.945 40.6491 28
-73.9113 40.6787 43
-73.9016 40.7542 34
-73.8303 40.7659 2
-73.8577 40.6729 29
-73.8416 40.8609 19
-73.8337 40.7884 1
-73.8568 40.8114 22
-73.9693 40.7039 36
-73.9361 40.7233 49
-73.7961 40.6537 26
-73.8293 40.8414 7
-73.9149 40.8889 8
-73.8213 40.7545 46
-74.0087 40.7325 8
-73.9452 40.6163 38
-73.928 40.8083 11
-73.9342 40.8916 16
-73.7811 40.7228 35
-73.8574 40.7947 48
-73.8211 40.6332 24
-73.9038 40.6058 8
-73.9405 40.8494 12
-73.9656 40.8627 49
-74.0197 40.8463 26
-73.8661 40.8241 3
-73.8009 40.8175 14
-73.9684 40.6928 30
-73.7715 40.8088 32
-74.0034 40.7032 33
-73.9375 40.8527 1
-73.9261 40.7078 29
-73.8783 40.8599 6
-73.8756 40.6831 48
-73.992 40.8884 3
-73.8592 40.7081 30
-73.8055 40.7928 49
-73.8542 40.6679 12
-73.7621 40.7152 18
-73.8416 40.8539 18
-73.923 40.6214 22
-73.9223 40.8113 35
-73.8601 40.7483 34
-73.827 40.6862 2
-73.9488 40.6713 8
-73.8504 40.8383 26
-73.9989 40.6163 35
-73.8251 40.8128 14
-73.7838 40.7339 39
-73.957 40.7161 0
-73.8513 40.6096 18
-73.8759 40.834 8
-73.9716 40.8164 1
-73.9307 40.7511 34
-73.9522 40.7825 4
-73.8734 40.7415 9
-74.0092 40.8487 17
-73.9471 40.802 34
-73.7743 40.676 50
-74.0102 40.6487 26
-73.9584 40.8895 49
-73.8932 40.8565 24
-73.8334 40.6212 39
-73.8988 40.7033 14
-73.7888 40.6463 37
-73.8365 40.7843 49
-73.9895 40.7837 29
-73.784 40.8123 23
-73.8224 40.6869 43
-73.8845 40.7882 19
-73.7986 40.6511 42
-73.8862 40.6289 1
-73.8386 40.8858 2
-73.9999 40.7881 8
-73.8171 40.8621 17
-73.8948 40.8341 16
-73.7854 40.8549 36
-73.8846 40.8895 34
-73.9875 40.8277 3
-73.7942 40.7632 45
-73.8123 40.6887 14
-73.9521 40.7323 4
-73.7935 40.8208 31
-73.926 40.7575 33
-73.8986 40.8647 49
-73.9003 40.7249 4
-73.8722 40.6986 38
-73.9761 40.817 25
-73.8356 40.8913 33
-73.757 40.8924 50
-73.9234 40.8164 11
-73.9916 40.8064 9
-73.7663 40.8713 30
-73.8403 40.8563 11
-73.7821 40.6813 49
-73.7876 40.6237 2
-73.882 40.6454 1
-73.7568 40.609 20
-73.9678 40.8792 50
-73.8499 40.6163 41
-73.9134 40.8507 9
-73.9631 40.7856 48
-73.8202 40.7947 29
-73.908 40.8484 42
-73.8671 40.6993 40
-73.8492 40.8933 15
-73.9215 40.8442 40
-73.9379 40.6343 16
-73.8703 40.6932 47
-73.9877 40.8127 44
-73.9818 40.6412 22
-73.9836 40.6388 11
-73.8239 40.7105 1
-73.9452 40.7076 20
-73.9958 40.6183 4
-73.9759 40.8869 41
-73.8356 40.7263 28
-73.8554 40.8101 43
-73.9114 40.8074 13
-73.7862 40.7393 33
-74.0034 40.6556 8
-73.8816 40.6755 40
-73.8352 40.8581 13
-74.0162 40.7105 21
-73.8968 40.662 12
-73.785 40.8399 30
-73.9274 40.8593 24
-73.9497 40.641 49
-73.9687 40.627 26
-73.9132 40.7683 47
-73.9399 40.6514 37
-74.0013 40.6583 41
-73.8669 40.776 14
-73.9823 40.8748 30
-74.0137 40.7091 20
-74.0121 40.7988 28
-73.7851 40.6759 35
-73.9358 40.6803 45
-73.9897 40.6484 16
-73.7759 40.8875 39
-73.978 40.8946 5
-73.7817 40.6538 18
-73.9995 40.8271 25
-73.89 40.7434 41
-73.818 40.6861 35
-73.8192 40.8147 13
-73.9438 40.692 31
-74.0064 40.6549 40
-73.8326 40.8922 23
-73.9769 40.6093 22
-73.8493 40.8675 8
-73.9533 40.6093 14
-73.8842 40.6872 1
-73.7883 40.786 47
-73.7807 40.6897 8
-73.8743 40.6612 17
-73.8955 40.8094 33
-73.754 40.7711 39
-73.812 40.8772 39
-73.9957 40.8901 30
-73.8328 40.7559 42
-73.9334 40.8225 9
-73.9541 40.8404 29
-73.7632 40.7362 34
-73.9034 40.8923 4
-73.939 40.8004 21
-73.8811 40.641 15
-73.8532 40.7391 44
-74.0042 40.8834 27
-73.8403 40.641 39
-73.8643 40.8819 50
-73.8718 40.7721 30
-73.9157 40.8093 27
-73.8795 40.8081 32
-73.8035 40.8489 36
-73.9773 40.8931 3
-73.8528 40.6831 20
-73.943 40.8248 17
-73.8355 40.8803 41
-73.9868 40.6044 7
-73.8051 40.6726 40
-73.8813 40.8835 38
-74.0183 40.8912 29
-74.0078 40.8252 22
-73.8003 40.7722 37
-74.0064 40.8459 3
-73.9283 40.7402 2
-73.82 40.6281 13
-73.771 40.88 49
-73.8911 40.7794 1
-73.7839 40.6624 18
-73.8514 40.7129 16
-73.9112 40.6459 36
-73.9201 40.6308 34
-73.9888 40.8869 32
-73.8587 40.7368 12
-73.839 40.7036 26
-73.9857 40.6219 15
-73.8999 40.8081 21
-73.899 40.8663 38
-73.8315 40.8523 27
-74.0163 40.867 43
-73.8636 40.734 24
-73.9807 40.8776 7
-73.775 40.8455 45
-73.8213 40.8855 43
-73.9807 40.6119 42
-73.761 40.745 10
-73.7735 40.8751 43
-73.792 40.6459 32
-73.9018 40.74 39
-73.754 40.8682 39
-73.8317 40.8847 18
-73.8377 40.641 8
-73.9276 40.7838 14
-73.7858 40.6929 29
-73.8131 40.8757 36
-73.8499 40.7405 12
-73.8755 40.7072 49
-73.8805 40.7205 3
-73.8779 40.7656 38
-73.899 40.7662 11
-73.9423 40.6429 31
-73.9028 40.6334 8
-73.9048 40.6576 45
-73.8873 40.6394 27
-73.9148 40.8831 49
-73.8239 40.8563 30
-73.9684 40.8879 15
-73.9823 40.8126 17
-74.0117 40.734 14
-73.9067 40.7711 24
-73.9356 40.7288 0
-73.7603 40.7296 44
-73.815 40.8668 26
-73.8697 40.7012 18
-73.9655 40.846 3
-73.8439 40.8717 27
-73.823 40.8791 28
-73.9542 40.7957 33
-73.8626 40.892 18
-73.9518 40.7351 31
-73.9631 40.8321 9
-73.8272 40.6603 50
-73.8627 40.8325 18
-73.9033 40.6734 9
-73.9832 40.7931 21
-73.9734 40.612 31
-73.8425 40.7073 26
-73.8431 40.655 21
-73.8547 40.7171 38
-73.8568 40.8585 40
-73.9135 40.8238 8
-73.9168 40.7012 4
-73.9968 40.8779 35
-73.8701 40.6718 39
-73.8215 40.8235 49
-73.9379 40.7635 21
-73.9541 40.8398 39
-73.8817 40.8031 41
-73.9895 40.6698 8
-73.8687 40.6884 42
-73.7866 40.7533 5
-73.8806 40.7588 22
-73.8085 40.825 33
-73.9013 40.7626 2
-73.7934 40.6982 37
-73.8379 40.6725 29
-74.0117 40.6859 10
-73.8388 40.8068 4
-73.9452 40.6924 26
-73.9508 40.7508 43
-73.8736 40.7702 16
-73.9006 40.6514 13
-73.7893 40.8328 27
-73.994 40.8162 27
-73.8887 40.8404 11
-73.9211 40.7462 2
-73.7967 40.8873 17
-74.005 40.6525 23
-73.8748 40.8305 2
-73.9168 40.8796 36
-73.946 40.6066 20
-73.9282 40.8072 9
-73.8971 40.6942 6
-73.8739 40.7986 44
-73.9896 40.6549 18
-73.9113 40.6473 5
-73.8783 40.7385 35
-73.8189 40.8213 45
-74.0096 40.7894 7
-73.8333 40.8261 40
-73.9739 40.7829 41
-73.8416 40.7688 48
-73.9275 40.8424 49
-73.8229 40.8294 35
-73.928 40.7439 37
-73.9438 40.8379 42
-73.924 40.8165 23
-73.9994 40.698 36
-73.8645 40.8489 1
-73.9997 40.6097 17
-73.8017 40.68 1
-73.7767 40.7877 7
-73.8802 40.6444 49
-73.8706 40.7573 23
-73.8315 40.6887 18
-73.9214 40.8105 26
-74.0159 40.7937 2
-73.7926 40.8921 28
-73.8928 40.6209 34
-73.9489 40.7234 35
-73.9865 40.7322 35
-73.9912 40.799 10
-73.9242 40.7302 7
-73.911 40.6828 45
-73.9868 40.6073 25
-73.9984 40.8877 33
-73.7841 40.8551 20
-73.9832 40.8088 41
-74.0074 40.8277 25
-73.9366 40.7282 13
-73.9855 40.8273 15
-73.8231 40.6934 16
-73.9404 40.6816 6
-74.0181 40.6413 37
-74.0027 40.7025 11
-74.0016 40.8089 41
-73.7637 40.7206 1
-74.015 40.7525 39
-73.8474 40.614 11
-74.0003 40.7836 13
-73.7996 40.8718 15
-73.954 40.7385 5
-73.8613 40.6566 39
-73.8307 40.7788 16
-73.8508 40.6334 5
-73.7774 40.6648 7
-73.8833 40.635 47
-73.9742 40.762 16
-74.0088 40.7216 35
-73.8814 40.6654 7
-73.9918 40.6837 24
-73.8335 40.774 16
-73.851 40.7028 20
-73.8489 40.8931 18
-73.8472 40.8226 5
-73.9821 40.7509 11
-73.7801 40.7302 30
-73.9346 40.7717 45
-73.8058 40.8026 31
-73.816 40.8689 8
-73.958 40.89 6
-73.9516 40.7696 4
-73.8206 40.8046 24
