397 200 724
377 434 494
354 257 572
140 98 794
373 45 909
317 372 669
39 188 475
463 190 948
378 290 947
300 219 778
388 261 775
251 386 452
477 131 924
281 161 707
150 70 506
313 342 833
77 50 841
474 248 942
175 339 532
227 146 770
410 95 588
338 205 913
83 450 654
92 216 714
116 474 449
105 264 503
100 59 846
57 418 546
335 478 406
192 250 473
453 437 421
158 74 655
15 40 612
70 346 559
24 154 877
197 118 557
147 406 508
415 236 878
415 424 485
154 350 771
115 489 610
180 332 626
144 439 869
328 246 974
199 290 727
185 260 732
74 312 614
451 247 540
313 417 407
239 221 781
348 85 406
482 0 637
67 223 848
395 26 818
137 113 705
382 484 539
429 198 798
218 483 523
61 41 480
83 4 439
87 336 614
95 335 847
80 21 643
223 298 841
80 389 628
369 381 609
484 104 828
395 473 886
41 85 763
304 25 467
245 454 930
134 87 812
476 228 925
335 13 540
15 474 889
370 202 500
99 18 976
499 103 481
249 405 723
89 354 648
42 95 607
226 317 622
58 432 814
301 102 673
381 141 450
339 187 489
472 397 954
301 439 723
408 427 985
326 0 468
267 277 618
366 7 714
300 160 714
450 471 729
42 426 640
206 455 918
411 483 535
270 83 865
261 281 572
380 89 989
486 283 827
106 105 419
126 269 959
103 393 594
235 268 870
126 389 978
82 268 650
31 245 592
497 157 419
61 493 846
280 191 884
169 440 772
170 318 925
207 355 643
44 444 848
468 488 655
150 159 827
380 174 709
179 404 889
23 226 960
481 151 722
204 401 782
11 103 750
107 408 849
326 325 778
329 93 601
108 42 782
451 254 461
300 191 789
74 61 532
177 12 408
19 398 696
384 81 424
15 80 420
347 471 785
130 134 401
407 192 900
235 446 460
332 411 562
428 98 779
358 266 890
46 102 710
402 11 561
488 129 610
338 419 792
74 230 905
334 259 475
408 428 873
392 98 800
304 409 639
211 180 476
149 303 590
394 413 481
370 45 619
237 305 640
193 98 586
136 75 775
112 188 716
8 493 499
119 169 572
223 161 500
153 440 726
50 389 524
283 128 794
409 106 916
159 47 830
312 10 897
161 283 483
266 490 511
360 233 619
105 122 442
286 363 749
487 356 729
379 3 450
231 279 970
463 87 953
354 361 509
305 143 657
473 37 882
492 424 725
236 345 785
317 489 489
197 380 467
484 40 836
394 40 976
126 50 548
245 407 687
330 66 420
207 145 769
495 49 859
43 455 711
318 36 844
110 299 973
380 15 486
338 96 768
340 431 831
210 299 863
101 339 995
333 447 614
350 417 891
355 178 568
376 389 838
447 348 712
136 460 538
33 298 700
152 163 622
4 86 860
275 479 493
283 163 796
367 495 400
407 174 679
97 319 788
394 237 825
112 23 626
361 27 763
460 437 461
330 463 929
108 367 601
464 284 879
425 454 478
194 307 488
380 374 498
348 192 890
70 343 493
483 208 510
465 481 717
211 44 796
145 399 425
475 189 674
416 180 505
397 97 654
364 447 705
40 0 526
141 254 604
141 37 444
85 412 982
122 311 896
416 53 690
325 17 563
242 299 852
499 261 474
388 471 747
390 345 836
125 65 705
92 214 798
266 79 819
384 495 917
248 216 537
199 436 761
10 234 935
207 86 674
34 239 820
315 279 717
426 497 716
481 273 467
406 179 476
466 301 489
182 357 545
225 94 488
267 69 641
291 180 574
97 355 935
301 417 697
42 222 825
247 379 773
261 31 538
312 208 621
408 143 623
127 106 740
476 319 581
107 411 995
409 417 730
376 406 587
349 101 733
216 61 716
491 152 967
179 216 635
191 407 969
463 19 926
281 305 818
459 407 587
488 434 815
376 254 776
325 341 941
163 336 660
239 375 488
225 63 518
99 19 626
264 238 563
236 250 931
355 389 528
293 485 504
485 263 572
121 320 430
204 466 486
229 192 697
142 445 680
165 333 646
91 329 432
152 217 883
67 308 581
238 102 669
164 162 560
102 157 901
231 197 837
315 45 607
227 416 957
387 240 803
378 41 511
362 91 437
182 120 816
386 335 620
428 497 822
89 81 527
348 47 845
327 86 447
35 7 653
493 374 722
446 207 835
63 216 666
239 354 964
32 495 525
481 253 435
159 464 764
379 463 458
88 221 888
449 269 878
31 192 878
136 135 407
103 160 547
424 406 590
0 466 446
395 251 641
75 175 786
393 234 946
346 448 565
61 377 775
175 197 895
80 147 477
226 4 978
222 174 593
79 311 979
487 276 748
282 121 600
418 328 666
295 53 782
446 77 817
252 129 829
138 32 498
364 111 467
277 479 764
302 323 513
423 441 430
423 37 740
223 184 809
151 21 717
254 222 667
208 387 546
158 477 443
346 361 456
465 452 610
435 174 953
190 134 727
179 319 444
440 14 757
468 155 765
484 184 835
449 101 878
168 53 684
353 343 915
307 201 527
446 316 885
49 329 982
383 236 925
242 310 887
418 377 549
447 214 988
377 431 433
116 324 494
397 167 547
495 138 777
431 281 425
125 241 585
446 230 763
414 353 560
309 140 985
17 80 937
452 274 792
378 269 667
438 170 979
89 214 545
14 111 443
17 112 461
333 411 563
485 337 600
397 328 638
189 478 628
395 259 648
17 358 457
25 410 510
22 12 510
99 264 627
100 494 547
18 381 669
270 127 693
286 179 577
254 2 591
279 400 997
223 490 685
14 236 987
173 6 898
211 314 906
129 125 974
231 302 509
279 346 957
319 156 505
48 286 518
15 4 514
224 297 976
330 302 887
350 41 724
437 242 736
437 161 920
315 461 839
230 279 458
99 276 786
1 149 580
361 106 788
330 421 912
116 421 491
392 124 886
50 459 590
172 155 978
476 355 509
427 392 986
110 312 833
9 114 954
293 322 962
93 223 956
91 102 944
107 262 633
42 398 481
192 193 850
431 419 478
117 245 643
118 375 957
419 110 602
343 331 987
161 444 577
340 175 635
155 338 813
120 354 726
105 412 547
135 230 945
256 169 421
11 424 850
26 341 609
219 298 842
264 14 878
186 313 939
315 320 828
418 400 412
223 113 455
432 209 499
151 51 463
11 120 834
301 3 897
231 80 878
56 421 887
191 411 839
225 297 998
51 37 521
288 19 588
251 225 728
224 54 748
111 452 859
381 376 496
343 154 508
392 311 628
11 240 810
394 488 871
477 401 507
121 257 669
418 319 448
371 158 597
53 447 422
52 199 569
386 60 492
308 418 465
256 156 693
440 210 657
220 12 589
492 464 555
250 104 808
372 193 870
481 353 944
109 81 875
345 79 966
351 447 519
133 424 987
