146 311 971
484 421 405
495 198 709
308 50 662
403 85 459
396 210 828
255 262 662
449 148 474
10 247 569
222 222 627
327 315 767
177 253 868
0 437 419
270 87 491
400 278 846
269 426 496
16 272 647
37 273 593
16 335 888
367 78 927
370 69 672
315 33 745
373 484 655
181 412 791
251 175 841
151 106 658
115 11 624
22 347 949
107 166 951
357 87 867
12 350 894
20 436 422
252 430 525
334 492 523
396 179 581
280 237 781
391 78 696
405 428 624
56 46 910
132 277 992
29 314 913
174 287 428
290 400 588
139 233 544
236 154 484
23 89 434
472 347 894
359 112 428
278 106 693
37 242 835
486 309 453
54 81 594
453 422 432
411 41 923
351 330 636
233 498 774
426 46 594
394 490 860
399 340 984
266 201 697
246 125 779
105 381 976
474 429 430
278 403 583
371 10 609
197 268 875
324 294 504
466 71 436
425 120 700
256 230 903
150 218 903
272 408 779
412 144 766
404 224 953
324 352 541
357 45 704
278 484 944
125 236 688
30 86 495
229 179 483
438 160 729
444 28 927
488 132 723
52 367 661
279 422 949
160 72 736
168 411 706
383 54 777
401 217 460
307 22 582
10 34 920
19 76 658
269 118 484
112 39 933
73 173 755
20 434 786
114 339 669
109 29 651
39 262 646
157 147 982
145 77 902
216 397 804
208 140 760
363 97 689
466 4 993
146 16 888
458 395 452
385 0 749
163 268 666
141 22 445
308 53 651
413 361 926
6 240 812
303 490 574
368 203 880
326 335 747
300 65 762
233 431 427
43 272 641
5 106 578
308 498 936
176 235 471
407 330 597
59 169 865
436 458 934
53 14 836
241 3 578
107 27 525
379 185 652
171 269 739
56 360 521
257 192 530
320 221 820
25 41 827
478 74 668
173 314 747
222 236 872
460 216 848
121 346 757
21 244 446
308 81 489
499 320 816
10 488 486
253 244 931
162 448 973
361 400 647
369 335 697
288 67 965
191 115 552
352 497 866
489 62 427
419 483 475
224 145 999
163 129 955
465 491 532
123 74 503
71 99 880
378 305 603
336 333 854
4 46 579
367 159 472
142 256 612
157 414 963
219 126 792
23 51 932
387 152 566
351 145 656
328 382 995
191 414 557
91 329 657
87 349 700
494 305 597
424 120 449
118 100 835
258 18 469
364 319 568
102 317 952
151 3 938
491 452 942
397 71 714
500 197 407
101 435 806
136 491 598
28 118 722
492 452 812
39 314 403
222 0 966
259 192 411
98 185 896
485 212 633
150 204 456
244 389 898
18 33 858
442 198 601
447 88 774
219 439 803
433 448 639
400 342 494
287 378 471
289 74 957
179 62 824
228 416 728
241 429 940
319 12 629
313 163 837
236 427 611
90 282 637
322 453 408
155 47 618
319 96 762
200 361 403
342 440 618
320 462 938
427 0 936
267 208 871
354 55 459
358 368 438
198 6 776
283 463 795
323 221 610
499 313 565
269 383 411
77 75 894
268 469 784
359 301 902
158 183 746
461 219 619
408 81 467
236 444 566
47 360 624
364 44 792
112 41 415
439 111 619
5 260 792
280 69 924
452 278 446
336 114 530
267 445 911
353 70 574
5 408 828
69 52 867
484 448 746
493 116 509
373 163 587
251 55 794
336 394 804
113 316 534
198 223 828
75 431 484
378 72 450
254 275 642
301 436 730
488 311 633
170 97 713
416 488 924
93 387 924
500 343 456
165 64 901
341 293 453
180 367 938
364 396 881
370 333 788
352 192 589
107 373 843
329 395 811
72 442 691
361 262 544
248 433 988
327 27 675
168 366 871
132 379 480
161 373 905
485 418 894
12 174 545
120 500 925
276 134 422
113 427 709
133 469 672
486 430 462
491 491 475
458 447 952
63 433 414
343 63 581
155 47 496
402 329 520
385 153 676
289 208 846
498 443 704
85 400 615
208 483 690
143 349 897
281 334 957
4 383 661
491 96 697
356 409 988
30 87 747
499 300 704
151 232 977
66 347 845
186 52 641
97 45 502
233 246 526
60 53 854
415 177 968
33 200 663
220 332 903
117 54 553
270 378 499
422 205 538
274 257 440
176 133 743
198 278 409
455 204 756
172 34 860
102 22 731
233 465 859
9 174 758
456 416 736
155 229 481
262 320 980
202 209 574
343 426 911
443 26 583
240 233 656
397 480 451
126 456 568
298 379 842
65 47 650
423 5 725
452 157 951
345 423 590
23 56 742
216 159 693
6 474 562
330 63 756
432 162 427
65 407 906
395 45 866
332 264 466
450 457 903
257 463 983
174 8 493
20 154 706
349 276 535
46 220 469
215 479 713
150 488 873
17 179 907
200 385 605
274 406 637
408 363 790
310 190 940
336 352 865
266 292 762
127 326 411
333 231 827
452 373 720
289 396 784
447 126 957
168 382 722
111 484 579
349 348 450
186 376 585
189 328 747
303 300 809
221 42 645
257 349 605
444 413 740
156 309 844
91 476 853
457 149 934
451 100 886
35 223 693
300 290 614
391 456 609
363 115 423
81 144 410
184 319 477
445 275 716
243 459 772
200 493 666
30 283 782
135 212 701
432 466 851
54 485 852
398 145 750
204 70 584
55 86 414
497 84 451
26 499 829
92 468 934
42 429 459
285 182 416
417 50 739
39 300 879
386 321 924
499 173 873
118 260 419
173 298 674
123 475 456
33 185 646
262 346 458
284 313 860
395 234 958
349 95 741
350 113 874
266 124 479
89 67 844
437 27 490
330 0 906
7 108 624
180 96 832
93 231 970
445 227 833
108 145 682
339 88 677
101 89 974
130 423 721
13 259 951
240 70 737
260 465 558
295 162 497
82 327 784
377 351 960
362 483 842
218 445 410
16 263 551
16 420 540
108 117 647
129 39 589
249 314 738
346 430 664
106 277 964
452 174 699
310 280 824
452 411 595
63 229 986
122 156 631
445 2 606
217 491 966
59 144 539
331 91 882
105 223 503
63 25 718
252 118 470
212 149 664
118 498 701
310 448 899
220 473 721
15 131 684
241 495 448
116 88 839
145 38 812
237 219 737
393 47 993
75 151 679
81 148 465
381 300 849
482 160 686
342 298 987
454 61 659
99 271 675
14 400 495
133 91 970
476 73 949
218 328 433
268 237 709
284 210 631
466 398 630
171 392 811
337 490 963
262 322 576
376 309 825
347 490 696
439 330 532
271 466 791
358 297 673
376 244 779
346 217 702
187 254 633
98 352 897
260 49 565
413 79 926
485 364 548
166 331 918
50 35 484
131 442 441
190 445 891
109 202 572
383 374 507
293 239 792
173 213 649
464 222 522
67 125 859
65 367 863
478 273 421
186 428 448
170 194 604
62 110 561
133 157 491
263 247 687
48 338 929
403 231 773
42 443 455
266 53 929
210 11 753
230 290 439
384 408 939
384 110 922
5 5 490
410 397 694
362 167 475
90 238 504
174 89 986
166 349 920
118 156 634
319 333 950
341 435 534
15 483 627
410 422 455
243 6 980
260 400 670
113 285 460
353 231 694
388 152 720
238 319 616
24 32 909
293 397 890
146 175 507
258 475 855
466 251 457
422 20 760
458 128 822
357 392 498
447 112 442
408 447 770
388 331 678
64 26 870
264 272 634
176 200 903
456 135 815
324 431 779
152 399 443
97 291 900
113 286 759
426 147 539
430 221 553
477 290 791
340 438 737
346 318 464
2 26 446
381 221 767
12 373 895
344 276 995
146 463 525
207 259 517
119 472 671
141 481 616
91 8 420
99 190 418
404 272 650
469 77 769
191 388 407
255 206 785
436 167 858
234 469 638
59 236 777
429 213 766
302 110 840
156 97 654
259 270 803
274 99 461
322 116 908
364 277 744
417 103 614
174 66 667
127 49 726
308 163 994
480 292 847
30 354 925
300 0 928
201 204 607
318 85 611
18 15 483
291 497 718
71 99 630
132 272 938
28 209 752
68 184 772
120 462 805
175 273 556
25 122 838
408 101 762
106 148 577
22 284 904
426 271 538
122 406 811
307 32 978
279 58 929
45 277 702
195 479 430
100 228 494
260 284 523
415 467 576
34 362 448
298 483 556
224 315 866
154 374 756
460 360 940
230 165 879
75 68 525
39 195 861
73 165 708
64 233 767
163 171 461
400 409 637
268 492 992
414 50 634
307 426 501
243 500 566
225 338 564
279 272 993
306 414 462
263 16 417
425 113 442
146 57 746
341 499 625
302 349 892
213 383 458
290 179 489
270 41 954
346 168 620
218 101 466
191 122 916
18 15 799
70 315 450
149 467 766
231 449 419
80 117 508
386 251 739
342 355 409
481 204 796
385 339 743
468 117 695
81 497 913
387 337 674
489 473 542
459 238 737
317 106 727
6 231 503
198 190 598
383 11 984
445 365 953
239 331 919
2 21 924
340 161 612
80 362 803
288 413 468
430 491 795
354 393 450
351 494 411
7 69 434
410 357 885
106 0 704
268 293 627
317 298 501
30 14 606
29 51 666
316 115 567
133 367 974
421 9 941
200 303 451
283 3 475
324 318 569
318 417 662
386 124 743
426 77 942
153 84 817
331 63 451
488 281 663
378 474 475
418 499 972
326 474 781
499 116 726
430 156 454
161 9 591
431 100 945
480 117 755
154 284 965
467 273 988
210 225 795
362 395 475
231 69 815
498 125 638
249 150 940
407 312 857
157 244 955
395 455 539
482 482 486
496 472 598
360 290 969
331 380 769
369 259 659
297 177 842
398 369 646
498 335 478
228 371 904
342 133 579
372 365 853
273 188 785
378 334 402
446 313 607
302 319 437
131 425 842
297 387 989
74 500 993
124 23 670
243 406 885
224 138 644
270 336 556
158 129 542
287 400 607
385 36 580
471 229 758
170 49 467
493 447 631
143 2 433
192 171 651
301 394 409
71 162 950
469 294 537
365 438 677
353 138 571
67 86 563
346 28 640
329 140 551
319 214 957
162 469 699
110 146 598
447 60 615
317 194 468
142 165 585
210 42 869
368 481 755
459 14 989
36 477 587
24 471 811
138 151 903
202 214 423
469 401 789
421 169 579
136 465 468
295 345 954
179 371 599
347 383 912
226 490 719
288 250 757
209 121 612
56 177 743
27 200 799
98 271 868
449 111 959
357 117 772
465 422 597
161 6 471
268 396 981
52 465 595
202 372 420
305 212 495
91 182 868
319 257 460
341 313 424
150 179 529
273 22 646
247 311 694
299 78 575
226 282 467
478 395 997
157 471 603
425 451 874
275 472 726
377 204 417
304 25 404
289 80 506
17 203 440
500 391 504
317 64 828
420 434 971
108 346 467
138 452 885
473 154 490
372 168 800
316 156 445
104 293 649
420 35 792
225 166 445
368 185 933
293 378 728
447 200 690
161 111 405
57 198 993
284 408 417
361 209 478
303 438 639
185 455 905
405 58 875
391 375 428
17 192 955
367 87 434
78 178 450
213 133 730
422 243 446
211 394 921
416 394 577
245 490 910
266 354 621
306 396 608
148 177 479
92 422 524
412 313 823
242 51 423
490 378 423
173 423 504
38 408 463
105 406 603
414 420 599
118 310 976
452 373 761
191 163 674
287 389 562
204 228 414
426 178 645
251 98 711
226 142 560
210 225 937
101 52 780
41 375 526
29 11 772
261 260 538
450 485 591
241 254 710
203 172 479
480 151 634
381 42 889
19 65 669
241 103 483
251 15 854
192 219 696
42 188 741
62 496 594
61 352 967
231 336 526
227 126 587
309 243 912
422 127 597
458 306 591
381 258 413
391 122 990
453 316 830
9 168 611
415 186 421
59 22 463
52 162 937
184 242 933
88 482 949
269 251 450
448 355 841
476 432 717
287 462 547
5 490 415
103 164 716
349 180 885
461 315 471
144 124 754
342 29 772
176 215 579
234 2 779
291 100 799
8 439 799
359 202 514
499 129 792
121 372 697
66 158 662
27 110 715
263 53 467
179 359 723
405 363 744
242 269 922
147 448 975
145 339 992
174 406 952
35 472 480
259 252 935
36 38 525
116 380 898
427 338 728
99 462 677
453 223 478
453 97 780
418 491 579
53 155 494
319 402 605
4 178 914
289 28 435
380 291 538
312 11 591
129 368 465
381 87 570
136 37 440
478 72 824
193 127 785
111 371 512
176 418 914
43 238 824
189 223 584
388 92 819
404 483 450
406 307 990
493 253 856
17 173 524
130 349 610
5 316 443
301 4 681
167 193 466
8 131 531
153 145 681
306 19 556
308 17 819
264 328 999
345 489 623
494 262 799
259 122 460
486 288 966
240 97 907
419 393 745
472 160 516
475 492 889
238 297 540
74 499 826
31 179 590
400 309 904
459 125 508
427 308 502
40 474 418
294 148 407
163 440 463
483 293 728
383 288 740
129 443 494
334 486 863
372 11 847
44 407 655
191 160 814
347 55 720
285 240 805
414 478 405
126 493 538
347 358 977
325 15 750
148 457 741
36 69 647
209 291 558
288 208 838
309 233 784
478 26 767
269 411 707
66 39 734
466 461 961
260 140 426
3 139 873
167 311 896
304 132 844
77 147 979
307 400 865
444 473 535
193 326 502
176 200 682
135 500 909
481 352 466
157 372 524
204 18 605
126 306 562
315 271 414
463 1 462
235 64 996
99 12 788
409 408 700
178 465 703
327 181 686
159 121 866
249 111 709
317 43 702
246 225 976
366 207 837
255 186 697
124 333 918
299 34 422
364 119 919
468 143 685
445 145 561
239 155 904
143 112 708
372 21 727
401 316 518
124 108 868
468 464 487
75 249 408
232 16 953
444 89 940
469 404 555
142 345 410
390 385 938
16 496 568
148 181 751
183 72 853
354 130 877
111 236 916
299 413 974
278 105 763
225 187 854
220 438 903
411 226 437
100 289 549
66 481 822
96 218 555
357 252 632
480 395 422
424 80 408
357 456 498
449 159 791
271 237 584
446 340 524
233 419 995
16 51 737
43 113 836
482 45 939
396 30 563
233 252 711
186 346 481
36 178 839
423 131 949
47 378 410
252 467 703
213 330 709
227 451 929
406 320 817
272 84 766
452 467 460
206 46 533
133 331 481
381 336 636
491 336 747
261 69 597
386 179 509
443 412 817
31 40 470
155 54 512
130 267 478
396 64 404
11 460 702
201 360 882
97 124 753
272 463 580
341 167 634
447 221 471
41 216 883
429 372 856
1 80 916
119 479 615
127 140 848
139 88 866
125 374 529
403 181 944
76 401 519
137 222 661
72 324 616
403 472 420
101 350 521
187 96 947
160 480 509
167 466 697
418 318 420
32 363 853
254 190 651
17 198 875
50 103 710
58 20 641
242 95 918
210 365 797
190 0 970
278 36 658
118 80 647
427 226 477
477 301 905
125 334 655
73 433 851
353 292 956
120 500 947
474 109 550
139 171 907
237 283 742
499 383 892
334 324 421
159 401 636
198 182 505
86 139 413
305 336 653
341 297 858
246 492 882
83 47 681
98 197 835
161 59 535
179 119 798
391 114 656
33 383 468
70 274 704
335 235 721
227 467 667
290 83 589
136 222 802
454 126 623
293 7 865
391 464 545
486 102 908
248 252 538
295 126 544
130 278 591
153 454 533
478 260 717
300 440 645
353 288 817
11 81 924
318 181 536
168 260 551
348 301 630
494 8 613
390 437 554
390 145 458
139 272 906
216 82 738
146 98 891
350 213 874
24 107 1000
262 37 459
282 80 558
129 319 493
419 32 891
244 470 651
437 484 409
317 440 420
342 127 695
376 419 712
386 130 634
313 491 525
311 307 482
191 44 498
128 6 749
456 1 548
319 78 503
326 491 580
54 380 715
478 472 910
251 318 949
4 90 446
29 105 767
134 68 567
373 226 478
201 62 880
253 220 960
76 355 629
482 29 710
117 153 585
306 0 832
20 363 546
69 339 759
21 418 783
296 381 686
128 345 593
171 251 639
200 242 405
170 472 761
429 440 1000
454 337 989
178 8 756
267 415 508
64 128 1000
221 203 640
112 272 725
225 380 759
334 387 495
82 100 491
177 446 461
460 236 627
70 245 673
63 376 507
197 131 519
71 218 465
372 421 551
194 77 833
310 105 619
371 220 498
477 206 804
7 14 750
455 247 671
193 434 544
8 142 783
353 156 545
340 423 858
293 225 868
168 391 685
269 46 587
440 233 595
399 251 653
91 447 452
36 423 404
477 374 502
427 314 446
297 77 686
189 13 760
351 439 766
286 275 794
442 116 758
143 341 492
262 90 634
315 318 768
111 308 434
432 100 594
382 23 884
124 218 608
234 302 426
387 369 936
486 148 773
102 407 491
357 411 418
102 13 585
291 191 410
141 33 625
213 313 760
170 253 894
295 264 944
438 239 686
447 80 498
35 251 927
120 214 793
229 464 416
321 500 848
480 180 794
431 40 698
97 328 714
249 413 704
425 139 862
339 268 442
350 120 642
293 240 607
223 45 866
128 79 852
320 21 672
408 102 596
264 286 482
389 309 977
435 199 736
311 343 771
383 409 804
387 362 460
72 205 958
405 211 967
410 55 806
363 366 796
183 184 830
435 278 891
175 282 699
240 222 692
240 401 485
106 106 981
161 336 648
206 304 530
360 26 475
196 94 980
25 302 489
273 341 532
163 52 473
375 243 402
208 290 927
175 170 799
36 181 826
9 173 702
100 345 906
322 348 894
409 210 976
450 204 866
14 127 843
401 461 619
183 427 825
350 323 867
205 282 779
406 134 685
495 48 466
293 50 899
400 118 565
475 21 726
194 140 730
489 432 401
194 177 688
241 495 454
86 303 933
147 198 487
53 221 864
37 421 650
43 95 591
352 327 958
143 276 810
208 233 753
172 385 997
34 297 686
127 478 580
194 296 860
74 419 676
224 221 981
61 17 420
98 24 511
0 193 949
83 157 522
212 176 582
352 327 866
185 435 419
142 443 799
486 276 882
368 227 960
64 467 975
464 71 651
4 278 464
1 213 456
331 460 413
28 31 494
89 46 912
143 339 584
150 257 781
42 287 436
153 58 692
437 484 738
343 363 952
33 257 587
244 380 613
412 260 795
289 436 588
436 132 852
458 105 950
54 453 965
284 199 701
282 104 792
65 74 665
171 335 585
280 245 905
194 484 964
426 2 895
481 356 400
73 351 765
97 286 535
498 241 492
495 417 904
323 98 957
78 318 830
364 294 560
260 39 669
249 387 665
476 387 782
15 293 614
154 206 636
237 310 828
53 208 715
151 284 800
48 97 731
217 396 484
294 478 694
9 127 953
425 66 940
269 347 779
411 487 469
217 347 763
460 498 700
9 303 442
82 473 955
19 493 579
140 276 963
371 311 534
219 427 961
166 348 868
33 188 423
414 88 547
330 303 997
346 167 918
446 182 673
26 173 726
171 13 765
25 80 889
374 374 465
421 6 902
461 21 944
215 5 540
48 470 470
496 287 984
412 174 829
298 426 970
312 346 401
242 160 401
417 45 650
446 41 980
195 371 457
341 431 806
499 146 624
24 56 641
286 384 666
128 278 434
23 410 918
58 119 581
40 446 446
384 499 850
419 320 558
446 420 436
368 52 575
303 214 980
26 268 981
342 425 567
132 8 870
163 29 836
110 252 454
358 356 691
335 429 737
191 483 848
362 84 679
214 256 573
483 26 985
445 292 616
69 401 483
128 269 972
409 460 969
115 18 456
466 438 992
107 359 690
17 492 658
360 234 841
436 500 720
197 337 556
295 442 661
318 385 571
151 155 751
214 296 850
322 266 826
439 82 657
111 163 549
427 238 719
337 67 621
415 53 752
60 444 442
375 170 788
290 490 443
135 48 553
465 127 974
161 350 618
200 284 736
283 367 412
143 326 636
310 346 904
303 490 498
172 2 483
83 138 921
59 43 513
231 363 443
420 36 586
263 379 407
277 249 760
270 390 624
274 138 608
206 215 733
159 64 609
468 468 583
41 120 621
387 478 655
94 9 866
99 90 870
446 487 804
288 229 540
302 349 658
40 250 603
139 297 505
385 400 603
67 32 881
465 306 411
275 51 970
336 374 929
441 229 835
336 192 965
3 118 954
258 219 664
52 152 616
28 168 852
200 479 680
308 495 429
59 128 538
258 463 876
82 189 560
345 199 608
337 271 612
108 290 764
77 101 668
47 398 727
272 236 932
425 384 839
445 261 991
445 1 406
253 397 859
395 192 880
336 65 853
347 422 1000
307 443 543
148 52 847
337 288 592
13 185 484
251 365 978
489 367 731
232 26 507
488 241 763
401 396 651
215 363 501
36 438 915
12 334 422
82 114 872
216 2 557
419 359 583
336 438 429
391 251 935
264 356 961
316 312 525
372 42 752
124 231 767
486 145 615
404 220 770
277 386 593
291 248 426
111 41 532
139 81 748
273 360 474
421 481 742
74 252 942
433 462 703
427 263 582
53 344 767
421 270 682
417 307 655
197 213 577
96 135 405
133 196 780
40 53 779
156 461 618
233 363 681
368 162 971
464 241 917
440 16 683
274 73 629
149 330 568
371 328 893
125 336 674
384 453 525
69 414 685
251 165 583
350 248 685
280 406 687
121 27 680
123 235 761
215 54 420
128 181 635
302 105 768
281 273 728
203 357 845
368 384 520
490 217 672
13 304 579
272 198 823
105 312 815
305 128 777
34 94 693
449 219 408
175 91 706
207 122 775
77 430 807
189 14 977
91 22 944
306 261 544
193 357 786
235 386 566
409 64 405
69 160 649
364 462 876
330 291 470
76 245 810
385 246 642
496 112 659
297 128 760
346 22 985
381 299 732
410 393 836
148 195 584
368 109 555
434 282 730
402 136 430
417 116 908
423 26 517
262 422 998
442 34 867
212 473 715
321 140 413
260 87 464
105 219 638
36 174 810
397 328 486
104 430 945
289 21 591
296 369 575
53 290 884
296 88 495
88 159 644
396 158 470
412 153 857
128 306 895
279 56 514
176 496 850
357 9 703
226 68 963
377 74 855
480 159 575
255 312 898
443 302 683
393 77 754
425 47 928
427 108 464
211 263 936
223 418 687
155 54 849
3 33 492
421 494 974
285 453 819
9 320 673
469 161 639
209 425 623
230 292 611
355 192 702
363 401 961
331 481 911
32 469 860
234 401 892
81 246 549
455 306 627
198 149 642
95 229 655
26 425 735
340 473 432
272 333 539
268 467 416
476 21 833
36 234 937
386 439 630
260 328 619
14 447 752
500 310 658
382 78 415
82 310 747
237 418 652
42 254 835
464 444 888
496 262 874
302 298 488
59 270 922
247 58 777
343 135 905
64 177 628
104 11 711
421 101 662
110 61 462
165 416 547
456 432 867
476 261 641
7 270 686
318 189 609
235 417 830
223 183 757
34 111 703
387 12 529
312 193 796
333 283 738
428 248 785
240 211 883
415 409 715
327 3 907
217 279 883
332 474 634
216 204 751
149 68 557
324 388 764
214 95 507
158 482 820
448 468 789
193 279 558
103 494 761
165 324 860
435 487 765
166 496 963
78 464 998
365 183 877
84 198 689
382 129 430
25 182 512
190 325 594
135 269 780
268 403 772
154 401 609
228 410 866
443 95 415
33 174 631
259 120 564
86 17 982
226 390 539
75 110 822
499 375 722
289 437 563
55 22 562
212 167 551
145 87 490
298 130 716
376 218 838
150 230 796
275 131 862
129 483 627
341 212 719
171 38 860
213 299 631
285 196 528
106 178 580
21 103 847
380 343 845
298 220 579
237 168 557
333 397 437
174 341 984
164 256 774
254 187 799
241 145 926
477 494 625
322 130 534
148 32 905
284 146 995
242 379 700
405 143 905
279 473 430
148 352 740
117 255 688
423 174 884
371 294 975
66 368 455
132 290 523
225 89 997
375 406 551
352 224 402
84 99 738
126 304 564
70 241 567
275 135 708
176 195 976
277 364 436
173 52 506
440 246 585
90 228 605
369 285 404
374 395 756
437 407 952
306 434 461
91 34 914
99 87 476
340 61 673
162 379 750
104 177 906
391 488 637
397 87 644
294 227 937
446 9 883
120 421 428
384 283 534
469 379 614
88 416 738
47 435 830
320 450 745
27 329 907
148 293 775
124 87 839
291 333 515
228 283 406
259 473 899
159 262 812
335 158 560
224 396 419
404 322 734
387 492 993
256 152 763
494 57 520
496 46 770
66 342 601
346 14 610
500 398 477
88 27 962
184 136 816
141 279 432
264 277 592
164 250 400
388 232 718
74 97 543
205 169 992
86 481 987
487 308 549
438 151 570
371 366 632
13 287 461
468 104 894
441 417 463
37 220 639
274 150 768
421 56 808
79 137 414
251 357 656
283 171 620
487 131 930
407 289 515
13 24 774
125 332 535
224 251 991
452 139 586
461 223 514
183 40 402
464 306 540
200 187 696
402 375 578
262 196 935
304 236 461
156 90 458
234 181 774
495 460 447
447 7 952
459 49 414
257 264 803
478 337 474
451 408 556
257 194 652
290 340 738
176 83 437
178 384 654
270 375 721
128 322 529
206 452 597
34 27 645
374 412 751
491 282 437
266 291 851
256 133 986
219 470 723
113 103 859
187 206 455
118 158 550
432 475 648
21 196 561
440 310 660
21 497 457
222 369 714
178 232 580
202 186 813
257 478 680
48 498 984
249 64 960
211 78 485
145 136 926
471 479 991
253 250 654
447 481 536
485 392 491
428 205 857
239 100 759
329 75 899
412 19 681
29 51 927
464 201 625
87 45 494
43 187 964
90 398 590
334 473 587
420 279 609
481 253 950
439 112 902
234 316 809
118 209 941
249 28 580
448 383 405
55 130 641
181 391 596
412 23 890
151 454 779
407 390 928
22 270 936
49 432 585
258 98 762
439 457 584
339 168 484
199 47 744
4 371 666
221 469 703
451 33 480
441 104 433
155 418 522
96 5 836
105 389 478
154 282 809
149 69 955
447 30 685
438 109 717
144 269 826
385 173 963
27 56 557
61 497 435
500 121 687
251 285 582
495 171 692
138 204 444
378 288 430
311 134 740
56 168 827
452 401 818
368 41 618
104 229 922
484 100 426
180 136 727
78 419 556
109 450 770
224 441 410
81 56 539
379 60 743
239 17 605
492 115 863
202 430 803
451 58 998
24 461 750
437 490 570
482 432 976
179 293 483
311 405 574
218 328 845
93 326 812
160 45 805
273 294 911
259 417 749
440 127 650
185 163 740
336 281 451
437 393 789
388 222 958
91 444 812
329 256 889
222 460 835
373 361 709
95 35 677
239 47 603
34 488 422
16 435 697
221 498 944
388 464 630
224 374 842
75 199 460
12 228 485
471 378 472
188 457 559
410 39 436
11 478 686
497 6 674
286 13 418
445 88 810
103 253 412
310 452 780
103 246 410
469 305 965
68 94 903
275 77 572
256 441 523
65 42 879
326 22 518
12 371 936
44 492 635
346 456 790
267 413 767
62 21 640
436 90 821
116 236 872
16 225 945
484 39 650
206 388 573
467 64 768
121 32 845
473 368 947
168 294 791
486 260 908
152 390 696
279 254 754
155 363 537
296 485 439
445 88 743
235 201 702
318 99 434
407 11 451
71 270 869
364 470 594
128 462 670
285 167 632
28 351 420
247 457 631
465 120 414
77 326 771
286 433 573
468 440 761
193 361 417
39 98 868
83 93 840
250 373 795
500 311 621
377 225 452
107 409 710
320 334 899
476 457 605
108 415 681
354 264 487
331 405 536
198 368 708
317 77 419
361 494 492
310 339 706
328 208 757
321 139 981
30 277 949
177 3 434
16 369 714
166 138 799
344 449 456
470 110 931
71 257 607
463 367 659
45 137 804
155 63 835
73 295 834
89 186 910
39 402 925
242 476 503
461 214 803
347 415 636
335 76 867
16 498 994
288 338 472
140 274 507
97 362 974
79 390 902
166 41 656
478 278 502
185 292 982
237 404 433
48 162 689
403 370 811
146 252 858
180 412 952
462 164 929
261 370 702
159 245 444
442 413 550
95 286 548
432 201 500
377 233 506
230 4 431
368 174 583
484 4 430
111 310 554
20 245 498
383 298 684
48 484 632
89 149 919
319 306 402
142 420 897
170 322 909
155 26 799
107 370 514
476 133 855
452 389 803
339 239 627
341 312 788
248 82 607
345 321 602
437 274 512
331 188 972
450 291 541
83 162 710
182 269 671
407 462 912
100 415 554
341 94 509
334 218 929
295 229 420
474 118 886
111 169 521
199 499 858
98 390 451
171 88 996
483 284 753
199 141 577
60 91 809
477 457 890
287 169 745
178 264 920
28 135 793
46 196 886
106 14 988
5 154 986
41 268 467
426 233 508
163 257 735
37 388 676
263 215 904
367 408 965
30 36 608
80 299 718
109 6 472
498 175 742
107 222 957
270 290 989
302 330 439
9 3 859
72 20 596
262 439 756
292 297 596
202 311 740
163 293 802
83 39 589
444 492 966
470 199 909
295 68 761
250 55 693
66 382 719
38 393 509
382 266 775
193 456 822
165 499 784
66 168 786
115 396 909
15 132 564
236 308 702
161 85 601
234 243 973
193 413 502
146 297 807
115 116 449
70 260 632
359 116 906
148 210 777
477 445 939
325 235 501
312 138 818
465 373 430
452 495 608
403 114 464
342 168 435
255 235 783
134 181 754
492 239 414
308 210 620
425 333 819
182 461 435
428 331 879
100 17 919
394 425 850
360 187 502
278 259 909
466 267 801
231 361 526
390 240 579
28 315 657
45 470 547
310 67 757
386 94 464
138 438 485
423 14 882
250 207 533
418 128 774
17 173 792
89 365 672
53 182 527
357 367 739
317 166 786
123 319 926
271 141 461
91 34 417
286 253 573
386 252 721
425 99 857
377 424 724
458 177 453
198 433 594
389 219 558
401 305 504
60 391 565
351 430 671
420 119 727
181 158 727
130 221 955
367 494 618
152 138 700
142 291 802
474 148 875
134 187 425
222 426 654
284 169 745
84 265 612
113 376 882
272 213 558
263 308 520
54 233 960
255 92 731
232 448 529
440 298 464
136 353 539
52 203 846
211 0 665
225 224 434
404 480 510
250 333 568
444 76 570
48 154 859
263 9 584
31 133 658
308 26 703
135 151 897
425 272 732
50 356 514
320 232 612
143 265 413
378 189 475
418 90 790
133 417 947
411 416 685
489 66 823
328 158 619
53 271 638
163 415 933
364 429 844
421 401 662
345 443 537
218 200 611
413 90 753
428 231 639
450 373 602
162 99 642
391 413 834
314 480 613
417 311 833
9 180 451
256 216 892
446 136 428
327 98 618
362 279 593
410 137 931
386 424 451
311 272 602
275 221 453
68 228 749
179 336 619
302 205 439
58 315 423
172 215 770
90 446 452
197 59 620
324 156 703
410 491 723
488 283 850
428 89 871
232 65 896
426 440 898
241 18 948
245 117 741
153 311 592
337 354 572
387 157 697
451 213 767
195 359 974
126 150 829
354 479 768
107 420 559
484 246 920
246 325 720
361 167 658
212 55 999
476 416 531
370 436 915
363 469 479
472 117 468
272 481 798
330 23 534
267 211 405
420 43 778
21 447 704
300 420 587
313 141 750
473 434 891
245 417 456
72 31 533
238 352 508
318 199 650
165 60 753
160 47 659
372 214 957
304 307 487
300 212 676
160 214 577
145 109 909
298 233 799
26 153 880
328 204 402
221 322 476
146 149 785
47 14 888
372 348 709
285 74 974
16 34 898
228 126 508
432 119 599
478 425 482
263 398 965
34 174 872
71 110 888
492 18 903
101 360 724
383 58 600
204 374 696
185 273 750
250 207 415
171 11 902
372 439 545
500 204 946
384 67 528
416 362 406
259 284 451
482 388 726
365 150 758
84 192 783
282 365 555
203 168 415
15 51 726
199 449 589
269 255 457
429 386 794
218 112 572
69 78 409
301 197 439
255 359 681
98 126 597
173 228 988
118 73 909
318 462 829
117 238 995
307 49 617
198 28 959
94 136 468
485 253 1000
261 113 665
408 240 762
48 119 540
230 477 599
360 159 455
452 175 661
370 303 577
340 490 947
145 407 645
340 195 583
338 47 543
372 259 525
341 116 816
72 229 957
217 224 533
418 323 984
457 87 524
151 379 931
449 380 977
181 394 840
312 455 480
85 66 494
55 469 496
432 115 636
276 452 948
474 287 458
205 204 593
350 267 743
11 412 566
290 249 828
316 38 987
100 39 635
297 302 954
385 74 877
78 493 927
253 334 661
35 14 497
420 445 981
359 361 424
103 444 697
442 295 803
335 83 884
195 468 842
357 226 941
214 267 632
69 159 940
228 389 899
111 107 615
213 213 578
363 386 651
344 214 886
0 240 690
69 182 817
308 410 599
500 383 555
362 278 879
143 230 593
132 152 443
189 362 509
359 32 765
38 169 817
344 260 790
142 308 954
463 246 898
87 383 799
425 3 476
438 465 524
494 386 698
310 177 433
260 483 630
0 410 937
500 285 847
72 456 676
1 244 726
18 340 728
487 75 456
59 111 648
357 400 677
75 238 855
357 495 875
254 88 901
442 10 791
450 312 927
444 134 944
233 498 963
96 299 724
395 253 968
420 312 910
122 295 990
230 160 488
189 401 813
282 217 697
487 173 877
306 115 588
269 298 510
354 155 736
331 179 487
291 190 706
395 453 680
402 403 775
343 325 634
196 497 629
142 392 734
70 493 723
394 158 599
160 347 877
157 473 484
324 369 712
241 189 921
103 468 874
172 136 883
463 457 979
482 37 591
210 498 687
248 10 820
66 468 896
169 216 652
136 407 626
474 492 604
442 4 997
360 408 960
54 74 576
234 459 763
133 193 979
498 90 510
486 342 758
249 389 562
18 474 537
433 355 981
291 453 597
110 91 798
441 91 578
453 222 433
81 124 570
62 175 524
368 256 849
149 334 967
79 37 974
222 33 455
347 436 562
140 213 825
384 425 823
352 26 671
441 256 489
337 464 946
481 174 585
193 125 541
121 423 650
241 378 912
351 207 781
269 135 835
180 376 830
264 86 593
453 43 817
424 337 507
281 315 572
26 127 988
399 387 846
258 28 599
126 277 838
251 395 938
50 322 530
492 337 845
401 314 899
318 309 996
401 87 797
467 115 533
275 500 472
139 119 861
473 206 958
281 124 578
107 424 682
369 120 972
388 120 942
92 496 880
158 434 701
299 479 776
139 464 976
278 478 944
150 190 995
460 174 607
106 134 519
82 199 649
367 14 786
102 313 768
65 409 676
472 444 446
426 234 632
185 414 434
437 239 583
252 482 912
142 23 471
350 487 918
239 450 687
217 157 888
427 80 880
303 163 727
107 441 577
21 64 401
418 173 791
407 91 428
357 110 424
153 105 610
163 481 616
451 38 692
400 360 765
276 255 561
86 229 427
403 282 818
307 132 868
160 279 430
388 95 750
80 182 994
270 405 842
220 100 627
404 162 636
475 76 930
387 98 705
296 154 727
135 30 920
425 28 735
92 447 682
177 169 933
6 196 941
160 189 499
460 487 918
42 291 681
236 101 776
146 500 708
216 191 579
103 336 618
184 189 869
241 287 924
497 405 437
25 410 829
223 381 603
429 46 598
275 75 889
341 383 640
50 396 720
191 117 728
461 291 625
343 343 687
377 230 963
211 489 799
99 22 697
176 261 453
323 12 945
180 217 747
449 309 582
450 258 535
287 325 797
256 440 565
483 196 918
52 250 616
458 484 557
207 368 880
346 288 897
24 317 747
123 35 510
358 142 786
364 151 474
357 134 906
500 493 844
269 383 464
236 220 526
497 21 908
315 418 895
479 47 455
44 275 496
124 440 579
320 137 434
109 355 599
319 10 567
90 131 796
399 323 893
406 118 769
169 442 429
444 165 449
462 253 439
488 324 485
280 484 934
377 137 444
229 256 803
188 301 671
15 240 675
371 59 519
366 318 672
217 140 802
291 212 431
407 466 613
387 305 856
276 413 550
25 366 516
240 354 922
381 214 841
381 289 977
51 249 463
169 203 801
37 450 652
87 251 750
114 391 765
310 70 606
105 85 892
67 205 500
165 381 649
300 493 829
15 461 726
94 151 638
302 20 925
422 277 947
61 211 811
247 465 825
39 13 991
160 405 742
201 326 924
322 54 889
119 381 679
269 141 851
382 220 831
480 82 830
225 241 448
412 366 828
255 192 733
345 177 798
81 394 415
426 217 698
329 167 690
87 56 793
329 238 437
495 366 437
376 257 876
381 454 425
30 130 423
0 50 850
349 192 649
303 16 917
348 432 742
290 33 596
316 406 738
220 97 864
134 70 483
53 113 493
445 369 833
445 407 712
22 482 499
32 323 847
177 163 406
170 420 862
444 128 453
336 457 584
138 234 984
65 66 917
50 226 936
26 485 493
25 390 415
110 197 818
430 39 950
418 373 572
39 187 712
152 322 873
14 335 406
106 206 828
480 246 797
384 435 534
52 177 649
91 436 467
242 198 682
55 373 551
223 296 692
221 413 610
458 156 649
210 259 551
323 73 917
195 430 471
338 144 417
321 346 925
479 487 824
267 149 987
364 322 789
129 405 828
34 354 709
107 31 682
257 156 817
160 385 786
291 252 798
62 482 928
177 254 892
21 86 543
270 85 680
53 93 707
124 21 709
194 142 664
61 158 692
14 213 666
499 493 783
367 359 915
87 496 890
37 426 473
326 78 405
270 429 692
94 187 656
398 96 751
17 46 781
489 226 827
236 20 881
30 216 718
121 311 817
198 400 826
276 431 421
454 20 751
422 221 751
306 89 731
134 437 825
46 446 932
310 119 689
487 69 530
108 191 662
184 356 698
315 496 600
80 62 477
218 217 769
236 300 994
413 328 436
27 38 445
310 457 831
439 233 934
436 168 840
247 156 483
230 389 762
168 166 802
104 263 933
269 108 693
484 85 944
179 459 694
456 481 733
124 9 843
123 236 505
180 153 651
82 322 862
52 370 914
494 37 413
219 248 414
110 248 700
119 159 628
72 255 640
344 205 738
420 98 908
141 183 933
71 159 494
182 396 975
402 242 937
251 429 621
171 264 659
157 500 911
189 14 716
492 73 945
109 260 986
200 418 624
245 271 718
254 379 904
478 179 513
135 337 597
100 200 673
321 76 882
74 95 857
492 104 986
96 273 754
17 427 729
285 18 820
284 165 745
243 329 701
433 442 894
290 350 505
431 98 562
332 429 778
234 478 852
475 495 769
245 168 818
326 207 540
95 231 831
17 277 983
308 344 459
287 262 995
487 154 714
51 260 846
404 386 671
302 307 709
467 167 809
380 176 620
358 114 947
97 327 463
298 46 444
265 179 650
33 175 552
375 430 936
270 62 425
36 464 886
101 299 407
64 387 796
469 237 463
156 407 544
295 112 524
444 278 845
260 469 840
125 131 894
60 499 842
251 394 629
480 109 573
185 161 820
22 233 495
42 38 515
305 279 866
100 176 535
201 206 738
403 147 556
403 319 592
59 154 462
97 303 464
409 115 694
231 241 642
298 251 401
150 10 621
373 299 680
192 450 611
42 183 880
279 393 562
111 68 427
458 402 616
272 340 542
0 306 970
358 224 805
233 20 901
398 404 611
136 46 409
147 319 712
473 399 992
250 48 970
186 192 455
155 411 913
0 412 583
220 485 709
314 311 438
184 294 678
95 57 746
136 369 668
78 19 605
97 143 875
388 232 864
58 82 992
114 9 889
213 125 572
300 355 557
488 212 652
258 1 444
452 267 412
114 451 785
395 230 549
368 63 563
179 464 995
155 404 665
174 414 985
448 397 578
359 312 697
94 96 790
310 112 590
412 147 429
289 348 631
487 478 502
301 105 554
58 474 519
139 173 797
164 299 729
196 10 915
277 429 815
38 497 447
279 354 471
59 347 408
402 449 690
357 316 945
144 342 846
133 488 497
161 142 446
24 418 704
164 416 738
186 121 981
134 85 521
471 120 696
202 154 808
413 266 480
389 313 470
415 194 781
458 69 726
117 153 529
324 274 845
368 71 749
426 234 779
372 408 475
157 180 476
124 467 963
196 245 643
239 68 582
214 87 886
335 38 583
32 12 568
264 97 407
182 336 795
283 120 617
95 237 885
56 182 845
486 137 513
439 74 590
497 79 985
157 331 445
344 189 649
51 14 925
281 380 598
461 188 758
331 219 638
186 336 554
108 468 983
452 111 896
480 86 454
317 347 434
138 228 722
417 403 722
453 252 553
436 234 495
493 175 987
212 79 997
100 474 989
79 267 566
269 285 679
484 177 728
91 240 766
324 38 901
258 332 596
489 428 600
467 255 763
236 13 591
92 492 549
108 272 550
335 499 432
498 486 887
308 345 631
19 249 980
460 309 746
414 192 712
455 459 912
107 323 660
262 238 558
327 112 448
224 458 593
482 124 487
94 223 734
249 247 601
88 435 628
497 376 951
47 376 739
308 124 943
45 116 943
20 183 716
135 150 957
130 197 935
66 226 965
97 226 749
24 483 483
188 454 924
263 279 553
321 240 893
263 78 717
48 374 877
478 191 636
222 54 501
481 97 479
445 352 717
42 221 600
453 17 418
255 218 937
139 424 756
296 338 537
201 402 825
412 280 644
222 86 682
24 435 978
394 433 884
7 44 942
464 304 757
429 346 977
301 445 542
38 193 449
119 437 407
466 438 911
237 319 467
238 275 832
27 94 710
49 301 790
430 118 815
216 422 909
305 56 952
175 434 429
483 329 530
160 440 674
43 18 1000
104 68 566
373 236 457
172 85 688
458 139 705
31 443 939
364 24 737
407 97 645
99 61 947
440 202 591
137 369 755
203 170 921
142 168 523
492 292 865
340 27 885
9 16 805
129 361 539
432 174 414
45 15 599
194 71 568
146 7 917
306 148 561
194 94 980
163 218 964
356 88 402
7 248 475
175 49 574
190 227 498
12 175 947
293 196 514
427 384 691
228 160 808
17 232 491
429 209 728
395 447 903
486 204 701
324 297 512
15 456 610
235 58 656
167 482 648
75 130 889
477 251 557
358 315 484
458 276 557
454 410 696
134 395 836
270 137 778
84 459 605
169 127 859
434 306 413
442 170 826
5 482 522
314 51 616
3 486 664
251 223 925
263 407 404
120 456 824
1 39 572
424 471 733
454 106 810
483 220 849
341 63 836
266 478 467
11 304 856
371 312 713
266 331 933
496 286 908
45 157 772
397 457 437
362 255 628
152 423 830
369 173 738
340 123 806
103 224 975
324 21 967
329 139 527
110 416 949
213 412 547
447 308 816
403 301 885
351 493 588
212 414 466
16 13 854
351 363 442
408 317 936
301 492 531
88 134 790
238 386 679
363 206 476
224 318 550
172 48 680
160 71 577
475 319 578
400 241 488
190 293 703
368 15 751
404 88 763
108 148 755
264 27 782
101 236 902
470 411 925
473 20 1000
368 318 825
371 472 933
494 305 597
132 11 792
261 488 954
148 44 633
437 183 614
256 495 497
267 488 969
253 20 800
421 164 427
402 414 921
450 450 531
49 110 526
17 133 948
289 253 754
433 114 948
109 82 664
370 423 498
356 65 514
162 246 495
418 226 489
215 112 542
321 70 853
368 170 803
351 464 758
38 61 781
335 327 419
133 150 896
203 399 881
192 289 968
475 164 525
153 127 487
207 110 765
272 25 553
301 210 517
120 500 406
459 154 734
331 130 698
105 309 433
498 133 422
363 253 769
45 451 737
229 34 732
228 188 628
188 127 630
34 83 792
483 8 807
376 291 893
277 87 764
157 54 593
100 317 606
147 34 731
281 275 591
92 414 872
451 6 848
46 438 778
342 240 696
317 474 678
124 308 620
302 131 794
45 218 400
113 500 737
185 0 976
2 459 546
454 184 446
137 364 877
468 79 694
288 37 456
147 367 655
401 394 722
398 171 567
297 256 741
444 31 638
405 10 720
165 233 559
6 182 852
270 72 770
336 226 447
4 50 998
223 266 837
64 415 674
328 499 497
378 26 949
362 167 747
40 414 841
472 126 942
79 378 987
127 22 625
32 95 921
408 492 1000
354 440 686
312 330 937
490 197 695
442 186 640
3 62 455
236 77 746
67 226 995
150 319 881
140 341 604
37 15 705
102 344 643
5 80 940
93 52 961
372 348 681
79 170 900
134 361 764
154 393 984
74 44 773
137 36 996
479 439 920
152 16 429
376 163 481
429 41 860
350 115 712
120 177 763
221 29 905
135 403 433
12 168 930
278 38 709
274 448 551
188 38 956
123 346 868
45 375 670
74 230 757
190 443 819
386 234 840
12 474 518
30 295 796
295 370 722
76 276 850
37 141 736
332 243 502
178 457 516
184 140 435
215 132 406
423 198 605
57 469 752
315 167 815
170 15 844
67 271 414
423 165 685
387 266 977
489 88 529
296 178 742
269 432 900
157 345 818
289 218 954
440 214 970
480 496 903
338 440 845
403 214 755
202 479 606
190 364 618
231 244 840
410 120 718
134 245 413
476 44 624
298 287 569
48 204 460
49 75 694
342 78 581
226 58 496
156 405 732
278 471 764
448 386 901
43 437 602
192 373 506
491 238 860
173 402 604
366 9 500
2 343 524
190 360 761
401 149 838
128 455 679
199 160 752
342 157 550
205 142 966
192 38 817
373 471 553
276 146 824
37 499 946
380 43 696
106 180 743
313 211 547
34 479 545
206 104 425
32 331 604
3 225 989
175 273 462
151 375 480
465 284 572
79 417 676
312 453 650
475 391 876
247 227 782
472 485 411
341 322 847
336 465 865
301 464 784
320 15 416
274 350 752
423 387 590
394 13 793
303 256 860
56 268 497
2 65 576
251 415 918
89 412 562
310 246 824
56 240 742
197 336 833
457 156 894
445 302 930
455 234 915
125 32 920
478 380 701
39 352 766
258 417 619
482 136 999
294 254 784
385 398 593
268 406 737
100 153 739
293 160 673
210 130 500
74 41 934
442 446 958
146 145 649
109 91 640
465 79 802
109 74 604
398 457 993
230 78 497
1 402 576
120 97 963
188 17 914
27 428 478
171 395 664
270 231 519
110 190 472
443 76 444
142 135 533
108 478 867
54 434 774
70 485 981
492 378 436
372 459 667
422 88 481
24 474 693
254 160 524
473 13 600
232 208 597
44 56 719
388 37 611
388 138 675
393 36 724
107 34 801
244 94 578
60 287 977
24 23 824
359 206 605
446 46 815
32 420 713
155 112 914
123 172 511
392 88 882
87 30 998
50 213 406
344 364 619
498 121 683
181 176 465
185 466 702
214 70 890
327 406 430
388 440 710
59 209 460
13 77 663
264 325 925
445 199 657
124 266 459
319 33 626
167 203 963
248 149 713
497 78 719
187 286 836
392 495 773
341 290 790
288 159 727
51 235 786
253 96 779
46 288 445
470 287 735
98 325 495
154 35 870
94 435 673
183 427 585
192 240 533
190 267 440
317 311 798
273 339 413
291 30 856
51 69 923
466 307 565
414 477 684
43 484 609
272 477 791
213 68 576
147 3 863
403 357 936
105 36 842
113 0 981
90 97 594
14 468 916
150 285 601
385 216 888
431 391 703
458 371 788
429 235 634
376 27 677
376 1 804
173 7 522
277 315 589
344 109 796
371 20 932
205 411 534
456 267 956
387 338 824
376 462 619
296 221 612
466 137 518
187 370 874
286 245 692
55 248 512
46 494 404
252 90 653
375 116 555
364 366 908
331 277 981
299 170 885
429 7 746
9 410 627
322 305 986
249 270 953
69 246 889
367 183 482
245 140 708
461 363 475
315 270 620
480 163 550
74 293 694
179 448 801
27 210 731
4 484 418
122 489 958
385 72 785
163 174 711
219 162 400
243 366 501
263 61 949
20 388 609
55 116 764
480 35 629
153 383 524
129 323 756
202 379 708
426 139 944
343 378 445
47 311 583
164 16 510
190 332 553
411 36 694
87 23 425
475 461 818
105 336 608
212 256 709
157 48 990
272 403 428
171 264 734
196 386 582
271 156 608
459 419 898
295 306 600
30 402 596
154 350 861
432 377 816
358 467 915
166 100 728
231 314 855
16 284 457
78 199 841
113 128 500
108 451 520
425 320 815
471 305 926
410 389 412
451 397 559
475 49 759
4 332 474
66 301 874
228 95 419
54 423 406
367 305 995
130 378 806
325 492 943
310 258 476
132 251 420
111 77 894
361 252 762
478 95 518
437 284 533
306 469 457
381 190 617
133 105 538
249 383 683
336 353 990
226 254 409
321 243 934
435 262 566
18 474 815
372 476 410
426 145 867
73 40 428
275 39 842
377 222 737
51 399 740
304 238 985
252 482 992
403 211 563
13 300 899
233 17 539
330 172 943
43 314 565
101 49 515
112 360 547
223 339 928
294 489 666
412 333 889
293 328 972
447 112 962
239 352 702
115 122 931
109 221 503
499 99 719
428 485 456
126 11 908
314 154 725
73 7 986
181 253 500
231 429 503
51 413 662
427 343 477
356 138 930
345 498 414
462 211 728
395 42 685
277 329 794
306 132 435
475 144 791
120 430 496
131 136 663
1 462 671
110 391 653
217 110 898
150 274 956
54 332 411
452 207 646
394 8 706
70 193 961
10 226 850
17 494 921
386 94 694
327 452 557
383 272 662
465 420 520
36 209 812
243 435 757
413 16 430
361 172 997
499 65 659
132 99 754
330 459 689
316 229 944
401 31 993
417 287 582
245 377 592
427 443 961
329 130 999
183 326 853
362 407 628
226 413 777
495 241 640
58 11 932
257 186 568
381 336 690
226 67 614
473 214 979
369 228 697
489 269 717
401 263 630
420 343 994
75 267 741
178 469 753
286 283 566
371 190 617
174 0 481
75 35 587
251 119 506
420 34 580
391 431 816
293 301 891
461 438 756
498 86 684
204 331 568
128 430 450
393 317 768
167 108 845
210 325 638
382 104 484
283 54 445
151 438 693
184 38 920
318 287 476
273 83 988
96 19 761
376 431 839
12 188 821
1 54 833
134 476 831
178 100 501
300 148 446
396 94 874
423 490 775
247 211 476
346 294 967
211 428 566
246 270 614
454 66 951
405 262 502
145 162 887
259 492 601
128 453 908
273 15 508
10 107 656
290 167 812
133 85 471
153 68 410
82 71 615
192 33 633
103 429 841
336 443 676
209 481 866
187 373 445
235 267 665
405 302 694
485 474 774
69 494 852
500 377 811
479 265 942
447 56 951
392 42 631
76 379 910
458 432 422
239 23 978
49 214 852
180 216 905
401 48 778
358 44 676
43 475 482
445 315 592
94 250 826
138 210 776
191 23 485
127 218 839
453 311 561
220 438 465
435 297 768
126 300 507
267 442 452
156 198 883
231 357 712
229 129 510
270 471 801
306 209 932
289 55 826
408 414 709
5 336 618
70 8 985
472 293 723
51 462 830
410 79 700
97 310 721
315 92 626
149 375 439
189 228 917
319 368 989
187 197 713
127 475 416
464 422 931
341 261 547
56 14 672
190 373 732
400 162 482
305 305 695
41 440 846
433 393 912
380 153 827
362 182 629
469 82 742
146 106 488
258 379 442
246 28 955
250 355 507
221 371 406
39 16 460
371 127 866
219 177 538
419 340 685
458 31 422
224 472 843
340 478 816
251 210 411
83 193 586
422 352 543
236 485 528
351 26 997
126 291 795
334 335 543
249 201 584
116 128 831
63 334 495
421 233 998
106 97 764
148 301 939
194 410 568
366 440 710
5 200 525
12 361 763
165 293 654
75 126 520
262 413 471
397 434 763
246 457 641
499 465 999
327 344 954
396 214 868
283 46 521
36 266 554
204 294 675
442 244 682
343 103 727
438 125 809
493 389 688
449 277 464
22 496 855
197 477 784
420 252 427
97 446 599
76 293 430
385 338 740
43 381 453
499 348 749
13 76 616
150 178 613
402 36 617
430 352 841
493 21 825
284 91 748
412 241 736
337 115 864
457 42 599
450 136 438
330 228 973
343 272 975
423 231 647
347 16 687
484 158 500
491 318 607
262 142 636
16 433 633
186 14 527
43 263 618
235 147 936
303 150 795
331 368 672
156 182 766
468 77 857
473 379 906
433 303 570
287 1 989
392 494 797
484 110 951
249 57 777
247 108 583
58 405 875
120 414 848
480 356 780
243 231 725
60 448 478
381 80 430
143 139 662
485 429 806
294 43 731
148 173 761
345 11 617
330 229 842
2 463 900
286 328 482
494 353 709
188 192 953
387 124 643
345 463 647
318 401 654
76 259 477
45 134 915
65 123 412
280 411 617
411 56 408
252 83 478
390 54 719
397 235 650
409 7 832
402 219 734
436 379 545
153 479 935
153 280 739
367 42 433
469 184 426
448 92 580
150 347 568
177 321 593
344 9 907
336 76 616
130 218 618
352 180 936
7 245 535
334 405 604
286 302 505
373 142 524
304 381 708
234 42 411
152 322 814
468 388 437
423 95 881
157 69 432
282 377 839
84 269 770
365 256 946
437 374 415
300 398 866
492 15 564
98 176 422
182 216 830
321 393 762
71 251 454
316 324 995
251 441 661
494 181 843
156 325 683
389 462 523
446 117 730
364 347 543
41 379 803
118 152 842
38 329 725
457 275 428
309 224 951
431 85 433
417 116 449
66 296 406
420 267 742
342 180 853
298 261 710
426 415 516
203 491 717
373 487 841
202 141 758
63 299 924
28 409 750
163 328 751
262 243 601
466 407 537
479 330 402
90 140 735
97 86 534
490 409 747
17 1 831
417 400 620
212 64 640
260 44 903
480 172 617
404 374 700
184 45 894
5 424 985
498 259 564
303 53 967
411 309 815
331 54 502
114 150 792
328 25 592
28 232 537
461 124 559
262 346 498
386 109 983
166 95 586
259 1 880
251 406 746
222 315 504
374 93 667
333 457 958
135 498 729
34 201 680
323 193 444
60 124 513
143 476 485
399 309 836
36 429 1000
112 102 415
99 357 531
461 351 433
358 146 961
299 367 497
356 282 923
245 310 419
496 344 633
13 352 870
376 21 534
127 487 709
463 421 634
413 244 988
249 248 433
31 343 536
494 480 475
370 171 611
402 454 890
408 271 527
492 102 692
466 263 629
58 465 991
374 448 503
406 122 498
211 395 801
413 102 573
109 26 722
82 427 778
353 273 668
473 128 639
500 464 795
172 86 599
374 291 415
182 439 924
64 445 525
9 100 431
57 297 718
48 9 937
17 122 726
399 119 644
249 376 458
287 163 584
433 259 558
135 408 504
141 416 948
130 347 602
122 430 410
452 189 436
363 170 517
58 414 459
422 86 540
471 167 584
25 199 644
321 483 859
166 141 853
25 455 759
30 245 659
133 31 673
227 8 635
386 221 515
400 467 475
63 297 566
180 494 446
234 273 606
438 365 579
25 195 436
15 236 898
8 459 999
175 184 815
107 323 881
203 199 965
97 15 802
459 128 904
286 261 582
311 157 988
24 344 953
477 451 796
218 300 788
437 212 805
42 289 520
295 335 787
146 241 755
185 186 661
207 479 659
315 160 578
74 453 680
435 486 883
486 372 922
317 471 446
232 49 562
60 260 845
326 310 743
113 28 428
193 198 928
303 490 650
317 224 409
196 405 855
150 473 613
487 435 860
23 367 517
323 76 587
478 156 733
93 14 723
350 459 565
185 308 746
167 59 833
252 157 924
318 445 946
148 58 504
351 483 701
241 247 479
203 291 496
201 311 545
37 219 414
387 442 556
448 44 728
227 426 801
93 449 819
239 262 456
255 357 801
373 419 425
405 187 403
425 276 972
76 249 424
152 36 674
334 347 887
20 60 774
26 497 512
61 273 964
353 133 562
260 148 684
112 351 526
160 411 589
156 208 707
163 394 553
166 23 905
297 287 755
299 316 559
398 163 989
15 225 463
421 55 686
286 183 860
115 119 651
183 151 438
349 123 529
208 193 796
65 35 952
250 96 692
177 163 815
259 403 633
361 245 505
481 287 676
158 129 809
80 200 995
450 214 955
399 358 861
31 80 446
40 54 910
142 404 504
362 360 683
251 439 732
344 246 778
4 87 920
276 196 915
432 155 570
449 374 811
281 414 910
243 85 640
116 134 647
455 202 681
142 492 461
391 128 679
484 210 495
354 385 985
86 131 726
182 131 556
380 31 412
146 70 999
402 340 785
265 198 926
227 112 863
66 144 570
218 279 474
121 98 961
86 112 749
132 413 785
354 126 533
384 486 652
26 392 948
384 241 842
369 166 529
133 342 760
322 462 400
65 10 717
332 34 571
428 130 647
190 292 809
213 125 629
57 30 592
82 146 704
435 177 875
423 447 929
373 182 984
99 350 888
68 301 959
204 309 987
28 439 581
103 451 434
454 398 920
232 127 424
355 303 893
7 167 652
378 110 743
20 124 691
452 217 545
429 69 641
417 316 980
93 368 905
4 347 895
295 48 923
442 118 734
183 214 409
77 106 678
196 461 933
317 34 906
182 317 676
335 189 532
311 110 800
49 376 985
230 82 742
277 369 555
47 462 845
339 14 427
402 451 533
459 456 602
472 47 554
60 163 897
440 93 962
414 391 649
81 459 433
21 112 999
129 448 902
368 38 899
183 141 634
26 285 877
141 114 708
2 433 476
235 281 631
486 144 539
225 186 575
303 441 995
189 45 580
152 228 777
117 14 654
458 141 848
460 227 414
213 215 907
373 68 707
82 248 658
409 71 999
326 106 519
308 353 968
212 293 407
301 282 485
353 340 854
150 232 723
349 457 659
51 256 916
9 401 994
108 367 484
230 378 484
221 304 584
60 401 838
5 299 453
236 335 710
29 76 738
350 155 838
301 61 766
329 142 454
84 388 732
65 461 965
13 344 668
122 196 917
492 163 955
480 490 845
354 122 767
65 472 891
391 339 502
301 367 632
45 152 576
262 293 644
223 41 960
277 386 589
20 379 956
455 72 948
221 282 523
160 220 961
197 146 917
105 488 708
19 63 865
55 242 614
86 309 663
342 27 936
486 252 505
177 380 555
23 67 468
87 73 525
81 87 438
89 267 414
500 147 676
144 14 991
291 66 765
329 447 752
173 349 765
78 308 718
314 461 657
109 433 576
8 333 867
352 401 594
6 277 765
347 388 930
401 220 910
366 411 482
182 244 704
97 43 723
89 91 595
419 398 876
100 428 501
296 168 759
154 499 482
364 191 898
109 377 539
493 61 794
325 263 935
252 70 821
185 323 444
171 107 549
207 191 468
370 68 942
292 220 772
3 160 454
97 309 541
100 70 776
332 288 601
484 465 802
69 372 952
291 338 784
406 148 596
346 101 923
198 371 925
295 426 834
198 39 664
471 391 954
17 131 901
104 90 483
83 85 953
404 331 867
90 404 528
148 180 553
104 74 557
344 249 811
153 118 810
31 326 921
7 288 635
410 88 430
11 374 987
144 376 421
405 371 711
495 376 677
86 65 891
64 159 481
243 124 679
493 458 659
450 179 867
263 57 688
379 333 959
209 274 577
190 351 427
43 390 668
363 326 781
59 247 953
205 243 502
334 352 913
201 370 534
95 318 486
267 359 555
435 51 881
75 124 992
143 205 889
124 51 985
456 238 772
179 449 428
0 49 523
239 105 833
156 0 617
201 281 868
49 66 797
206 249 420
130 412 613
216 190 415
270 61 907
230 143 862
399 95 746
148 26 644
12 252 645
178 289 528
262 400 939
372 191 548
430 355 484
248 374 622
163 125 816
448 289 699
442 119 566
90 487 555
422 360 475
381 334 509
393 135 488
251 249 801
337 290 855
23 122 910
38 36 514
101 266 999
447 125 593
392 96 462
384 115 811
123 47 862
259 240 540
40 205 672
397 405 449
124 354 843
166 188 539
303 198 680
176 84 728
403 345 407
29 375 554
404 237 856
83 312 661
441 333 583
259 318 772
186 102 525
214 141 918
76 303 937
448 57 636
366 446 880
181 203 403
112 347 432
225 19 913
129 14 894
340 112 624
408 121 877
197 189 651
473 248 625
149 407 406
376 97 442
8 191 660
273 319 601
116 220 418
491 440 684
449 268 704
163 240 717
88 0 595
160 284 468
310 100 582
227 44 472
418 13 812
134 51 820
238 479 508
441 91 676
427 406 909
82 193 623
169 353 907
236 138 502
302 443 464
462 118 703
121 370 767
207 323 870
272 244 610
10 482 862
469 49 892
361 345 871
353 135 546
413 64 652
261 358 558
275 163 644
170 199 919
356 471 628
276 211 550
111 7 743
266 21 691
357 240 977
39 263 586
200 472 998
200 214 603
49 299 421
212 154 609
443 441 413
266 133 836
274 64 995
186 211 866
307 61 548
164 0 998
200 487 531
154 404 753
98 295 885
177 401 568
231 97 985
183 258 470
452 428 519
411 221 890
74 426 666
379 419 423
220 311 613
406 15 697
495 287 602
419 488 577
121 424 439
7 218 865
471 255 762
443 324 788
157 156 562
102 71 711
324 449 980
425 375 757
402 143 620
453 298 933
3 55 756
343 373 515
82 479 498
357 481 474
498 497 911
262 39 553
78 294 545
275 340 748
187 3 795
221 265 735
40 290 979
354 46 625
366 430 432
68 235 513
238 263 580
38 378 785
356 18 970
350 390 868
78 159 845
327 309 847
474 77 791
417 134 438
136 267 547
118 156 675
357 27 471
410 261 705
221 7 547
42 293 947
398 352 955
388 11 708
205 345 636
370 251 611
90 0 918
195 337 774
55 155 610
327 272 767
134 52 685
216 457 941
386 97 766
419 407 999
182 241 437
83 385 556
321 49 435
330 216 950
10 358 624
204 284 930
151 61 901
7 377 578
77 210 996
465 66 745
246 41 489
9 39 853
55 102 503
142 469 938
243 342 718
148 208 732
333 59 769
205 234 750
185 311 760
263 353 479
410 167 613
236 239 610
210 101 711
386 302 686
4 385 662
136 72 539
106 470 622
58 75 523
374 240 757
300 296 673
318 138 561
178 379 732
53 143 956
102 449 506
183 113 605
472 94 724
159 134 714
248 126 531
325 118 484
264 55 638
235 480 597
319 166 548
494 244 469
79 381 773
345 207 886
80 481 467
217 450 944
302 269 873
168 209 707
27 314 464
210 381 519
100 97 977
94 463 933
146 331 861
144 422 808
32 15 528
234 15 786
351 437 489
160 47 760
258 84 696
162 179 993
400 42 966
403 349 552
312 112 491
425 60 497
87 494 851
236 356 446
167 470 708
362 142 630
183 26 662
408 213 780
13 34 655
257 423 654
82 20 965
201 194 452
6 278 563
250 29 651
266 312 445
183 139 974
138 218 412
303 268 754
322 258 908
403 210 427
369 448 984
225 35 555
365 10 981
439 298 836
58 391 541
40 442 976
389 194 955
456 226 437
262 194 512
84 431 593
117 388 890
20 367 444
114 250 890
434 136 719
30 353 933
493 284 677
80 471 958
30 372 600
451 34 854
86 127 641
63 37 911
192 215 445
226 414 636
78 425 700
466 365 913
6 402 771
72 222 622
52 118 749
208 358 749
464 207 678
485 150 878
477 111 467
245 446 753
495 328 509
190 149 813
67 422 438
419 431 785
479 318 786
492 99 499
84 258 986
339 257 515
174 335 518
50 241 776
40 77 487
140 121 992
344 315 682
416 458 996
472 443 702
491 471 681
388 337 962
91 334 821
388 142 602
53 26 654
464 379 830
100 112 733
339 380 603
123 124 895
343 212 574
145 311 680
256 254 953
413 293 888
91 125 485
77 450 912
285 264 674
480 461 922
199 149 600
447 249 401
162 475 479
16 391 507
233 251 628
431 58 564
368 469 548
106 376 529
480 246 570
304 358 623
468 102 759
347 70 495
466 327 929
102 179 554
314 103 677
58 114 932
309 311 997
423 110 888
136 261 594
402 498 659
359 485 985
322 382 552
272 21 902
330 113 667
398 469 590
344 356 904
144 37 587
325 286 786
369 116 826
219 312 752
221 79 577
155 96 873
39 480 873
253 384 874
381 224 678
380 40 767
14 238 612
377 66 874
24 181 988
28 86 994
156 200 938
166 242 684
481 104 426
189 477 678
65 346 956
330 159 743
424 379 500
244 251 683
224 396 960
70 108 932
296 81 451
206 425 890
339 240 567
121 182 456
80 9 685
181 19 876
291 202 504
34 439 983
242 12 903
392 116 717
477 429 678
73 457 743
9 238 417
452 449 455
148 498 694
477 3 464
120 151 967
308 248 453
419 51 489
56 288 464
493 421 573
151 240 581
348 382 482
411 470 568
259 216 524
427 151 617
142 127 574
431 256 932
102 314 889
56 292 441
1 202 836
339 107 929
389 1 597
112 332 871
335 427 999
31 413 741
324 483 583
337 436 424
477 64 557
289 462 850
342 222 964
475 79 664
197 349 630
331 360 427
288 212 862
433 277 508
417 314 480
80 124 879
367 228 463
119 381 633
480 489 628
325 372 568
493 273 673
425 412 543
312 438 885
253 178 845
68 368 453
63 62 534
493 123 502
152 93 808
440 2 876
405 349 968
125 480 748
439 124 485
8 115 651
58 243 630
346 200 893
283 137 450
325 485 872
307 274 994
473 493 533
239 453 551
486 66 494
298 57 548
291 255 800
192 228 677
293 248 674
300 159 773
353 150 457
317 336 837
483 300 707
456 192 554
116 385 579
256 264 951
296 477 585
194 162 631
166 326 945
88 497 538
188 70 828
471 415 595
354 373 458
54 73 669
16 214 530
283 168 768
85 440 961
384 350 638
490 286 478
211 241 944
123 405 876
216 468 626
208 91 721
44 63 822
330 28 667
193 429 745
31 270 892
238 386 407
85 70 642
149 319 711
311 255 938
475 23 438
341 250 878
160 158 895
52 26 449
392 458 404
10 324 555
444 216 643
57 418 988
90 62 930
65 261 754
474 427 465
453 201 460
22 170 776
113 119 648
90 147 686
268 323 711
176 62 596
98 95 691
403 366 933
404 289 594
441 167 584
20 11 400
78 32 446
491 107 600
368 379 480
248 436 436
224 424 713
360 299 463
14 370 918
170 227 780
357 475 925
466 10 755
238 291 608
156 462 637
12 68 428
220 187 927
249 214 401
140 478 928
163 370 632
458 158 485
299 197 735
208 13 459
113 388 630
140 229 745
140 26 604
476 162 722
260 284 497
334 471 557
158 451 718
288 229 494
168 302 647
73 441 889
388 462 671
316 146 765
78 387 743
241 241 539
212 447 667
301 106 633
329 497 728
340 21 449
61 2 552
324 214 868
189 33 582
129 391 914
270 247 538
324 240 784
107 301 573
168 413 861
489 247 551
353 161 838
366 34 506
386 434 564
301 308 488
175 114 964
68 143 642
456 59 686
427 154 885
489 110 648
97 361 994
137 403 450
366 53 784
150 349 663
342 198 613
143 428 859
222 246 514
54 400 447
307 197 890
228 103 919
169 275 568
144 95 949
390 222 941
174 496 979
193 71 439
370 383 564
287 168 655
230 195 530
278 422 663
205 495 863
71 460 842
29 391 896
95 463 891
251 197 997
326 22 622
275 219 733
27 324 501
204 56 771
242 137 644
94 237 637
254 372 901
18 401 780
442 479 415
370 179 690
410 43 970
462 331 642
341 329 759
315 471 991
450 260 471
70 19 429
168 109 556
344 112 440
469 400 611
295 33 450
427 444 888
307 387 454
92 490 928
125 262 496
386 116 951
391 446 565
236 243 897
73 207 908
375 317 879
275 370 677
158 272 440
472 490 563
244 186 610
217 117 432
459 347 755
346 79 705
275 81 539
191 226 520
26 197 815
71 15 584
468 207 529
99 319 880
387 337 568
335 155 580
179 219 795
164 453 692
253 200 629
500 218 472
196 164 985
274 17 930
113 185 436
494 464 454
54 485 898
427 432 795
243 100 610
322 140 853
293 104 703
16 409 553
470 448 815
180 274 405
342 432 971
382 7 850
192 32 579
17 404 978
454 450 501
235 463 890
298 494 999
473 13 600
40 416 496
56 257 767
415 399 444
199 47 587
4 395 605
431 318 472
467 450 830
500 405 418
25 334 421
137 99 777
236 319 841
301 478 855
392 405 715
495 156 530
327 286 817
364 308 481
11 89 772
133 304 952
463 40 966
478 176 442
261 130 654
131 158 747
174 494 616
373 447 832
27 114 1000
493 224 576
436 459 518
195 252 579
246 423 599
37 225 495
349 7 505
373 243 486
111 410 663
450 439 409
149 211 896
278 199 723
8 341 982
249 460 987
252 253 780
366 8 894
135 181 840
109 36 977
96 498 961
227 463 832
315 210 834
382 263 781
464 311 744
152 137 914
424 369 691
288 465 459
458 489 938
209 389 942
248 415 840
465 308 977
444 75 782
195 270 405
130 203 545
32 256 550
330 202 685
56 344 789
85 325 624
473 269 846
220 486 922
326 289 773
99 27 699
197 456 496
482 246 480
37 460 638
0 197 466
292 1 991
348 308 479
144 449 641
112 372 782
330 96 709
465 473 900
282 262 954
259 6 724
322 213 988
211 377 736
7 155 836
319 17 860
132 478 933
259 73 884
276 18 603
420 303 633
374 61 453
237 298 773
206 448 980
59 417 901
498 87 871
266 384 660
313 360 835
138 333 887
64 338 857
239 323 728
11 143 431
183 191 892
129 150 820
389 11 611
77 149 654
138 350 620
375 100 842
283 18 678
267 443 882
102 407 637
150 8 971
95 276 761
263 344 933
48 26 769
317 374 694
187 231 894
84 94 812
453 110 514
395 86 644
191 276 677
364 335 839
65 397 437
433 413 893
488 33 466
43 87 989
89 341 420
222 77 559
350 304 581
47 207 856
62 410 553
61 411 847
395 108 722
111 342 672
29 262 416
388 305 722
313 260 852
312 174 467
230 75 892
139 324 428
265 122 433
266 461 480
27 141 954
241 391 419
114 170 780
192 111 562
78 113 895
455 33 905
210 93 698
288 181 439
187 230 862
68 255 645
376 278 430
264 225 462
33 497 599
296 209 416
149 59 477
316 497 930
490 43 649
104 330 713
340 160 402
98 216 599
53 319 605
15 273 676
393 395 872
60 355 605
360 166 758
170 311 472
328 427 427
365 368 884
233 445 554
357 131 781
434 342 953
288 354 754
188 391 672
384 53 832
389 272 512
103 332 957
410 489 606
253 211 874
74 163 506
14 460 608
313 190 734
490 467 824
384 40 660
225 340 496
382 223 686
312 75 796
223 276 419
203 8 829
271 361 537
482 102 443
107 173 527
114 194 843
105 20 751
345 146 543
137 386 561
224 125 450
449 329 515
276 148 621
209 381 837
286 455 421
185 457 881
421 196 491
354 299 688
236 156 461
478 235 964
500 355 520
205 81 636
493 334 677
124 441 451
286 463 729
265 3 658
28 311 919
260 496 921
303 347 920
310 211 778
311 163 573
280 398 417
340 477 979
216 241 873
313 302 613
329 123 459
106 476 874
349 344 515
157 233 868
260 371 604
179 21 951
412 485 869
473 428 764
470 215 503
120 386 509
148 109 404
420 369 695
415 342 875
164 33 424
455 361 420
289 336 663
444 494 828
77 272 845
37 262 810
439 21 755
144 346 526
232 251 655
466 146 615
288 118 853
226 206 603
172 215 792
140 326 850
206 426 679
26 34 744
182 449 864
159 236 660
203 477 975
74 484 703
462 400 730
19 105 977
471 246 666
303 471 467
227 160 953
12 450 955
356 344 709
56 380 883
47 270 619
12 114 606
19 309 638
83 212 627
400 307 479
246 283 718
8 401 739
213 352 647
192 344 404
113 192 444
469 241 951
446 418 922
21 225 960
28 265 622
3 235 949
219 201 647
347 279 798
246 64 892
151 319 572
108 28 585
77 315 412
226 423 598
126 137 610
10 283 962
365 54 459
475 358 937
30 211 793
22 382 469
340 430 569
266 219 704
149 409 869
55 18 856
32 331 614
264 415 436
161 419 587
215 43 469
178 480 998
72 289 593
429 300 760
334 208 794
0 18 419
131 94 404
116 385 802
307 24 957
157 129 410
323 376 410
371 35 524
161 86 681
142 229 595
106 70 754
335 138 571
122 500 538
46 283 665
112 288 990
185 119 400
9 353 925
277 48 421
326 149 990
374 298 961
131 491 767
146 241 477
78 31 604
426 109 516
457 300 480
392 66 670
174 118 801
140 451 976
364 484 798
361 60 869
301 443 552
28 326 601
197 321 401
495 205 417
497 347 498
196 45 910
421 1 880
264 173 462
336 163 621
464 172 989
109 311 427
208 231 518
320 441 467
420 319 932
74 349 581
148 104 782
38 188 892
323 151 720
369 300 492
87 122 755
464 61 787
409 448 723
481 44 571
428 350 843
41 120 816
471 209 738
399 498 690
50 69 813
425 174 894
202 259 689
290 12 465
395 434 499
282 437 518
441 20 977
162 73 851
186 285 431
221 329 538
63 436 610
457 362 931
204 460 747
233 247 511
312 79 579
429 259 735
402 255 405
82 390 685
383 396 509
77 443 586
316 106 949
362 81 437
24 364 936
380 206 925
267 481 583
216 276 899
380 393 794
403 245 764
161 272 587
419 269 856
474 237 896
234 191 893
385 286 487
280 28 451
139 62 839
120 444 894
317 101 663
342 137 572
489 400 679
340 490 757
469 391 792
232 33 704
354 467 912
497 60 671
100 16 478
215 313 826
177 497 565
107 353 754
439 217 880
63 89 910
229 289 465
499 242 937
307 179 525
198 175 988
365 109 873
16 99 937
393 320 574
418 227 880
466 111 678
434 360 429
174 353 664
475 282 644
95 413 503
113 426 989
46 436 401
453 79 794
392 68 589
477 118 678
417 184 462
451 158 846
440 214 663
35 159 419
336 408 417
28 414 452
262 5 699
203 317 706
225 218 716
142 358 533
101 455 933
321 439 737
11 158 946
213 404 630
428 445 667
97 292 650
19 209 430
361 128 963
55 185 883
263 378 719
32 29 832
152 368 874
387 411 458
402 151 992
443 454 686
300 72 637
10 174 824
452 315 901
168 209 521
223 218 861
100 481 508
220 439 823
206 441 934
211 198 403
155 370 599
100 391 794
423 2 477
491 202 501
186 475 876
170 471 591
285 333 900
426 470 796
186 15 619
476 300 535
83 232 710
72 345 481
494 205 865
253 20 699
7 191 427
72 426 409
184 227 415
478 37 638
365 233 842
340 230 732
476 135 496
430 370 546
168 456 653
412 81 627
482 163 776
1 92 948
221 383 993
77 388 502
386 456 930
49 371 588
15 59 848
302 272 653
200 2 860
225 6 931
495 203 416
287 472 485
246 344 691
414 119 415
297 20 644
161 323 525
451 197 418
55 422 852
211 39 882
446 82 848
224 78 692
336 186 711
322 326 681
181 424 508
58 302 772
394 382 952
143 373 556
406 138 968
179 471 616
244 31 558
333 267 677
72 230 590
366 475 979
98 397 656
262 406 460
294 12 544
255 138 693
473 498 678
278 218 427
367 110 975
157 76 842
281 337 591
473 255 795
409 351 564
189 143 793
124 85 934
376 197 701
375 335 876
171 360 419
309 46 833
57 359 549
168 33 909
354 208 841
353 3 849
427 498 946
111 135 940
362 79 624
300 86 837
381 172 475
496 167 857
13 262 830
192 245 412
282 238 924
402 247 630
164 41 416
104 189 841
155 196 754
186 5 857
179 210 570
13 216 684
23 47 947
28 70 535
424 271 630
62 76 871
131 149 962
227 104 447
402 192 663
476 323 557
448 247 693
135 55 451
239 2 441
304 169 573
259 336 826
349 231 805
150 107 666
214 192 704
111 185 667
22 118 481
180 325 438
309 358 469
31 212 674
347 90 448
224 76 941
281 224 626
275 55 823
164 259 594
373 0 686
18 477 966
240 273 564
254 466 820
319 245 564
1 213 928
478 262 969
347 454 688
364 266 633
378 25 544
103 201 901
340 62 505
243 162 423
388 418 962
497 325 724
231 230 717
481 274 980
34 61 757
174 232 768
220 181 573
141 348 756
460 332 836
276 337 944
174 415 916
295 393 968
436 222 565
453 367 598
469 471 591
476 114 856
222 415 435
370 226 597
137 70 714
216 123 664
59 246 628
224 285 729
76 276 530
221 394 682
20 42 670
253 238 583
132 135 959
405 0 504
31 229 469
402 494 412
333 336 782
216 480 873
223 432 599
149 399 836
402 459 592
27 181 408
228 357 584
361 491 480
164 239 891
345 424 762
150 62 921
197 163 433
5 461 771
424 14 423
235 407 480
234 150 465
481 411 909
214 203 662
419 498 818
378 474 455
176 359 419
83 92 707
480 234 896
475 496 485
364 489 446
202 28 431
106 200 588
267 330 497
324 202 619
117 48 661
11 388 862
273 493 606
229 87 947
381 337 566
400 439 734
358 133 403
312 268 985
387 16 985
187 178 444
404 103 441
258 202 621
401 96 609
63 291 607
100 403 734
371 216 788
310 425 515
338 253 858
301 48 693
254 169 553
418 110 429
162 105 566
364 185 599
348 382 514
161 288 839
48 189 483
192 126 722
356 288 974
88 402 811
351 1 992
297 181 757
368 201 665
279 232 466
32 479 479
295 488 778
384 430 757
142 206 750
108 146 505
315 427 487
86 56 457
254 162 907
333 153 607
278 269 657
185 372 817
102 75 548
274 440 600
114 50 888
240 82 509
99 247 640
308 137 442
381 123 930
364 22 522
159 13 553
15 273 565
3 482 927
370 323 415
288 305 536
354 386 970
214 203 520
11 381 522
193 309 605
74 162 649
310 438 409
263 496 962
325 201 898
404 324 581
410 202 984
346 134 963
308 220 828
367 183 450
326 206 909
245 382 706
39 17 441
13 49 406
360 16 536
168 478 947
128 355 771
117 245 611
413 366 592
162 322 915
270 242 655
60 352 753
290 36 915
460 53 494
311 221 741
216 356 456
497 266 839
90 194 615
98 146 553
264 498 916
261 423 831
444 256 806
66 264 896
223 483 428
198 468 599
373 117 867
99 384 926
35 142 743
424 451 726
310 115 770
80 88 474
497 33 643
482 194 869
308 260 764
361 104 472
140 188 678
100 239 480
82 288 738
188 353 728
81 73 843
374 377 758
28 35 743
450 98 508
233 50 422
12 374 782
327 368 869
38 388 551
306 144 771
402 182 948
242 468 882
62 71 974
269 129 849
394 80 983
38 331 802
319 194 571
275 397 866
315 338 480
474 176 698
89 446 870
260 478 793
98 173 832
492 444 643
81 63 761
319 487 634
210 63 593
392 56 615
495 170 786
419 125 693
468 477 442
421 65 685
110 320 750
166 93 949
98 368 679
104 114 784
38 484 586
471 121 541
130 487 878
105 246 479
458 243 445
216 117 625
268 29 487
421 5 658
395 238 404
0 168 427
171 277 815
157 403 667
202 122 677
440 414 413
484 281 536
90 370 461
146 236 543
132 175 795
154 103 451
82 132 587
440 8 858
379 214 859
176 260 536
456 347 993
42 354 725
464 466 571
231 355 989
20 194 988
486 235 561
339 332 873
357 211 516
240 80 825
22 243 819
55 140 913
75 50 933
395 193 771
426 468 833
217 130 900
312 147 942
314 256 510
373 131 481
333 480 771
431 497 629
84 90 453
397 255 891
453 421 945
171 78 708
415 184 854
164 489 531
342 203 609
312 276 799
249 405 747
387 77 969
86 453 863
464 278 882
347 47 687
272 15 955
22 34 760
9 432 844
331 463 650
306 11 843
258 204 528
147 418 550
398 68 601
438 428 688
164 125 841
171 107 991
352 210 918
12 141 453
19 46 640
220 332 465
159 84 887
174 259 901
173 180 691
333 329 612
458 446 557
288 189 977
296 388 605
452 173 447
396 390 485
54 10 475
397 202 775
71 57 488
152 440 809
451 25 517
410 158 852
325 377 734
374 277 811
167 225 861
489 107 810
327 444 558
468 380 948
430 476 508
440 350 982
277 435 944
220 228 781
258 223 528
421 17 613
452 246 995
418 276 638
434 271 951
229 213 966
271 488 811
217 312 909
96 378 693
494 213 812
21 293 498
273 198 630
197 330 414
210 364 526
18 301 615
3 457 536
434 131 525
254 31 709
20 52 700
269 77 883
157 71 722
420 174 868
492 416 993
274 94 814
25 446 515
206 31 854
109 349 689
497 273 424
457 32 906
344 337 919
113 362 973
369 248 581
441 43 738
105 266 486
491 358 403
145 259 528
361 298 909
370 170 502
126 63 402
410 277 545
19 447 665
117 361 417
486 468 589
195 62 912
171 335 422
355 468 548
348 366 800
468 266 624
137 388 959
480 14 457
138 63 494
487 492 521
41 41 843
205 243 742
310 241 861
10 183 443
447 471 799
116 4 811
201 411 567
455 304 878
405 450 886
156 119 617
316 352 547
347 377 445
280 156 734
484 95 427
487 307 841
25 308 529
251 402 799
26 414 676
172 396 571
172 124 428
207 118 923
297 19 561
72 23 831
75 385 536
29 88 466
464 98 565
334 259 767
49 201 740
286 226 979
121 48 821
100 121 951
331 13 695
263 290 685
293 230 642
328 371 906
144 204 864
329 126 576
334 497 711
13 241 816
469 329 479
436 437 768
57 472 634
157 392 682
267 234 673
388 466 750
240 236 687
259 328 522
324 159 993
188 268 470
162 298 811
209 432 813
278 325 458
166 374 881
339 465 556
497 327 475
308 236 787
72 237 415
370 232 769
240 442 734
303 340 432
216 423 801
129 191 543
82 139 577
251 184 521
158 107 936
253 368 764
13 45 738
482 99 519
366 344 527
143 479 493
205 83 770
170 184 502
122 124 852
117 186 987
439 316 693
447 44 862
84 425 672
278 74 947
77 119 451
268 412 915
308 198 966
200 418 918
300 484 778
144 305 775
19 372 474
268 276 992
362 74 957
126 448 617
424 454 763
20 225 487
318 308 989
133 56 628
371 241 856
373 404 805
294 323 976
407 278 917
231 204 832
458 480 748
404 130 658
223 77 797
168 456 784
221 150 688
497 318 584
447 378 703
352 59 938
41 156 852
374 412 787
434 436 653
67 490 671
0 14 969
321 445 431
97 292 571
122 67 608
390 303 671
124 460 989
341 389 544
302 149 564
341 173 941
344 492 955
124 397 678
299 466 847
58 235 633
149 292 554
396 146 567
362 91 736
11 294 732
406 175 668
77 261 424
493 87 717
366 175 493
119 276 729
85 250 443
101 482 426
166 191 911
129 366 900
130 285 941
205 113 463
56 351 929
62 329 543
216 363 597
25 453 859
273 298 560
479 455 602
60 163 746
263 432 868
423 338 680
391 407 469
353 1 952
105 208 596
14 487 856
426 188 402
101 150 533
128 117 987
98 417 435
435 116 956
296 41 556
302 406 417
59 183 767
176 428 439
371 414 566
88 91 772
143 496 815
188 124 994
443 201 562
156 494 939
385 149 863
448 88 448
351 297 826
119 163 776
387 303 418
323 346 728
236 320 502
342 463 559
318 72 853
235 161 827
232 492 904
151 138 885
343 301 446
73 22 888
365 438 427
340 112 742
472 381 639
467 380 511
406 46 772
475 490 477
28 297 413
239 33 987
23 273 600
306 279 630
320 62 771
376 100 690
307 105 527
126 93 558
356 303 508
447 152 857
117 200 662
390 266 644
238 406 741
489 327 737
489 367 629
255 13 844
467 318 462
340 40 977
235 258 488
1 489 408
386 267 473
197 246 529
224 277 403
250 332 748
144 474 870
319 214 678
342 57 568
206 97 761
175 19 552
221 201 564
424 56 805
392 365 730
48 477 513
377 135 759
396 383 923
118 108 711
332 379 947
328 250 607
175 338 724
122 402 574
410 368 487
281 499 781
496 30 406
13 460 502
443 190 551
487 77 680
295 86 995
333 374 922
342 472 971
240 227 730
381 130 825
59 29 793
203 82 659
261 35 906
216 464 493
491 14 786
166 163 851
1 97 693
2 121 697
273 347 538
444 445 460
85 28 709
431 297 935
500 106 741
322 225 487
198 290 523
177 246 871
372 408 617
265 169 445
410 224 910
369 388 945
194 365 888
120 478 603
482 353 893
422 134 651
358 123 846
51 101 666
441 259 742
46 411 609
260 454 940
89 137 500
169 42 789
433 216 759
35 31 825
413 50 866
291 289 707
463 463 957
436 344 918
373 121 748
232 347 812
18 55 846
245 482 450
136 378 473
16 170 587
144 327 703
338 281 667
271 46 493
241 125 413
73 490 801
181 182 947
182 90 824
222 152 440
473 296 569
381 91 987
252 31 764
490 90 818
433 115 840
134 340 741
172 113 661
198 254 883
57 225 730
329 379 814
469 267 503
477 354 500
420 250 547
27 393 678
211 118 990
491 257 957
482 32 926
147 206 853
21 299 416
400 12 887
123 39 854
55 258 787
206 231 789
397 362 548
371 52 977
406 30 428
0 397 813
223 426 968
472 38 556
39 430 654
31 275 772
380 211 821
497 11 783
107 27 552
280 217 897
238 182 561
427 319 799
475 179 957
377 75 606
374 192 873
351 109 694
41 222 472
341 314 826
9 58 855
194 114 426
76 209 576
116 483 488
417 400 767
447 282 986
413 190 897
128 36 475
405 133 484
160 232 516
194 96 557
157 39 759
66 205 863
250 26 498
468 58 856
5 459 486
227 469 527
296 485 923
269 385 646
233 167 470
27 9 780
315 419 714
177 481 409
370 285 663
45 344 958
417 10 464
316 111 714
280 439 515
314 497 687
181 35 730
204 67 736
236 273 558
256 169 673
315 433 739
230 242 484
249 425 937
325 17 650
117 17 604
51 477 495
88 58 436
366 149 962
23 77 523
112 27 596
239 167 862
462 187 992
13 330 510
411 62 656
390 191 557
255 297 473
218 60 884
362 364 567
164 385 918
412 339 702
376 88 532
18 271 691
414 316 484
236 329 697
59 78 590
28 136 409
467 383 974
157 279 974
321 271 708
380 419 830
286 117 709
390 459 893
134 141 1000
37 404 505
273 223 442
164 409 939
313 386 694
103 376 810
130 61 626
158 334 495
88 263 755
353 334 727
298 352 591
400 496 552
447 450 414
365 491 695
335 329 991
185 12 621
372 154 599
158 289 516
347 300 937
311 418 730
87 61 704
55 479 583
257 150 833
374 386 872
425 407 481
479 406 774
426 13 685
475 230 873
406 134 426
36 121 580
329 185 916
324 382 703
300 100 458
386 70 666
432 320 633
84 64 441
280 34 499
397 354 449
52 337 464
68 430 735
481 398 937
176 475 567
114 216 929
34 447 466
329 482 592
471 25 865
453 412 436
224 424 835
177 23 667
351 309 942
446 229 987
68 97 822
489 113 409
421 97 749
389 345 559
23 383 661
255 82 573
76 147 727
350 128 784
70 96 668
348 300 627
339 252 722
324 432 919
273 122 812
233 323 772
80 442 777
289 118 819
425 193 824
263 202 952
245 470 895
486 187 958
360 301 619
468 40 490
281 310 503
169 198 469
374 432 541
336 74 873
64 101 493
61 392 786
369 477 444
124 286 430
218 194 476
388 293 478
172 70 921
21 143 766
276 465 577
270 488 567
161 242 755
431 225 915
35 377 583
168 466 466
36 99 478
280 352 758
403 356 914
29 51 541
337 161 939
126 372 911
250 472 884
32 407 501
23 65 546
121 437 919
89 187 906
59 3 831
252 226 672
391 101 461
213 116 564
59 103 407
318 477 933
200 5 550
290 108 852
80 254 471
99 213 900
368 320 917
265 428 937
476 463 555
304 256 559
461 471 880
492 157 689
11 73 541
398 498 538
92 256 825
316 457 720
170 148 578
377 417 960
253 262 457
262 285 573
345 385 568
75 219 816
468 216 535
146 206 521
5 272 677
249 380 847
487 498 539
266 425 749
151 264 676
279 22 549
137 308 596
404 460 678
25 172 815
291 478 889
298 358 762
243 80 519
79 463 504
146 411 937
420 157 868
209 237 799
20 318 574
212 477 980
347 310 624
7 303 571
44 61 892
171 373 441
68 410 883
376 11 870
419 487 662
347 178 823
245 313 865
157 213 632
85 257 896
71 318 570
482 114 600
22 92 607
211 307 803
240 294 477
109 428 962
450 339 529
362 230 490
267 0 686
302 499 873
22 332 401
239 138 717
44 140 533
66 107 947
136 258 439
319 328 685
136 185 695
375 284 974
238 118 946
474 282 956
422 124 407
376 252 837
431 465 623
259 469 771
30 148 591
220 87 462
475 104 812
135 369 912
408 496 650
104 368 671
62 227 473
25 372 463
179 183 882
267 445 908
221 387 929
266 259 690
44 308 552
195 495 538
305 70 635
111 37 847
269 244 574
404 334 783
60 442 794
351 155 513
131 327 435
76 155 505
326 274 945
128 239 482
84 382 829
454 157 592
203 498 852
76 231 638
302 238 926
9 230 767
467 147 983
131 25 697
137 248 740
252 233 542
375 29 769
20 483 466
342 264 910
355 33 975
459 84 433
104 220 826
341 4 904
155 328 977
432 44 895
352 440 571
443 414 906
421 104 528
221 111 836
419 268 934
160 288 604
315 85 447
422 125 483
122 34 461
353 380 985
416 168 408
282 348 940
33 30 980
455 290 927
139 164 550
462 108 712
104 112 978
420 291 531
436 328 846
217 326 592
0 215 810
89 92 785
426 62 896
387 89 642
115 44 625
435 272 450
234 134 627
389 370 815
268 125 477
184 144 883
46 113 647
344 323 840
81 406 525
370 83 589
283 96 440
186 361 479
10 52 763
362 257 920
118 77 630
289 474 918
101 53 762
241 61 782
134 446 731
215 144 885
152 358 838
62 134 808
142 406 630
103 449 871
467 305 585
20 112 718
107 136 669
85 399 426
251 10 498
392 272 828
255 128 851
10 301 487
358 255 768
414 494 925
394 388 641
88 57 912
23 171 456
394 142 457
87 57 424
301 156 960
435 172 628
391 186 723
77 131 422
473 330 560
445 416 850
140 480 925
90 264 629
164 463 955
363 221 446
21 55 516
338 193 792
432 430 464
426 48 781
280 301 830
391 72 732
91 231 881
55 82 763
139 146 819
464 128 545
119 154 776
432 44 872
151 440 946
447 333 898
227 448 510
25 214 746
437 249 587
70 225 915
61 319 981
74 125 698
26 315 929
193 456 930
242 79 985
92 475 717
416 274 493
44 145 979
79 316 506
48 19 993
65 390 897
283 179 458
319 243 425
254 342 617
492 369 553
0 423 811
478 262 699
244 112 799
174 496 876
3 198 506
338 24 566
326 413 583
72 226 883
96 495 498
58 124 628
404 54 576
128 270 486
131 288 535
49 283 865
297 206 709
184 288 673
173 486 525
418 46 678
47 15 598
351 13 509
435 46 737
294 15 955
192 184 791
485 84 838
424 180 845
44 98 612
213 385 719
386 322 693
141 138 567
221 184 757
469 443 605
61 102 577
390 130 837
50 455 478
312 335 912
371 455 575
234 304 680
181 150 505
67 169 598
265 426 599
185 82 564
165 478 667
96 4 419
79 478 580
402 287 479
258 427 852
86 207 459
5 390 523
429 341 572
383 183 744
115 495 720
408 228 823
69 320 641
167 320 867
284 492 592
470 360 800
48 487 920
342 444 416
230 123 555
200 85 902
167 355 670
87 249 593
322 140 762
322 431 703
368 388 586
28 281 806
361 39 544
352 144 422
309 79 780
162 34 502
162 52 838
274 442 706
99 89 855
187 334 870
85 91 738
80 77 485
464 26 880
447 334 401
159 354 530
438 332 907
264 351 849
74 72 549
88 346 479
372 82 795
122 120 830
257 57 630
331 473 709
246 312 819
368 189 747
119 428 705
6 402 544
105 359 794
263 162 435
84 406 696
11 352 881
111 419 899
202 272 866
201 137 676
377 319 819
238 387 607
23 234 486
235 394 853
236 252 824
345 482 735
212 154 568
163 104 522
194 359 437
31 181 457
239 345 946
174 148 947
45 249 746
475 451 425
409 26 871
134 132 612
98 435 461
259 449 486
269 322 963
152 358 768
422 465 682
357 38 487
185 7 746
210 280 783
238 278 670
292 112 979
347 348 968
363 346 489
79 94 592
169 113 513
437 63 746
339 438 601
340 282 739
416 138 928
229 341 652
183 465 851
94 275 898
454 88 946
232 382 972
234 141 595
429 183 819
252 128 987
55 215 951
387 96 876
347 459 427
489 346 605
73 354 558
118 403 702
452 50 589
400 120 456
429 322 835
446 181 953
403 399 632
328 234 725
345 43 800
464 42 468
180 89 599
238 101 812
288 29 653
274 420 686
47 56 641
322 473 967
50 158 768
238 405 974
325 476 832
207 245 458
453 125 507
48 327 810
401 221 865
143 405 867
190 13 714
142 288 760
94 252 991
481 198 670
355 270 411
109 65 503
30 388 412
186 495 739
89 318 977
52 277 993
236 488 649
390 101 467
214 181 585
94 376 879
487 190 628
343 384 414
498 43 726
201 447 978
459 452 837
422 406 520
191 197 578
271 155 843
323 414 867
355 281 861
377 310 629
1 366 751
337 73 525
452 453 696
317 436 669
487 171 746
109 221 568
368 159 483
333 49 692
81 431 541
387 263 692
174 112 826
71 362 481
486 379 484
63 454 407
398 482 503
24 72 469
352 385 457
437 191 693
223 69 479
304 43 798
383 229 954
49 295 461
301 152 425
187 171 851
289 397 794
149 204 799
330 258 504
345 130 952
200 29 588
117 31 419
188 455 926
212 361 890
354 31 512
202 352 960
326 193 523
111 213 660
234 55 678
367 434 782
108 330 899
309 338 633
303 331 790
404 246 636
283 369 887
480 65 404
221 77 866
189 56 720
497 95 996
217 482 488
299 413 990
77 160 553
34 60 415
303 6 916
159 156 956
434 299 824
437 135 811
48 280 606
419 202 503
72 351 516
188 233 673
349 43 881
13 394 452
207 81 996
418 262 891
487 37 920
314 480 428
21 45 883
121 338 545
156 278 548
252 15 754
276 387 856
355 95 854
415 414 741
418 164 503
125 252 849
239 475 848
423 466 990
436 382 418
8 365 961
338 61 598
279 119 401
429 52 748
435 413 826
11 427 692
141 473 933
283 196 406
359 2 802
471 281 981
222 376 647
79 381 443
99 295 762
220 368 431
172 49 573
299 344 609
218 40 588
368 86 400
14 418 931
382 217 402
196 497 639
266 305 652
230 127 860
133 477 528
155 144 852
429 258 453
264 395 864
214 20 410
398 7 753
20 376 793
311 494 756
402 156 796
89 443 909
495 135 779
476 390 856
496 49 527
239 56 905
166 436 815
276 236 578
113 268 936
409 4 807
258 128 504
420 428 925
294 138 930
463 291 766
358 0 442
76 47 727
491 163 864
495 39 858
483 342 964
393 71 759
277 454 430
202 303 737
371 192 949
156 473 573
39 32 447
198 277 735
215 314 862
383 214 745
474 314 999
145 491 705
45 303 989
259 248 786
219 267 555
422 346 603
63 204 826
11 438 585
263 50 861
237 152 706
361 442 973
358 93 653
191 20 704
215 356 671
231 46 459
280 362 477
397 20 660
283 127 639
482 397 972
462 271 939
355 59 907
335 107 578
375 87 586
288 340 887
201 316 755
140 82 883
409 229 907
456 82 850
434 182 424
414 261 611
472 103 757
275 68 637
147 357 729
152 331 928
124 380 773
382 456 402
6 88 654
492 74 427
210 213 688
241 312 827
454 293 823
223 327 751
470 297 965
65 213 841
99 322 541
381 215 845
451 323 941
147 62 749
124 172 730
297 255 940
97 130 917
167 448 722
418 122 557
417 431 710
133 213 440
369 30 598
141 101 555
206 348 653
435 374 571
245 460 528
135 172 889
310 498 974
343 60 985
202 297 739
143 494 780
312 379 890
389 463 563
346 171 852
363 425 988
163 109 732
362 333 816
331 486 626
399 77 964
75 458 980
460 391 834
347 18 849
179 479 976
359 480 524
494 423 843
287 152 962
118 253 486
379 271 755
196 451 654
357 307 647
376 248 665
117 20 932
89 160 493
303 159 652
363 86 776
73 417 574
188 25 801
4 484 881
205 457 543
69 435 789
85 323 896
43 181 752
477 99 862
301 351 698
464 95 459
416 93 714
274 465 858
480 52 865
48 411 429
10 368 522
290 202 647
11 159 661
277 466 622
163 48 882
112 286 511
353 413 593
496 254 713
234 256 861
240 92 655
92 478 741
20 191 521
186 60 503
477 239 908
400 438 436
301 119 707
232 39 519
364 170 581
124 22 773
84 210 847
27 177 512
491 41 511
16 211 411
405 273 597
237 452 838
84 67 430
324 135 535
407 350 779
491 465 565
250 366 592
299 235 529
408 143 506
247 30 977
389 229 591
226 28 778
292 75 759
197 269 428
497 94 900
19 92 807
0 142 784
412 107 988
406 113 942
374 235 498
398 282 765
203 417 605
444 268 783
484 476 730
274 451 760
21 317 718
328 452 779
300 374 696
422 209 976
14 458 410
143 325 522
37 138 835
105 408 693
325 414 743
43 395 969
395 269 889
100 213 700
177 458 435
205 301 519
354 84 421
137 22 699
295 275 790
105 369 611
195 191 601
418 347 795
120 385 794
360 245 747
250 265 972
14 73 534
402 162 458
151 202 541
388 273 594
301 120 421
364 254 849
81 412 487
333 68 928
256 233 715
198 266 458
104 73 466
357 168 524
142 9 965
247 42 893
339 189 980
476 348 668
358 355 911
474 285 558
177 27 823
286 183 470
129 49 864
451 377 999
78 247 504
345 370 560
98 48 565
62 164 741
401 8 604
164 125 567
319 71 486
136 128 638
188 240 743
40 446 872
394 380 713
152 447 826
123 288 893
15 32 809
498 173 527
261 278 637
195 75 526
117 87 575
354 145 911
276 373 854
119 405 942
227 169 867
362 389 962
352 134 660
279 465 672
205 203 433
149 38 844
453 419 768
326 138 513
293 161 963
46 470 853
116 375 548
116 451 746
471 343 434
49 231 572
0 308 621
130 63 887
284 88 807
131 34 479
377 94 942
437 484 682
393 211 672
444 492 949
278 86 874
447 357 952
95 248 437
126 190 836
459 76 677
462 380 944
286 372 711
18 425 502
387 312 574
334 23 691
67 52 799
40 66 516
252 440 536
429 211 753
234 57 523
121 469 834
72 273 420
486 356 738
443 334 664
479 11 933
340 446 478
44 296 960
484 262 643
398 254 924
46 142 706
351 2 471
78 166 749
18 115 754
338 64 746
312 155 907
230 464 462
191 18 856
411 260 749
268 105 795
183 450 568
409 439 936
259 385 789
334 334 904
436 443 745
8 217 797
434 0 404
63 362 856
456 414 721
306 198 503
413 379 681
211 406 799
494 411 922
97 389 630
309 193 950
355 396 796
266 42 866
137 121 513
24 151 711
118 226 428
238 217 1000
0 256 511
112 360 873
500 36 409
265 241 710
106 60 411
336 267 554
399 34 515
437 477 852
179 9 799
99 266 945
472 211 603
409 383 910
485 81 530
322 427 777
349 18 510
82 131 672
350 175 905
50 142 418
422 131 974
310 206 907
73 299 441
306 311 464
239 198 894
78 157 484
500 72 742
308 57 729
379 296 697
207 255 598
150 181 896
321 58 977
256 433 523
448 475 819
310 188 611
63 56 879
294 212 846
311 321 459
103 1 919
348 222 953
36 274 999
166 275 591
148 96 905
430 84 649
340 73 886
377 383 997
399 285 916
44 26 647
453 429 719
49 378 771
222 450 472
151 296 465
351 275 880
134 390 620
368 36 707
187 375 549
43 360 640
147 65 617
270 276 949
251 323 469
142 380 550
387 411 730
348 62 816
422 163 503
290 204 843
312 60 528
12 476 1000
377 67 764
431 449 675
58 125 489
447 21 529
35 228 469
100 255 407
399 265 919
147 79 942
453 350 445
369 140 668
44 102 860
412 12 955
189 301 851
339 164 965
306 20 932
415 87 599
371 214 418
345 67 965
317 114 751
291 84 900
233 183 918
250 372 880
173 217 524
436 220 788
457 253 924
376 194 697
459 94 956
168 362 468
347 76 860
497 96 589
401 341 700
217 362 568
466 301 513
211 275 881
401 12 933
438 354 801
362 404 468
260 459 542
77 264 591
362 401 717
436 245 622
254 156 734
390 147 535
352 445 495
56 28 785
218 36 960
71 309 655
396 280 984
322 364 910
144 262 630
441 187 517
434 436 564
51 428 461
487 151 461
52 254 538
454 57 713
380 29 541
394 391 597
109 412 848
234 413 479
345 209 992
183 151 611
196 121 620
337 132 921
22 357 751
339 388 772
53 191 653
481 250 721
421 304 854
286 58 722
346 301 899
307 233 826
410 396 975
316 104 716
466 263 740
39 148 648
317 274 818
25 102 849
470 125 922
112 127 946
286 174 600
279 210 975
426 35 629
101 35 523
244 349 434
21 318 717
235 406 601
93 185 826
161 274 406
335 180 498
51 169 517
340 186 909
345 22 522
45 322 995
31 471 831
92 232 590
423 89 435
279 18 763
63 117 993
86 88 874
3 398 786
212 402 913
408 401 440
277 25 823
74 491 973
362 312 940
476 89 551
85 346 628
492 200 963
137 227 541
452 134 646
87 129 535
139 78 908
87 486 620
433 182 845
110 171 783
385 326 932
270 97 919
357 399 645
91 327 808
30 396 506
27 197 697
228 149 474
46 5 781
352 253 772
178 406 821
251 409 523
314 411 854
32 91 846
375 441 557
180 154 501
242 45 554
401 161 436
329 57 551
342 64 595
174 412 695
365 231 960
337 318 613
398 203 603
277 461 889
158 275 508
179 220 525
231 215 564
135 380 863
169 399 697
90 299 574
72 439 578
255 279 993
41 274 744
147 31 893
211 129 567
423 331 897
93 424 956
446 204 951
343 152 840
148 170 656
298 477 816
497 382 568
204 234 582
170 319 794
401 73 731
66 447 749
324 223 535
190 300 838
214 123 868
171 436 657
249 281 585
476 495 696
201 391 407
298 487 511
40 307 816
392 193 481
253 467 706
133 466 404
426 161 856
437 496 739
104 17 859
67 299 967
130 412 721
119 426 795
403 175 697
416 421 871
368 195 886
28 205 537
112 102 452
9 212 523
444 58 473
7 176 660
127 348 749
450 299 630
0 299 726
218 418 671
272 222 831
98 392 556
477 353 480
432 342 439
290 33 938
477 335 776
408 219 829
125 365 578
434 223 770
183 136 403
472 171 877
127 273 524
261 397 730
424 171 607
469 430 560
252 352 836
349 94 751
19 112 958
354 464 856
144 251 935
484 170 416
182 330 621
236 329 496
269 116 842
218 437 609
217 261 642
235 393 892
479 383 735
375 388 474
89 367 992
339 387 661
384 8 916
341 235 423
145 45 806
34 120 675
365 209 790
235 108 580
132 480 738
136 157 994
258 190 621
81 10 634
322 131 653
332 44 927
274 420 626
347 414 908
176 115 750
326 446 928
343 482 715
430 123 909
179 397 783
461 482 768
295 227 838
443 248 910
42 146 672
161 301 977
129 88 629
324 179 655
148 263 937
6 235 667
323 64 966
324 46 504
126 51 822
147 17 584
216 104 798
396 23 415
273 19 778
255 18 888
385 340 814
195 196 593
48 402 840
125 237 939
290 214 589
315 283 612
321 75 416
285 52 611
79 456 626
127 333 834
406 136 933
219 195 916
126 109 949
385 46 764
431 119 401
156 151 984
485 171 580
204 165 884
189 458 403
378 357 817
460 286 806
143 316 723
286 29 720
67 185 728
432 357 544
179 255 412
401 310 706
55 4 783
298 400 761
350 16 992
12 13 991
416 453 818
239 412 554
193 95 446
296 201 828
80 429 452
220 362 620
49 204 659
227 455 540
238 348 577
148 188 605
331 292 803
16 165 672
477 408 880
254 335 532
356 430 616
467 208 918
99 335 895
334 58 548
3 12 599
12 5 471
291 229 431
381 496 887
24 488 789
28 169 827
180 433 506
239 342 585
388 60 724
112 213 812
389 466 628
295 191 917
217 230 610
469 138 967
303 48 839
380 475 901
196 135 437
148 350 697
58 441 491
265 288 732
72 276 483
22 471 652
330 168 569
381 329 925
167 411 778
408 322 595
219 370 712
465 471 586
418 21 752
112 149 538
58 438 865
3 310 498
466 199 676
386 116 573
121 424 443
320 76 991
319 487 803
45 450 585
288 471 983
247 352 659
182 157 407
453 302 935
380 171 470
424 31 525
147 239 758
285 451 721
46 443 965
448 188 586
345 249 674
401 326 943
182 448 847
393 347 798
145 436 547
495 77 568
295 371 862
241 261 571
262 34 445
162 344 910
204 52 499
300 17 464
216 158 780
254 442 609
253 489 486
189 130 463
7 339 848
402 455 795
47 51 885
245 373 518
431 143 881
259 163 817
372 145 918
197 482 529
68 26 508
321 6 958
97 352 917
281 318 775
314 115 751
230 171 967
177 191 506
436 248 983
64 324 630
316 61 570
410 139 492
10 465 951
279 420 834
449 438 533
44 392 752
247 151 923
45 366 622
400 62 855
216 132 652
437 17 965
114 394 507
457 254 901
279 55 576
291 373 804
393 34 449
401 192 542
463 259 582
117 272 853
267 42 573
434 32 797
24 164 736
118 335 621
322 282 711
429 106 545
414 144 991
278 439 955
423 101 790
89 213 791
161 277 973
352 331 860
240 80 494
235 439 533
411 337 669
308 170 982
96 207 426
433 16 660
129 372 744
261 152 919
24 177 763
431 262 610
22 444 946
197 144 790
251 433 757
25 213 917
38 434 836
306 324 610
34 105 828
7 175 979
409 281 693
381 89 639
196 68 704
53 275 738
73 258 726
311 235 746
183 264 623
81 197 837
476 394 897
168 269 796
161 170 449
435 187 432
342 38 903
27 354 891
253 490 889
47 337 567
154 481 492
392 461 956
500 450 963
57 98 972
38 101 544
342 273 484
451 434 430
36 108 900
255 454 937
387 491 587
245 59 912
170 120 695
409 316 939
452 120 563
368 309 657
481 184 469
58 89 784
77 272 953
380 184 922
299 368 445
435 356 893
413 216 974
357 440 524
349 72 781
118 23 704
23 172 979
444 297 709
31 113 685
420 98 780
162 486 788
184 127 477
356 114 453
161 4 775
160 415 750
224 412 977
394 30 753
214 233 400
17 353 654
197 292 946
325 482 933
51 94 839
414 93 792
285 13 527
205 124 570
53 249 756
38 265 455
4 55 453
413 14 691
9 339 907
24 337 891
137 434 408
331 266 557
418 208 822
391 171 582
88 428 731
432 266 521
413 429 676
51 41 982
141 73 417
480 460 602
436 488 596
271 302 713
491 103 561
325 487 530
50 343 438
377 447 638
363 109 804
186 99 827
84 388 622
83 56 432
283 340 934
58 434 783
426 375 701
137 277 861
156 37 475
445 284 971
466 384 907
348 55 782
122 276 938
317 208 944
63 183 965
304 176 712
472 127 936
353 353 903
435 405 486
250 124 928
23 0 866
308 167 700
186 449 691
29 494 458
120 404 613
485 402 531
157 121 798
214 26 491
255 101 905
337 212 778
225 473 561
224 321 484
253 61 933
198 71 409
67 135 999
317 96 570
255 29 604
418 48 627
227 3 822
403 113 713
198 217 918
137 205 568
371 415 860
111 245 756
458 404 767
426 272 995
183 368 659
175 120 917
386 104 914
28 79 805
207 97 541
221 127 732
376 145 936
429 334 981
171 208 489
18 94 868
484 299 634
491 216 871
125 325 861
425 143 724
267 156 973
28 421 620
401 14 420
280 26 990
475 486 872
99 37 500
419 214 600
89 53 764
270 354 678
37 450 705
252 169 559
134 390 632
109 134 626
249 330 647
285 285 550
238 245 840
230 364 728
159 468 849
477 163 762
243 351 993
170 475 799
171 103 660
366 75 848
84 394 514
484 142 934
471 383 952
398 286 821
217 347 691
134 111 652
427 180 678
450 370 471
386 191 779
