461 411 445
172 64 820
221 177 770
132 241 542
379 424 470
105 72 766
285 424 709
97 462 570
238 455 990
275 412 544
395 234 901
467 412 802
483 452 664
336 71 502
436 451 476
76 421 559
363 447 430
304 290 671
400 399 924
43 238 550
328 357 404
217 83 521
338 318 701
464 417 863
402 120 546
384 13 489
188 124 915
328 47 723
159 448 967
146 365 611
163 122 849
21 43 473
339 271 579
94 106 437
177 347 850
38 213 701
478 112 726
488 213 604
304 89 520
181 310 510
0 247 992
424 496 906
129 48 920
161 179 798
87 484 459
290 55 446
403 479 785
290 437 442
30 17 841
401 229 591
322 319 724
181 368 574
386 44 732
347 201 681
196 175 805
267 349 877
139 232 896
354 249 753
94 194 987
279 423 570
112 181 732
217 425 936
413 396 562
101 96 852
158 353 421
321 218 417
468 277 903
481 339 705
314 299 952
212 41 772
496 215 779
491 372 993
204 444 918
9 347 816
152 226 536
227 255 537
438 150 506
269 164 606
411 151 960
247 45 407
404 370 968
378 30 627
65 76 520
12 447 765
496 408 813
135 412 431
183 130 659
283 239 728
156 53 582
187 433 529
151 2 901
125 437 988
134 13 729
104 348 863
19 482 948
309 206 826
343 308 783
11 27 934
221 317 923
164 296 954
232 388 471
7 252 766
257 500 861
429 8 628
362 462 692
475 93 805
282 473 555
169 314 517
186 150 646
21 269 535
335 148 705
263 401 520
164 377 819
235 116 708
41 317 845
484 71 483
292 473 792
409 171 711
454 360 488
109 405 576
33 246 426
203 481 583
32 325 710
249 83 536
25 24 949
105 441 809
279 250 910
414 58 724
283 138 720
280 103 553
234 361 830
186 366 868
107 468 500
493 356 552
329 70 561
190 119 635
458 254 524
245 258 755
385 435 733
67 202 954
175 499 581
303 383 409
56 7 446
316 148 919
467 340 576
178 278 797
291 387 694
270 135 701
499 155 444
386 385 652
314 75 427
465 289 821
240 2 904
178 259 793
464 252 601
307 155 508
241 287 918
436 158 499
43 72 783
400 42 459
21 128 720
58 228 934
492 248 606
403 27 538
124 320 857
404 41 544
217 498 477
270 470 922
421 399 630
444 279 670
142 219 887
61 40 855
179 3 558
163 240 1000
125 8 596
152 447 712
239 470 513
47 307 920
137 333 408
77 453 688
376 139 491
383 385 599
409 310 724
21 388 469
100 323 846
169 496 909
158 172 741
75 466 818
365 446 440
329 465 841
224 98 647
225 130 748
92 453 646
303 482 681
45 485 963
393 286 656
136 351 562
91 127 908
193 37 710
225 360 840
161 335 485
163 32 835
76 10 798
466 21 991
259 17 895
116 335 533
184 394 694
1 390 756
107 164 803
486 126 466
417 394 477
98 143 876
388 236 770
309 402 884
206 156 844
490 22 812
90 195 695
127 6 770
350 133 505
480 255 931
71 35 879
474 51 841
105 83 555
450 209 485
424 57 931
8 344 627
468 371 742
195 188 839
285 196 566
314 340 545
20 257 605
395 427 928
198 425 885
381 177 575
167 239 828
109 300 740
341 117 413
118 252 810
115 209 804
461 106 920
446 283 513
52 419 975
277 465 651
431 249 967
241 296 808
136 151 962
117 30 976
271 253 793
202 470 685
352 258 683
135 371 864
463 322 926
329 136 442
122 390 457
204 389 403
345 413 606
329 406 952
355 106 552
459 425 941
374 96 449
180 292 991
96 338 868
232 495 877
392 186 941
81 89 724
117 219 938
213 451 409
6 52 950
458 388 526
243 465 733
423 487 837
27 246 552
410 71 739
155 308 916
202 434 720
167 245 718
463 132 424
113 461 506
337 118 523
70 293 708
317 254 594
0 405 952
301 89 912
382 425 698
64 100 643
376 271 522
155 354 543
417 249 909
2 11 776
188 140 727
64 259 878
419 314 609
419 483 707
297 382 517
126 20 537
343 104 527
487 311 791
399 370 572
314 495 635
376 475 655
416 18 819
313 327 508
186 62 817
160 458 763
280 146 578
384 484 615
108 422 420
324 334 540
181 80 984
384 155 667
356 20 407
122 271 875
161 215 703
237 272 539
142 249 850
431 6 468
443 113 400
469 27 673
325 318 656
332 9 957
221 180 474
209 85 836
67 451 723
369 70 483
448 123 880
475 257 786
80 35 609
21 39 868
459 112 499
96 145 874
184 452 668
428 87 737
469 423 960
190 483 743
474 258 950
280 294 485
302 51 740
83 416 933
150 359 854
10 153 498
175 476 706
337 354 412
250 76 587
461 267 840
152 260 567
322 355 807
238 319 655
337 126 973
436 142 614
392 246 585
395 458 696
7 382 417
373 343 509
281 21 715
286 120 575
251 469 913
389 401 514
260 489 410
219 23 911
379 312 861
436 241 976
146 64 733
314 369 550
327 483 787
302 13 877
468 277 995
460 189 602
134 207 879
443 92 791
448 397 433
382 186 908
287 356 810
20 440 600
72 269 499
247 240 947
208 207 862
307 408 827
28 300 542
229 113 431
303 443 944
483 419 823
119 307 678
303 406 451
95 194 837
66 477 807
37 172 481
195 155 719
11 231 953
42 498 505
441 99 791
33 437 935
278 174 559
148 17 927
168 40 569
28 82 724
305 72 805
412 451 661
433 107 631
133 76 528
433 204 983
219 180 994
421 55 941
391 483 573
172 248 869
89 340 458
258 157 609
111 314 446
22 430 687
54 475 611
67 276 716
132 223 829
3 95 823
192 244 695
335 226 859
343 374 444
383 26 820
29 121 511
214 131 756
441 389 728
225 231 557
382 395 721
205 405 986
257 323 450
172 243 468
420 160 509
487 167 578
436 194 729
382 264 560
367 77 838
275 89 578
266 213 905
452 28 626
303 174 679
385 297 507
93 6 981
239 90 465
143 277 952
435 418 670
490 88 661
286 74 645
26 147 849
157 194 879
281 473 419
320 246 544
140 243 506
444 485 643
72 142 771
278 101 556
162 394 895
76 426 934
329 145 485
19 411 927
480 47 904
37 240 525
49 158 495
306 320 400
109 12 558
229 131 573
305 182 568
124 17 670
374 229 891
119 305 495
100 51 498
427 355 514
297 496 452
324 277 788
308 133 455
61 317 631
110 36 445
464 302 503
191 227 903
414 131 932
166 21 894
35 161 966
254 186 405
82 7 889
405 313 930
370 15 516
232 99 411
228 314 406
479 89 891
28 141 747
375 163 887
195 209 734
272 271 428
20 313 479
444 28 541
281 172 541
355 207 586
254 200 832
484 196 863
173 423 615
114 49 438
392 271 629
322 406 990
481 68 775
66 246 976
32 383 771
110 362 592
147 418 976
350 156 840
136 431 796
228 377 585
320 452 997
8 245 681
103 229 990
456 55 415
405 223 689
186 107 855
398 437 532
369 82 719
46 233 894
245 190 779
384 30 430
18 182 810
122 134 775
144 183 916
458 298 707
326 237 509
97 157 839
170 170 816
256 82 524
60 419 618
321 498 710
422 275 474
71 186 815
420 367 474
406 400 673
278 310 663
84 469 950
372 275 933
151 101 711
244 434 486
468 313 491
148 297 545
216 465 515
378 298 501
160 0 430
77 493 992
423 175 440
381 142 463
478 249 746
115 413 428
47 7 690
456 307 830
95 465 667
426 169 425
175 452 576
239 427 618
270 423 867
476 499 865
293 31 581
374 285 882
214 334 825
119 405 694
340 316 909
124 195 622
56 145 595
19 440 905
408 209 718
357 131 600
413 395 545
150 344 765
420 98 945
321 356 897
412 493 675
235 474 741
230 114 821
259 85 745
28 297 406
332 122 899
432 55 866
391 494 566
334 39 587
473 80 828
212 336 745
433 275 745
298 61 642
402 207 736
193 458 608
1 346 773
167 189 469
50 330 777
38 304 732
426 109 794
500 108 597
157 316 707
70 314 866
440 489 413
92 217 773
243 486 478
381 26 733
258 453 473
75 70 617
241 277 542
483 498 622
168 87 547
364 121 977
370 376 768
444 435 679
213 423 953
491 402 854
209 405 411
338 65 845
347 87 803
281 321 409
500 372 843
130 244 498
81 130 763
345 341 626
312 84 700
415 173 871
226 495 878
235 386 605
204 354 569
121 224 501
319 245 619
59 151 625
382 289 966
455 38 835
274 338 906
94 471 916
57 426 777
391 372 518
330 420 609
286 319 837
173 381 907
41 234 424
391 405 869
363 89 926
39 66 424
452 211 775
401 139 402
69 118 430
259 137 614
15 36 799
253 217 485
305 454 456
443 273 845
148 200 545
21 119 411
49 199 827
191 481 430
369 358 721
344 371 774
314 171 736
75 153 681
439 410 780
156 368 969
100 98 899
95 417 733
424 270 462
494 120 505
145 215 800
410 459 625
123 76 660
255 244 600
289 191 831
384 204 748
164 448 895
374 298 657
279 274 745
301 118 664
286 46 901
309 398 509
206 363 989
47 66 970
274 412 926
143 499 489
395 41 458
94 27 970
104 5 562
439 192 993
256 125 518
479 329 594
366 431 651
254 172 734
194 470 783
373 100 767
452 196 673
348 376 472
98 254 641
396 86 984
390 405 959
479 405 629
485 176 988
406 73 954
42 67 450
84 351 551
92 464 806
101 120 639
353 90 904
17 352 966
434 177 470
138 282 932
49 363 881
74 22 781
285 12 459
292 151 684
286 155 751
453 389 708
494 17 960
195 461 658
169 167 912
284 228 784
262 116 560
318 362 535
29 283 408
273 69 819
94 170 982
116 167 595
183 207 716
44 96 985
114 491 829
310 55 699
151 123 936
183 51 684
200 301 713
123 270 690
478 172 416
425 479 669
103 228 695
380 313 735
415 9 753
17 214 574
128 73 948
491 50 706
337 7 593
186 21 873
118 55 508
285 371 537
378 108 764
418 470 919
344 370 453
455 374 451
414 65 708
485 50 555
212 302 628
68 21 866
156 147 754
467 231 784
34 451 1000
61 254 589
121 32 451
25 437 648
296 141 602
295 403 567
418 172 507
294 444 825
320 381 945
487 35 509
100 384 624
210 34 612
10 62 636
67 20 977
246 311 673
446 463 476
41 280 685
161 88 599
289 58 815
200 239 810
462 415 446
392 201 582
466 379 758
359 444 470
252 285 820
291 183 775
174 141 762
44 376 721
193 155 916
178 351 452
206 15 576
377 127 529
153 199 881
211 336 712
477 36 907
65 463 947
53 89 816
53 421 810
23 391 796
55 318 571
332 466 608
40 272 650
156 360 825
384 86 407
248 155 560
429 326 624
312 323 516
73 67 705
160 82 941
64 23 914
47 326 537
388 237 960
255 37 754
487 337 841
370 84 408
179 86 813
124 309 782
399 4 856
357 457 918
120 243 964
422 114 948
140 270 666
92 201 530
423 271 538
337 223 764
439 307 854
84 465 876
159 87 415
130 348 741
471 3 829
283 112 938
336 80 422
155 374 823
190 441 477
263 223 681
167 481 998
84 478 554
108 11 857
488 439 548
232 247 428
255 62 444
373 486 842
393 113 819
36 121 749
237 162 413
242 5 826
120 435 636
20 338 713
411 481 675
102 109 417
73 150 516
268 155 866
317 436 707
34 239 638
53 123 497
493 36 578
234 240 664
40 370 641
221 116 462
57 420 903
467 41 816
60 289 497
349 193 495
288 79 429
439 269 677
196 408 906
441 190 480
205 491 703
273 196 914
75 110 480
311 321 522
158 268 485
28 357 841
428 100 601
215 42 466
492 265 837
190 374 876
203 336 637
165 34 718
243 235 963
12 500 517
81 242 461
244 289 590
131 247 646
315 419 645
237 394 658
133 487 617
202 359 924
13 75 629
418 302 401
281 313 741
422 357 592
365 88 933
74 119 402
112 466 587
451 256 942
215 24 633
239 34 915
314 365 470
135 315 515
20 89 582
7 402 862
7 271 480
178 456 914
132 292 878
384 315 958
444 295 758
299 186 840
364 481 838
134 61 719
408 119 440
41 304 600
208 234 750
436 460 477
243 335 643
125 352 927
485 476 986
131 237 594
400 219 663
113 493 546
133 190 930
281 372 605
395 451 975
179 331 861
191 88 812
235 392 628
258 429 503
232 6 735
10 22 680
166 458 603
33 277 436
303 2 811
240 410 677
104 440 776
399 134 844
88 258 634
483 301 779
257 344 465
10 66 575
345 424 942
262 469 887
104 471 841
389 61 541
384 78 429
20 89 838
179 144 947
326 22 876
279 291 989
353 172 994
301 130 969
263 415 859
38 146 534
364 420 744
187 180 596
336 92 832
392 94 882
171 216 781
353 325 767
318 496 511
208 237 586
39 20 788
404 309 562
324 162 767
27 239 451
280 171 406
374 158 864
416 368 912
413 407 728
152 267 414
259 342 852
369 386 860
78 147 732
347 122 917
484 62 684
404 9 729
290 377 437
449 489 544
153 121 982
121 498 628
71 329 885
3 28 613
347 309 791
406 261 907
428 215 723
22 34 571
94 32 846
298 210 663
442 385 947
268 408 844
435 311 440
483 75 689
127 20 934
229 483 865
185 400 748
139 73 560
77 406 845
389 287 415
385 339 769
265 67 677
99 413 749
349 247 944
132 22 662
249 282 709
446 43 610
79 251 542
282 461 970
35 180 969
250 170 871
301 352 546
450 484 523
220 135 893
345 336 550
407 128 783
47 355 562
14 111 699
273 92 502
6 251 681
112 278 415
142 233 663
410 77 695
132 397 474
270 390 577
444 394 596
11 411 873
40 186 532
398 228 548
82 266 828
413 179 477
156 121 845
96 386 685
276 24 555
274 36 954
371 255 846
427 298 629
324 71 405
109 111 917
498 380 583
40 224 976
460 315 880
147 334 856
16 323 836
275 149 982
84 477 454
302 167 845
3 207 628
140 129 970
480 198 858
442 250 942
361 336 400
187 460 887
72 245 490
494 294 579
147 125 518
241 331 508
69 238 816
496 257 801
108 421 794
454 406 685
381 263 718
86 129 731
483 217 563
490 263 923
41 318 547
207 88 584
128 422 786
389 353 661
415 201 828
468 34 479
241 497 805
333 214 555
146 169 436
30 358 411
480 95 915
433 411 643
270 83 718
276 61 574
499 106 524
53 110 476
91 93 839
109 382 525
495 274 924
329 11 679
376 218 798
459 80 960
307 258 401
128 365 495
182 94 859
89 197 695
434 225 733
244 496 464
326 331 594
255 228 832
202 450 491
193 374 867
291 295 896
422 122 552
1 455 525
367 461 512
345 373 618
34 476 729
215 302 494
81 179 618
437 62 908
225 3 803
81 419 794
320 4 828
96 426 800
353 61 619
399 426 982
225 495 639
8 436 534
422 317 650
244 126 725
164 292 642
219 217 541
47 238 503
172 122 789
174 407 558
396 401 604
259 495 545
17 430 965
113 52 954
261 278 633
73 132 558
239 448 771
425 394 828
479 239 489
220 400 742
472 481 929
432 43 798
404 420 699
314 317 991
60 49 895
161 195 931
18 225 621
74 218 495
349 294 924
255 95 985
166 446 592
132 206 833
223 250 571
160 355 655
104 430 669
113 133 418
391 37 507
265 212 765
406 445 704
14 468 465
455 83 535
225 270 857
98 244 990
208 129 771
99 489 840
424 329 551
244 189 793
199 226 778
93 434 669
409 255 894
441 274 535
411 59 588
34 162 466
321 387 546
188 184 912
332 160 905
79 256 459
411 444 562
142 19 687
43 307 636
358 466 647
178 429 697
165 106 595
253 138 692
290 313 582
103 381 880
485 440 991
82 68 419
87 120 825
414 432 569
54 303 892
128 293 975
483 123 813
347 265 752
102 32 504
343 86 582
3 101 885
432 9 430
24 99 836
90 158 976
21 112 979
191 137 661
280 491 704
191 365 424
230 264 535
297 237 447
366 227 431
204 108 415
401 466 953
66 462 521
396 101 819
371 145 983
37 458 486
74 39 867
204 289 737
470 74 701
258 32 879
451 240 803
221 331 405
334 109 531
151 347 927
369 87 400
214 372 595
424 251 571
25 415 836
13 340 705
84 221 463
124 458 877
318 57 864
378 141 441
317 402 490
391 356 471
17 14 482
52 223 655
474 215 560
383 475 789
56 431 915
149 332 763
75 297 755
330 208 787
442 424 863
360 372 642
391 146 810
176 208 506
264 413 535
260 226 466
216 156 750
179 17 582
254 233 477
254 241 929
435 433 879
310 273 793
369 108 929
158 122 491
117 246 549
269 222 479
207 138 975
64 58 889
311 183 636
355 5 547
50 332 994
137 325 496
209 320 762
217 176 944
375 252 623
489 410 510
38 474 682
486 297 457
469 197 729
291 146 514
443 476 619
437 363 658
441 392 723
295 7 918
92 85 885
347 325 843
163 274 876
217 200 913
146 197 905
236 465 726
192 458 574
456 190 820
45 66 875
194 422 785
202 384 863
43 375 478
43 86 631
100 404 587
68 210 538
123 220 661
237 464 765
128 296 832
387 235 506
202 320 867
214 458 723
351 494 744
357 165 742
64 258 827
396 110 684
235 308 435
336 138 683
401 395 506
497 436 873
63 467 979
250 381 473
1 302 419
37 78 660
423 115 462
82 203 977
232 92 703
466 427 528
147 475 599
431 15 908
123 468 907
339 351 880
256 55 949
495 87 547
479 303 454
282 406 917
303 428 486
411 78 503
366 164 788
249 60 535
17 392 895
284 48 498
237 195 821
39 251 476
72 130 590
72 417 981
437 211 529
151 115 634
472 160 828
19 297 669
272 113 867
356 261 598
5 447 557
182 408 519
172 312 699
289 350 530
406 321 716
305 67 873
43 27 438
331 139 472
147 283 997
113 11 833
338 12 702
254 111 492
440 116 856
412 48 621
331 129 825
54 121 888
143 290 695
178 463 726
130 274 949
47 398 638
305 210 613
431 413 461
105 341 570
219 339 444
474 438 440
74 27 431
10 35 442
26 38 664
319 393 453
241 284 683
245 168 936
483 477 651
114 468 757
63 200 612
417 347 410
421 36 428
145 244 712
156 291 667
30 151 664
465 92 923
338 224 903
419 140 706
413 231 635
132 250 917
122 30 563
315 149 908
301 231 731
34 465 690
11 445 703
16 385 883
88 107 651
387 55 923
431 55 831
56 323 608
209 27 625
299 370 562
267 459 965
276 102 632
73 498 883
114 306 952
44 422 778
366 30 561
230 151 699
264 409 762
324 255 968
395 125 609
379 274 404
243 390 478
264 249 609
155 376 888
284 315 403
75 318 687
32 290 903
265 274 968
48 30 821
390 88 478
155 375 574
403 364 726
135 233 516
4 365 775
301 398 832
428 294 422
109 131 860
451 423 699
317 162 949
138 141 777
169 438 570
271 340 891
253 280 872
467 493 785
500 299 590
88 16 791
44 437 472
303 404 587
167 236 803
493 206 444
473 5 597
349 183 580
305 185 900
122 363 842
132 410 937
150 42 907
82 246 544
310 363 952
58 346 736
203 483 614
160 207 717
301 363 749
307 59 518
424 309 776
133 448 942
397 223 726
44 338 788
3 26 492
84 161 655
436 281 556
122 266 521
134 386 630
47 458 968
88 46 475
458 490 556
213 283 821
434 424 419
421 89 639
475 337 834
173 443 979
120 451 458
361 414 541
311 452 651
348 316 488
15 149 439
326 135 793
195 186 625
80 200 691
10 493 838
432 432 472
487 162 555
426 268 689
231 97 995
453 109 523
161 21 419
342 188 573
475 408 664
169 103 985
413 282 614
165 333 845
315 497 839
246 412 444
472 171 456
456 343 450
271 405 622
409 459 538
242 169 722
367 219 403
268 274 962
67 325 525
95 254 603
10 22 952
54 329 887
334 153 766
110 233 581
85 252 690
277 226 730
458 391 911
389 447 781
253 364 741
40 211 617
434 188 960
404 10 648
18 45 986
210 120 976
279 337 411
91 478 454
66 479 797
177 33 679
194 274 732
350 24 597
440 316 994
284 278 422
260 247 624
145 262 541
143 318 685
341 394 653
190 186 945
418 259 407
475 202 514
191 57 892
229 120 574
334 177 635
432 253 864
149 244 493
335 443 776
424 303 806
225 277 794
280 168 530
216 191 406
204 315 950
470 408 924
492 32 660
383 257 602
401 47 875
292 248 487
453 155 851
489 189 903
354 160 798
427 117 994
29 280 606
200 327 587
135 111 504
200 131 847
120 282 535
225 140 653
56 202 967
226 108 705
354 470 785
255 398 821
241 265 491
379 223 927
369 392 626
152 166 662
478 296 756
65 187 588
177 404 444
367 230 543
101 73 451
40 151 711
198 318 646
277 55 989
97 21 824
130 106 878
336 316 865
116 421 637
464 165 596
468 426 808
261 53 858
286 231 809
126 426 536
80 404 787
217 265 835
447 398 773
67 468 810
236 250 626
161 486 521
200 187 598
283 446 754
118 155 716
66 213 421
462 425 519
291 362 955
400 74 424
353 477 673
11 308 511
90 36 642
258 46 459
390 108 942
191 489 940
208 177 974
157 420 579
9 287 992
296 69 771
165 196 523
122 462 992
242 373 780
287 70 481
96 161 862
287 180 843
465 75 927
227 399 838
330 231 508
489 350 805
82 358 484
146 482 975
120 361 829
327 282 697
132 487 727
328 74 412
318 31 938
71 243 983
445 15 661
267 262 460
371 374 777
295 268 958
164 46 510
173 458 665
262 338 828
24 35 832
402 479 571
451 54 920
150 209 900
245 218 891
40 86 679
333 220 908
92 382 717
12 154 770
456 324 569
40 407 431
156 306 579
115 416 759
402 232 871
161 436 903
408 136 848
120 82 404
159 250 725
287 168 726
388 467 833
334 484 599
48 158 582
101 2 433
167 383 433
288 232 941
259 348 957
344 428 524
353 276 946
264 458 516
127 67 590
447 21 545
287 75 696
276 272 905
151 193 974
299 3 454
222 500 466
202 258 488
35 27 807
28 191 432
368 448 677
80 391 775
301 332 813
116 16 654
61 324 817
74 196 671
253 83 796
67 190 546
263 330 669
211 5 455
491 99 706
460 279 902
400 140 868
402 230 494
165 200 524
361 242 466
138 439 536
181 268 894
214 18 774
443 16 452
23 135 850
190 281 852
473 461 960
500 175 463
168 61 589
420 279 669
85 351 591
369 499 662
44 480 631
317 171 519
168 54 807
360 113 757
124 141 465
119 1 417
248 285 528
75 215 562
476 492 469
447 85 444
1 66 961
53 336 519
44 359 886
378 347 685
277 170 964
464 252 508
362 274 570
304 93 919
85 38 915
110 153 922
21 290 422
210 169 699
14 34 787
256 422 837
272 265 991
485 104 905
67 83 531
500 258 644
281 101 872
69 134 959
160 456 400
182 254 957
361 372 607
481 449 561
486 30 461
310 422 606
211 25 835
43 330 870
166 269 848
173 205 598
323 239 492
52 433 685
170 84 815
454 65 990
303 439 915
190 243 831
34 478 707
270 265 557
488 267 990
265 89 795
341 324 549
212 231 653
44 333 766
340 206 493
292 322 659
294 200 728
39 338 715
470 282 409
338 28 630
276 470 543
487 391 705
469 491 968
30 367 526
451 230 935
235 479 863
145 197 609
458 128 952
338 241 985
455 175 562
109 290 427
53 276 517
240 266 476
251 358 724
486 337 819
69 363 509
422 41 589
290 270 407
454 195 706
424 222 843
334 322 661
208 495 655
486 88 812
291 264 910
444 107 548
409 349 448
443 388 531
11 3 635
354 213 945
483 298 978
199 30 835
299 201 795
184 475 485
149 393 858
62 191 892
375 230 748
454 273 987
482 10 837
124 370 733
330 317 516
342 224 472
246 319 495
453 80 406
483 424 650
28 67 505
341 390 404
359 177 805
393 163 416
453 39 680
364 359 518
354 467 839
359 356 468
423 337 739
247 324 865
219 220 405
131 171 800
188 153 793
250 359 778
386 86 855
36 350 995
372 304 990
95 127 969
92 420 909
486 462 971
401 476 678
7 351 428
125 30 435
102 467 942
260 79 994
298 440 774
445 239 923
246 101 908
365 315 437
290 95 703
103 247 536
250 23 539
225 9 576
232 321 724
443 93 580
280 265 595
143 30 949
76 177 723
224 425 639
236 315 468
152 52 737
413 317 741
259 405 791
116 343 890
390 217 861
86 441 530
184 88 628
125 246 409
82 378 719
90 241 476
129 390 656
382 211 820
167 304 911
452 185 709
449 336 455
94 409 495
185 69 444
460 57 691
51 472 971
164 71 599
233 236 697
358 93 873
310 375 467
18 421 857
412 102 831
497 153 806
171 482 564
194 156 447
296 136 998
225 405 968
261 419 995
315 271 976
340 156 894
85 337 482
468 468 716
334 406 876
147 333 616
500 395 450
1 187 548
318 134 590
498 260 406
104 292 687
375 425 567
129 77 543
404 364 491
271 96 549
163 48 520
352 346 835
406 18 407
264 204 637
496 121 423
500 12 870
170 60 702
288 40 528
351 227 699
47 462 531
294 148 487
46 252 450
50 97 693
411 102 480
398 395 474
43 409 913
450 291 732
299 111 531
437 72 688
26 71 718
485 15 783
197 157 752
473 219 797
111 287 911
497 352 406
415 465 967
309 15 460
71 125 749
285 316 476
2 496 958
197 286 946
102 472 416
183 290 422
15 51 911
474 90 755
64 5 481
146 213 588
453 205 679
123 227 684
437 423 846
57 139 431
115 318 792
492 403 963
436 171 741
89 489 525
147 120 890
500 19 693
87 137 898
76 297 499
0 180 834
437 237 707
38 437 626
29 251 509
72 338 431
394 4 440
334 372 584
392 188 934
157 157 613
380 393 420
125 262 817
179 323 550
31 365 415
312 261 482
259 145 989
387 476 975
475 282 583
419 83 897
490 214 826
52 278 936
458 477 421
308 398 725
239 217 539
481 36 790
234 304 746
222 340 926
55 424 961
454 7 551
354 266 434
42 103 862
104 292 483
458 204 664
471 160 677
244 212 491
319 347 907
499 456 547
197 362 811
442 411 461
461 13 464
95 37 938
348 363 928
321 337 417
185 254 546
203 439 452
266 42 485
361 66 655
258 365 421
55 241 728
170 350 821
24 54 585
145 267 948
239 221 493
449 169 527
143 230 557
441 459 617
382 11 574
394 65 829
158 457 997
184 108 669
205 432 530
329 490 428
267 124 878
286 121 937
203 497 790
245 94 977
470 320 965
23 440 551
150 299 637
272 463 681
332 358 899
234 419 728
250 472 547
293 439 939
314 313 489
306 364 940
175 116 731
188 387 917
146 268 523
348 477 428
264 398 815
408 499 679
50 198 527
13 383 557
405 360 624
300 99 730
403 135 480
370 74 834
92 473 723
326 311 958
141 40 661
196 171 579
128 87 954
133 38 586
121 366 508
248 267 558
426 192 717
36 220 416
33 407 450
396 66 542
239 124 479
308 210 606
457 461 588
254 403 474
438 349 703
56 94 474
201 271 596
373 13 925
490 322 994
220 171 777
428 463 831
170 282 952
175 38 747
101 44 580
399 189 452
4 490 865
211 2 508
250 462 876
88 483 885
118 137 636
315 386 743
201 269 481
225 484 862
80 331 469
79 274 550
36 145 806
177 60 752
46 150 721
42 313 927
293 345 766
34 119 628
319 381 503
350 39 933
403 11 759
25 305 564
342 359 754
110 264 412
42 278 761
199 469 911
436 445 464
289 294 468
325 143 416
380 157 767
235 148 621
324 352 907
407 470 459
160 365 776
35 233 855
75 171 812
164 342 405
305 251 683
446 206 908
369 389 865
206 254 414
411 239 954
115 296 536
309 372 550
194 7 792
265 494 531
364 47 805
13 207 587
281 494 814
174 387 749
233 0 550
472 448 540
407 219 539
67 257 518
163 380 459
134 388 956
41 239 668
86 103 625
318 172 899
359 156 633
79 2 671
455 59 491
413 361 533
76 157 851
396 87 630
423 415 514
209 199 893
4 330 849
377 44 962
103 201 602
57 42 967
458 434 536
1 363 648
349 148 854
380 410 642
484 417 424
209 460 756
311 46 685
303 67 984
272 10 845
17 454 464
376 270 604
426 426 739
366 460 963
232 130 864
215 127 925
186 208 443
143 447 725
375 60 703
329 422 831
246 175 951
166 183 676
420 405 506
103 345 709
17 420 975
482 417 892
79 499 666
370 428 502
153 455 835
163 74 738
347 192 699
246 221 452
301 66 465
108 427 670
486 101 539
211 216 703
160 482 773
77 113 476
326 202 924
369 450 840
284 425 891
377 345 745
440 209 518
288 333 979
82 89 575
80 34 531
30 313 853
241 30 675
183 174 990
434 398 850
159 20 775
223 330 514
98 208 707
10 32 958
117 235 981
235 30 759
485 311 935
232 254 636
259 85 808
27 255 709
469 328 547
408 146 773
423 149 490
290 273 556
44 436 745
386 476 942
37 221 805
209 489 498
191 346 590
124 300 725
20 106 739
437 296 899
468 167 969
312 303 891
279 140 427
306 445 711
313 119 883
122 412 918
386 143 667
154 314 600
483 205 503
243 462 790
402 50 465
334 302 976
293 170 548
499 317 716
150 3 702
157 151 577
255 370 468
252 81 665
10 292 826
466 438 925
429 465 834
25 331 996
7 18 621
395 2 770
209 494 691
473 176 467
68 226 948
325 80 982
496 400 553
456 438 672
134 322 736
481 497 703
342 173 400
101 294 528
193 295 577
118 107 779
290 96 663
421 480 789
161 219 407
4 96 993
103 185 406
344 305 542
126 284 846
133 294 579
30 55 545
107 327 607
77 469 577
403 384 706
49 27 892
193 146 889
232 467 553
329 174 488
206 386 554
275 180 916
216 153 927
350 336 828
319 251 738
55 152 571
158 408 667
45 396 822
348 216 737
292 438 979
11 61 425
245 123 590
200 100 751
107 240 436
451 149 837
43 93 484
65 248 747
104 128 752
407 71 719
492 294 691
441 1 529
313 372 458
474 380 989
28 474 978
381 267 702
353 355 893
256 80 672
210 106 866
89 155 529
75 272 550
79 407 543
131 31 510
325 495 647
276 225 987
53 15 454
341 336 706
347 253 999
337 18 749
129 317 516
156 485 537
339 387 873
408 248 483
37 347 565
216 111 695
155 247 913
95 233 452
451 279 490
392 318 646
364 147 469
354 144 406
412 64 757
251 495 446
38 243 473
481 335 836
362 301 576
183 139 951
30 356 994
188 169 819
54 309 703
151 350 528
1 442 962
124 295 797
210 56 788
89 159 879
115 71 840
257 147 808
438 235 648
10 87 479
102 384 926
440 138 825
204 357 712
97 249 578
39 295 434
492 76 680
19 499 702
385 465 498
63 291 768
73 195 931
172 228 645
38 224 472
45 50 749
169 0 681
375 203 824
196 393 798
477 470 897
343 87 971
299 227 927
68 249 555
193 193 451
1 101 569
394 460 818
192 135 575
131 471 914
126 45 713
136 318 505
385 360 453
247 82 580
453 464 957
396 365 498
72 241 772
128 311 753
215 500 576
212 97 440
354 75 527
286 54 786
226 210 455
446 307 977
80 211 815
152 93 705
365 412 478
225 482 556
439 71 669
418 159 404
241 118 459
113 487 552
109 165 998
413 353 700
326 307 886
321 134 826
71 338 865
153 349 750
18 42 625
390 199 895
315 308 730
337 89 841
389 399 906
82 406 643
478 175 833
331 297 748
165 454 889
50 8 895
225 337 681
391 380 555
12 103 834
236 390 562
305 346 657
106 353 580
193 428 811
500 167 762
451 407 894
48 128 678
460 90 655
215 291 623
68 219 581
119 59 710
446 14 897
146 158 821
446 3 959
193 264 958
257 28 503
453 393 721
279 309 626
387 27 764
466 266 818
494 485 741
411 160 745
326 4 977
179 489 807
338 178 835
392 137 909
8 337 456
385 156 748
363 125 450
39 256 428
384 175 961
27 17 487
428 321 704
406 241 435
56 108 597
109 148 707
298 487 994
103 149 423
169 151 572
410 213 428
412 290 612
276 99 881
300 139 726
71 177 590
403 280 492
426 216 912
173 431 670
490 301 432
307 451 680
274 222 802
150 288 912
484 348 616
69 414 405
229 51 706
5 378 829
489 418 430
353 411 661
415 481 724
348 309 874
146 147 880
348 24 661
407 243 704
325 118 972
33 175 738
93 54 700
163 222 861
172 134 944
310 293 445
312 467 425
466 325 409
294 285 676
340 51 608
288 421 629
27 385 845
83 281 552
189 399 927
365 378 433
311 85 450
258 45 647
218 292 969
83 401 485
375 124 971
294 321 831
140 229 824
89 441 544
337 415 691
387 314 814
333 429 815
435 476 880
178 161 459
299 458 624
320 371 540
63 59 475
295 423 506
5 438 487
241 461 515
83 3 760
394 404 582
396 139 984
82 461 534
139 285 583
226 17 763
138 372 424
16 258 742
328 63 855
285 164 444
413 298 651
286 23 663
234 401 431
175 312 411
42 255 766
32 388 843
18 168 453
65 322 646
431 185 657
385 40 605
357 59 540
301 175 726
351 231 942
349 318 543
367 292 968
270 275 611
312 165 621
203 123 870
137 304 416
75 88 423
383 436 532
95 66 750
293 272 416
413 162 895
364 447 730
68 327 525
79 399 712
37 67 639
79 353 464
282 412 596
380 467 465
160 235 437
157 191 405
437 61 888
383 332 991
174 61 570
467 441 618
299 468 855
131 204 441
62 361 971
59 46 509
445 486 879
243 443 971
60 94 752
406 476 912
304 391 875
391 109 479
7 84 896
267 308 558
200 161 627
166 243 571
374 315 434
498 498 608
197 448 689
226 137 924
192 410 843
6 326 708
464 364 446
490 474 466
210 494 697
83 62 497
463 74 649
322 157 761
485 423 506
301 10 931
275 282 733
365 148 750
144 180 929
494 499 578
10 175 567
228 385 406
28 488 692
160 322 569
348 122 932
462 173 725
288 73 948
200 393 506
404 216 734
413 417 653
143 137 994
270 39 525
429 198 644
377 219 696
363 4 818
48 452 721
61 104 702
222 424 941
171 286 600
272 151 964
431 372 996
454 165 419
222 236 531
62 320 666
255 220 994
383 39 991
169 487 709
77 297 771
1 159 545
322 316 529
258 75 572
110 232 929
276 78 824
360 297 596
176 495 879
422 369 648
160 457 955
230 155 514
164 178 964
222 177 951
222 239 899
226 223 657
168 371 892
176 360 877
368 161 890
479 238 979
417 7 500
97 165 560
469 298 805
424 226 648
86 180 826
39 499 549
201 289 400
50 122 598
149 66 996
377 341 456
27 448 765
63 184 896
162 390 887
100 38 981
38 171 818
332 212 488
219 156 619
460 239 534
14 152 488
418 378 821
481 389 697
476 62 934
279 199 642
467 466 607
30 472 724
301 265 422
365 476 599
473 274 531
474 113 684
253 242 493
261 22 587
279 73 923
294 404 696
73 243 583
167 156 906
363 362 764
233 179 703
82 333 658
38 103 464
312 148 870
164 338 512
198 311 737
93 451 541
368 299 899
408 101 853
22 124 652
85 56 943
474 404 778
483 453 622
425 159 833
25 107 687
191 135 701
381 75 592
293 256 747
416 455 685
291 234 877
302 101 418
86 472 453
257 251 979
209 192 952
267 455 430
417 390 533
444 493 401
81 185 965
121 263 430
129 132 742
257 346 849
384 314 583
360 69 764
201 260 431
51 215 962
194 404 640
278 323 861
25 449 578
322 264 966
382 278 977
91 309 883
303 302 532
407 215 756
168 141 791
21 440 789
292 240 823
397 125 684
440 266 740
54 87 847
463 255 511
489 370 760
414 257 485
417 422 861
438 459 940
450 1 471
382 458 850
424 255 478
412 267 826
248 19 503
349 391 906
476 317 684
78 17 808
163 409 724
355 467 783
398 112 778
448 353 895
85 358 832
150 156 679
220 215 669
400 232 413
352 260 841
4 33 971
315 129 434
37 188 760
136 472 474
23 301 991
474 375 687
195 122 807
270 171 578
209 437 401
88 496 925
348 387 404
188 210 674
438 467 580
238 163 847
163 462 442
391 7 677
281 105 686
0 292 544
156 395 779
239 427 542
339 15 679
99 82 661
183 122 587
449 91 481
413 294 839
416 35 486
352 170 796
54 245 777
378 353 805
383 468 958
154 270 541
296 372 563
183 141 531
141 123 528
420 453 684
111 386 571
197 410 516
270 63 894
250 401 982
321 60 921
377 298 759
457 322 435
380 130 420
242 493 438
322 403 440
204 254 860
361 131 981
51 351 583
238 74 644
131 332 795
351 31 819
111 10 440
57 373 776
155 237 583
71 180 694
431 37 688
450 236 411
331 123 945
49 223 752
451 288 776
472 88 959
165 451 883
299 455 602
124 108 880
186 339 416
189 268 985
238 376 694
240 259 577
281 356 545
318 40 979
351 338 861
352 177 640
10 149 695
210 160 840
256 154 819
466 271 636
261 120 549
105 36 536
177 445 731
392 229 477
159 117 964
104 481 446
131 78 521
164 17 606
330 291 549
253 140 625
49 363 961
237 94 518
429 235 479
139 227 517
55 86 971
306 96 452
202 208 904
126 364 858
98 490 520
161 346 621
170 252 566
240 106 918
70 169 432
126 28 692
417 366 609
305 474 503
59 252 839
334 356 542
160 282 738
33 474 583
339 326 450
409 67 757
142 44 446
453 434 752
313 177 779
236 481 780
360 45 715
439 245 996
236 64 619
60 408 944
83 62 483
106 133 725
313 343 520
207 25 580
275 250 889
374 245 820
178 366 453
127 28 631
263 348 407
71 238 565
192 365 865
247 248 730
123 347 658
379 288 782
446 385 957
4 149 702
109 418 885
0 285 999
262 493 491
44 77 411
326 39 859
425 314 548
100 317 980
301 368 898
356 54 697
439 493 892
79 195 443
415 66 517
70 471 993
92 281 886
359 275 572
181 318 813
448 299 555
427 26 963
329 225 883
116 467 983
181 319 474
493 483 804
176 412 638
486 86 637
486 187 893
19 205 474
248 447 824
431 34 991
431 185 807
136 202 724
16 125 666
281 361 572
165 143 961
64 138 986
217 9 978
437 48 855
212 240 800
141 363 491
63 1 610
237 272 713
427 403 478
388 435 552
292 89 860
479 269 644
117 483 928
459 313 868
486 388 869
435 421 957
298 352 721
167 294 404
359 497 446
111 260 443
400 313 889
206 359 430
79 466 478
149 499 900
411 5 402
43 213 802
263 22 938
290 347 467
393 229 656
452 424 514
482 188 760
77 283 610
128 313 559
268 29 432
488 150 776
148 135 768
293 122 867
88 104 943
348 166 681
388 395 524
347 314 802
4 6 819
110 119 930
340 193 984
486 331 489
442 168 686
70 313 954
454 55 668
10 342 991
286 440 942
378 358 608
344 85 897
385 28 403
303 78 790
122 288 436
138 163 486
428 171 855
320 494 676
291 23 796
242 434 652
185 151 771
312 315 522
284 209 473
55 281 755
415 157 773
106 126 772
208 159 928
101 35 910
223 414 796
242 223 580
403 359 400
183 45 556
277 21 667
465 0 573
249 355 886
23 269 480
83 477 446
290 5 507
58 311 967
299 1 879
198 234 602
350 299 602
439 200 559
469 361 538
398 426 511
407 123 454
265 362 830
286 444 991
21 235 747
142 134 439
242 108 587
64 277 675
98 456 467
257 361 424
208 72 597
407 144 424
138 89 811
15 90 496
496 165 539
101 41 867
48 435 524
199 97 753
382 494 744
462 178 462
282 468 769
463 162 763
95 372 477
125 369 686
110 63 805
161 1 756
25 78 754
125 38 865
424 87 596
63 492 883
386 108 429
430 429 882
28 411 945
285 328 771
352 235 598
279 417 725
212 308 433
338 132 457
415 354 715
337 0 729
262 167 854
81 345 676
426 137 891
434 227 903
274 112 794
21 23 496
479 292 818
380 159 732
155 373 506
234 396 588
149 144 771
240 127 604
181 370 647
344 189 814
485 362 570
357 46 772
78 118 557
280 132 551
318 435 924
271 276 486
6 336 429
326 154 629
18 271 830
85 102 812
22 426 867
144 200 476
458 335 675
423 301 976
115 49 767
132 48 728
394 469 629
244 144 903
321 149 462
368 147 666
14 239 644
456 166 709
252 139 466
417 55 580
15 254 675
308 191 751
168 223 477
460 353 840
10 452 608
348 488 966
296 339 629
120 357 734
365 99 580
136 285 655
263 270 502
328 98 535
276 124 777
366 36 961
363 167 903
109 217 671
485 293 800
167 3 683
381 316 654
158 398 506
354 53 478
319 320 908
474 495 941
15 422 627
466 87 546
251 265 846
245 440 795
412 339 615
470 98 492
418 164 978
284 105 725
55 377 434
97 162 562
269 203 456
177 55 825
467 53 548
144 422 607
429 369 537
284 479 675
311 415 640
443 392 626
429 87 642
62 241 617
343 382 935
475 78 730
26 118 561
110 23 875
435 156 786
487 279 816
96 32 561
40 79 840
331 467 528
487 150 723
465 307 744
88 302 632
422 23 984
246 156 516
391 471 592
337 426 414
216 265 778
15 376 701
219 274 623
418 332 828
147 135 676
10 97 554
234 171 934
499 86 803
108 35 794
46 121 992
352 445 894
269 481 624
197 65 680
49 363 935
289 399 515
491 102 499
103 347 407
477 468 690
283 405 961
427 64 588
229 396 652
329 220 821
33 21 857
427 144 402
152 474 579
375 254 514
257 1 904
80 227 524
10 265 505
46 430 502
469 65 618
42 315 824
440 430 806
60 474 412
496 232 662
334 238 747
202 137 911
164 296 490
63 77 817
182 378 812
491 437 538
132 81 565
55 477 781
233 176 626
381 209 488
52 406 651
309 344 540
377 116 499
37 84 614
140 284 844
131 345 798
431 326 798
238 233 743
497 123 734
116 106 534
154 89 400
417 202 971
187 330 858
127 133 481
315 77 413
353 423 635
221 173 531
255 226 791
137 200 794
345 278 592
71 297 864
205 145 410
101 85 481
376 375 847
32 57 868
189 312 992
121 131 623
21 124 957
142 47 627
40 449 444
395 327 963
307 311 667
218 287 403
334 491 771
150 400 666
63 179 905
146 422 545
301 26 802
170 362 952
151 257 926
54 477 937
8 265 998
329 357 713
194 312 546
424 354 630
281 10 535
140 381 931
425 125 702
231 125 999
142 132 939
151 415 623
99 94 984
431 48 994
463 228 424
258 234 534
37 263 831
177 351 402
197 289 692
397 194 847
399 359 939
164 274 986
142 398 921
493 194 615
461 136 938
383 63 719
112 464 745
61 217 973
199 244 638
305 125 714
326 105 654
313 409 615
335 391 441
237 119 409
223 373 602
427 58 613
358 227 561
240 388 883
267 105 817
88 438 929
232 23 794
235 382 719
463 167 582
128 207 790
440 124 991
78 55 984
428 63 910
456 406 660
485 147 714
112 86 745
413 169 576
208 378 878
388 381 567
349 14 833
119 286 839
30 114 494
95 170 804
481 305 886
443 57 668
413 492 887
282 133 960
33 85 733
11 162 956
485 62 725
168 54 886
375 243 473
66 119 519
226 419 622
151 107 912
412 268 477
295 82 497
261 324 576
415 421 402
474 394 723
140 315 730
0 51 744
388 220 760
266 286 665
437 320 869
174 364 450
363 354 821
140 167 827
122 159 606
450 280 572
239 279 631
365 63 709
184 476 645
70 419 540
211 357 571
325 137 995
212 385 767
441 490 965
81 64 818
445 497 634
107 60 761
23 297 734
43 367 613
495 377 826
367 35 815
408 212 565
10 206 957
453 358 622
22 349 904
235 489 802
84 268 554
205 335 905
419 451 595
132 297 979
179 351 825
37 397 464
361 185 564
247 204 871
174 476 623
228 423 636
365 184 674
438 434 647
65 289 448
224 63 704
215 258 828
68 323 908
136 14 647
305 254 738
394 356 815
280 499 839
229 183 720
27 25 732
399 443 963
315 31 403
190 443 834
287 478 897
263 1 798
476 100 647
320 281 546
365 484 829
484 182 980
230 1 840
242 158 437
290 345 658
450 47 575
265 65 753
74 198 698
297 328 406
75 93 692
236 257 523
124 9 495
68 465 505
409 301 884
455 81 764
73 77 784
213 147 565
221 309 493
357 382 978
252 377 689
146 450 808
237 229 524
126 69 579
456 458 594
235 284 715
414 350 426
450 274 594
220 136 948
254 77 893
353 336 860
420 267 545
470 29 454
47 120 903
154 29 680
43 135 475
484 188 748
293 128 803
493 48 875
381 210 785
94 298 983
447 315 445
115 414 569
139 141 811
9 484 899
242 79 842
198 241 910
189 60 990
63 435 770
492 1 941
482 73 510
24 196 819
3 191 938
205 18 814
129 372 962
17 243 537
8 209 539
411 134 887
369 491 779
296 52 424
461 357 594
13 149 425
420 273 410
236 22 554
400 13 624
498 277 981
290 297 727
489 425 795
376 278 630
257 368 592
116 188 423
276 96 891
38 417 694
354 229 462
451 121 993
298 234 975
3 237 957
90 449 982
452 428 830
150 373 413
108 31 404
356 139 828
335 178 665
330 256 930
171 387 835
149 104 959
343 56 950
209 37 941
178 275 839
217 222 681
380 307 921
447 325 672
83 445 799
493 195 790
296 208 737
341 151 545
470 165 913
148 19 502
241 105 583
358 361 822
306 142 731
193 300 885
242 255 1000
339 165 904
477 484 778
69 413 426
367 130 965
111 452 416
224 180 878
315 398 441
100 82 704
482 174 870
100 412 519
384 347 841
196 392 799
441 148 469
120 440 989
460 371 853
128 66 489
294 286 535
270 20 749
20 271 466
191 345 605
74 95 523
66 474 743
59 24 556
338 65 484
155 316 581
498 120 706
165 222 626
76 147 672
83 461 816
345 279 427
223 31 745
31 223 568
379 299 506
294 202 559
399 450 699
133 104 625
424 233 732
31 288 720
226 20 607
221 498 498
201 127 931
146 456 482
73 272 749
150 154 517
32 398 660
221 180 693
382 41 599
199 345 922
76 297 574
27 389 430
451 366 671
300 245 463
282 301 603
381 157 511
453 273 472
467 496 953
311 244 1000
82 374 842
396 359 910
62 8 936
417 272 403
78 109 933
170 351 739
222 266 694
100 212 946
93 284 410
138 286 637
142 406 490
249 127 669
406 255 716
198 366 923
310 319 853
428 309 428
331 313 794
39 21 727
88 197 642
258 150 711
78 104 763
497 436 662
105 423 977
12 19 934
443 6 660
30 343 911
179 379 822
377 262 414
34 265 437
389 238 779
185 162 977
23 189 601
96 67 988
230 243 824
387 390 949
425 390 915
12 209 744
43 349 967
405 21 814
490 32 635
383 466 968
202 107 439
206 3 562
322 228 522
291 86 799
457 338 982
348 257 548
138 199 948
191 154 495
376 194 558
55 31 696
96 238 554
250 477 581
246 366 767
180 187 752
350 462 607
284 379 621
109 414 643
227 33 402
135 103 427
92 313 659
206 131 419
51 479 796
14 44 824
450 49 857
158 343 981
493 150 738
332 350 487
488 359 985
45 450 971
374 334 575
179 100 966
10 195 834
158 25 920
487 400 920
268 18 999
279 166 512
439 464 581
390 114 620
481 340 704
182 222 531
453 465 691
22 453 752
142 267 508
237 219 827
349 215 640
418 362 823
221 230 914
352 220 484
370 372 897
288 441 832
417 474 886
376 411 875
200 365 651
131 22 878
487 21 858
363 108 743
65 488 591
166 155 816
134 231 586
68 23 745
488 362 719
389 355 703
150 168 619
122 128 870
258 471 817
96 144 474
219 30 846
4 348 426
376 428 861
339 104 640
128 79 511
122 338 614
151 226 786
339 289 708
337 285 758
320 261 462
152 263 611
338 103 661
408 355 953
384 438 769
361 258 527
157 365 560
360 99 654
389 256 973
234 500 719
142 275 729
359 235 558
300 198 861
425 444 424
83 234 566
79 441 535
115 319 803
259 226 673
133 379 416
121 251 524
243 168 984
327 45 753
382 46 490
36 63 523
404 371 797
293 480 573
199 477 808
217 296 808
185 290 591
114 486 958
323 480 612
239 291 590
291 38 645
333 391 482
8 412 465
125 379 835
418 282 995
459 267 716
25 480 825
18 350 712
197 103 688
132 67 537
294 376 608
403 182 745
317 235 971
89 170 533
236 221 504
413 302 570
150 436 443
500 252 560
287 308 702
44 474 667
84 63 719
405 366 611
159 140 546
128 285 822
438 230 622
66 349 672
84 279 588
189 235 437
293 237 850
312 198 997
459 319 635
207 113 631
443 42 669
216 185 473
155 106 988
389 474 768
396 207 734
289 494 834
15 14 763
311 211 779
66 44 717
154 221 583
226 90 784
403 110 828
163 167 420
9 435 474
260 232 514
329 232 874
443 318 572
180 234 859
33 177 672
47 60 543
121 143 472
242 440 561
256 494 860
19 32 685
91 424 743
19 286 751
111 444 574
316 49 909
86 54 852
241 312 639
291 214 447
446 203 605
220 260 643
168 88 516
412 190 635
108 188 864
62 163 911
222 303 897
53 232 904
254 76 430
477 82 614
389 100 567
200 277 634
349 454 552
187 136 461
176 274 718
127 474 982
139 289 980
155 118 601
418 127 868
382 273 923
270 292 739
182 423 847
372 337 504
431 39 829
350 282 545
103 204 728
352 382 997
131 439 430
182 459 657
186 23 884
286 128 856
423 36 616
419 51 969
368 5 704
484 275 734
395 428 925
351 377 805
197 378 866
320 483 554
74 89 602
115 374 705
439 267 549
192 70 512
90 241 989
404 207 526
392 47 941
131 68 562
168 33 987
428 89 572
23 181 669
326 296 504
304 406 629
269 352 879
300 270 667
369 178 644
477 70 853
218 111 912
483 350 870
407 87 794
217 472 464
4 120 569
330 276 614
381 274 758
296 86 447
100 349 772
317 170 977
15 7 528
450 405 646
297 318 409
425 380 902
413 212 752
296 194 940
218 340 549
87 486 631
305 150 974
128 163 904
92 262 641
272 172 968
39 352 750
197 185 661
340 370 784
470 212 962
94 292 799
392 335 670
263 258 406
161 241 529
288 79 928
98 420 933
162 394 566
66 282 555
115 124 719
203 486 859
333 346 425
331 304 823
342 246 417
149 239 682
383 157 598
375 435 682
20 4 785
137 65 401
100 490 779
21 329 630
165 17 843
238 17 926
300 139 959
468 45 710
426 468 829
109 260 958
82 452 975
148 372 947
75 330 757
88 316 563
238 494 496
67 247 782
474 306 912
472 278 813
167 110 703
300 187 696
33 201 716
255 327 752
208 241 729
67 364 801
290 167 865
84 202 822
298 174 746
189 398 523
190 204 673
211 163 539
333 422 751
456 448 878
139 90 476
215 273 538
328 288 801
60 470 889
240 94 952
59 463 595
448 47 629
144 330 779
21 486 851
231 12 413
18 496 710
410 412 746
132 203 563
386 62 694
44 246 492
283 14 710
454 407 617
322 455 784
372 122 467
263 175 693
437 97 832
265 369 437
289 251 806
186 47 779
66 211 543
254 64 885
304 14 715
325 295 941
117 157 785
254 356 821
339 346 440
333 382 769
404 357 992
166 100 759
44 181 506
57 268 566
111 28 931
144 229 720
149 210 654
221 272 794
404 66 899
344 173 474
315 68 757
339 73 542
453 101 931
278 58 756
113 199 476
436 246 682
442 491 860
136 238 442
332 281 987
120 334 786
108 466 731
107 304 542
411 273 708
325 296 533
379 340 686
438 353 596
346 67 477
158 37 478
403 479 479
152 52 653
302 361 703
22 211 423
208 240 570
498 449 716
46 225 873
458 221 526
176 104 627
366 334 966
432 59 811
80 21 790
86 321 696
322 320 667
141 84 815
419 262 863
305 132 933
362 486 783
304 274 699
72 58 935
3 36 423
347 440 620
282 485 973
61 152 587
135 50 791
151 401 771
14 492 492
303 343 858
196 234 707
389 22 692
180 320 950
312 101 997
373 137 605
253 458 818
182 354 684
328 3 573
403 435 726
142 47 943
144 93 678
105 387 479
302 418 931
500 155 532
117 497 731
156 206 880
190 354 944
303 438 666
18 268 538
30 326 590
157 145 979
292 483 737
339 452 927
7 420 730
424 419 688
35 185 586
416 27 897
107 358 675
279 22 779
418 314 570
288 406 567
461 82 417
272 373 955
12 347 406
323 335 507
284 53 791
436 368 751
462 264 687
273 229 629
179 208 591
411 405 806
335 22 958
37 141 812
12 141 424
273 99 520
224 329 490
303 9 590
194 278 950
384 212 667
103 3 885
424 170 844
239 190 557
29 127 699
304 408 766
80 408 809
410 323 782
367 433 985
142 14 962
481 111 741
20 199 637
50 416 993
500 386 477
162 325 451
432 446 658
487 365 454
422 441 611
129 390 450
218 334 852
213 281 472
360 240 724
293 226 829
384 381 473
125 26 522
395 309 740
282 262 682
186 187 605
164 441 547
199 325 772
451 311 924
360 378 714
49 223 703
204 495 503
106 289 419
68 440 851
481 100 962
174 471 424
161 76 510
385 195 550
155 70 878
298 470 518
352 330 680
97 276 793
437 54 836
290 29 525
497 108 974
484 194 854
20 207 422
88 129 856
23 182 998
0 11 690
60 101 870
483 301 868
137 5 885
430 201 440
298 327 885
404 184 463
152 94 871
240 315 691
177 212 968
208 438 668
354 105 574
89 239 699
304 47 548
321 65 754
4 187 480
173 201 770
237 381 493
15 276 787
442 63 770
470 60 594
24 341 531
456 420 525
270 195 768
1 355 854
183 324 916
342 10 441
3 206 594
406 3 774
262 452 563
143 214 433
255 298 951
482 359 664
349 469 545
236 38 421
437 220 578
474 373 907
399 165 524
212 18 993
166 308 603
372 120 620
472 259 919
482 327 598
447 202 454
357 467 622
456 352 791
248 337 664
477 352 574
171 142 651
300 266 989
375 383 881
307 255 683
409 169 531
457 11 402
90 382 528
261 156 803
348 121 910
147 54 497
492 266 805
120 116 641
469 484 473
432 176 485
388 75 624
42 46 950
58 312 490
260 47 432
490 381 899
407 216 963
237 60 733
455 327 417
462 269 771
333 130 884
319 305 940
299 109 755
415 12 427
394 384 643
377 117 979
94 6 747
289 3 458
63 387 579
144 30 676
391 408 448
83 441 830
14 57 821
187 168 444
425 312 799
105 428 590
55 82 735
374 469 504
91 155 776
11 440 952
223 366 981
411 35 976
472 457 972
155 312 525
193 457 566
88 329 507
23 148 489
497 324 963
372 245 752
416 459 866
370 319 648
124 357 731
373 252 703
425 377 853
6 56 931
113 440 862
180 25 482
343 423 714
182 87 768
5 207 664
381 103 696
490 243 469
420 440 898
229 28 765
192 271 411
369 368 812
20 312 725
211 494 467
132 176 604
142 278 541
106 450 547
96 460 887
122 279 595
120 365 868
191 56 602
176 345 594
53 32 965
109 53 425
224 71 725
371 57 980
292 211 998
48 208 552
198 108 875
264 342 626
467 407 531
81 401 755
251 388 743
47 283 887
50 284 601
29 439 933
113 205 578
132 32 646
178 129 506
416 137 839
411 65 962
255 41 758
256 355 538
302 446 901
137 65 972
350 490 679
405 382 739
28 200 410
286 72 526
382 489 740
42 354 784
466 412 848
332 96 437
115 467 820
32 349 741
26 401 862
361 496 801
185 14 413
206 415 734
36 368 818
145 443 718
456 499 819
393 370 880
33 485 896
111 109 558
105 443 759
449 331 723
500 465 561
444 466 712
40 23 463
148 160 732
499 155 879
499 414 957
298 4 774
184 120 765
250 112 580
413 146 898
51 489 816
424 461 966
144 321 442
179 122 584
384 223 462
387 359 900
282 272 462
364 88 919
287 72 915
204 324 904
168 265 748
214 451 758
177 349 407
220 183 821
145 480 788
129 176 737
361 479 517
299 149 732
160 67 640
242 423 739
375 265 755
112 418 965
394 40 755
441 403 435
59 419 490
459 268 986
20 72 595
241 129 900
479 171 761
401 315 631
47 103 493
387 403 893
290 397 584
463 186 876
37 444 862
106 481 799
75 472 862
230 377 529
379 386 589
212 251 483
92 276 607
350 268 636
194 163 731
232 350 789
235 227 464
497 62 924
114 434 817
486 285 538
485 462 884
50 208 528
155 62 607
166 185 583
301 272 806
302 343 615
307 261 874
318 122 991
416 204 891
204 283 797
203 410 515
350 285 590
196 364 409
380 180 940
450 387 820
482 124 666
456 204 512
305 29 742
409 86 578
158 219 684
142 94 860
188 185 995
389 192 406
170 158 459
234 29 595
372 211 873
450 471 844
234 252 480
400 61 506
300 142 834
266 491 687
296 286 930
95 146 528
480 269 625
451 109 498
323 119 556
359 8 485
305 7 860
353 400 553
365 49 680
247 150 689
252 310 954
389 226 846
27 195 945
470 110 518
117 312 806
459 170 721
425 204 609
246 258 562
277 409 738
182 372 458
193 317 402
248 5 614
42 339 976
491 125 611
48 261 848
184 341 655
431 5 734
379 278 766
343 479 423
456 304 599
458 321 889
163 408 598
147 468 997
179 468 991
259 123 427
446 24 404
237 177 704
366 288 884
143 270 610
483 290 963
240 72 706
17 178 578
206 358 789
353 427 478
163 222 750
328 443 616
119 471 478
264 7 541
140 374 456
110 152 664
436 220 931
262 111 642
427 399 951
148 91 487
74 170 867
148 55 802
246 211 605
452 230 725
15 50 907
487 404 481
368 63 939
294 369 626
439 419 664
254 199 856
441 102 835
429 82 468
74 134 438
90 493 538
111 326 539
364 490 849
147 425 759
348 236 722
13 367 569
461 421 686
60 120 509
207 302 786
97 242 763
121 471 765
163 499 898
266 5 468
202 252 628
215 313 756
430 239 713
37 469 656
122 447 505
207 109 422
423 412 877
238 183 538
370 470 855
65 484 687
196 360 675
215 173 591
240 174 811
53 50 852
189 0 501
495 41 880
9 170 557
239 95 992
488 181 914
370 173 749
131 481 451
238 39 711
422 49 461
82 472 720
94 458 477
353 172 614
489 136 629
147 451 670
272 307 824
197 455 944
69 392 613
330 28 672
15 334 988
500 228 579
0 170 649
109 5 688
14 266 405
70 296 893
50 379 692
307 337 864
6 350 499
445 354 976
253 91 557
347 448 824
252 228 461
469 357 448
158 94 791
286 293 455
75 175 601
436 431 662
104 231 587
325 42 923
7 273 925
201 43 429
75 441 879
282 33 712
499 141 940
65 182 432
51 276 863
92 290 549
367 292 826
166 257 670
160 43 744
167 71 597
3 0 768
216 37 959
348 283 798
436 393 679
372 131 992
410 189 844
91 58 419
134 120 429
315 117 464
432 352 970
447 67 852
419 396 625
286 496 868
466 311 455
252 437 730
156 251 490
476 352 472
230 335 558
352 261 684
386 485 929
3 496 831
290 191 983
93 90 722
437 399 727
436 494 574
44 137 969
372 183 977
8 436 928
266 108 678
297 297 699
193 149 402
285 450 573
474 172 933
451 287 514
138 216 642
188 282 569
234 192 643
242 437 929
142 222 986
58 98 843
37 225 444
72 4 738
338 379 888
421 418 980
453 149 769
309 51 477
470 176 466
205 288 640
165 260 899
234 114 540
5 4 971
289 425 822
366 186 881
475 121 982
37 358 949
355 20 421
238 224 935
339 319 932
473 465 453
180 382 523
282 252 996
80 27 987
64 323 918
177 69 775
467 357 525
219 348 932
1 105 602
392 348 622
164 346 955
184 428 735
130 370 486
435 366 991
248 413 479
206 201 619
469 486 995
370 436 996
391 303 969
265 2 835
77 193 516
457 147 455
184 89 811
118 487 630
153 120 651
20 392 580
478 34 465
303 449 634
357 179 913
424 385 849
97 251 718
393 381 410
174 265 847
330 401 690
225 211 413
12 476 518
371 205 984
424 153 871
351 415 465
101 89 687
363 90 927
443 236 473
370 475 710
21 368 862
480 340 420
258 1 563
95 328 418
488 324 784
32 156 589
40 197 798
129 403 436
195 358 592
59 135 407
59 176 796
448 122 909
405 265 918
248 93 636
398 414 688
219 383 759
291 399 441
7 177 902
58 202 894
325 182 926
470 356 516
148 109 556
204 292 738
365 172 896
73 498 721
266 432 549
439 166 582
26 495 537
243 264 607
445 110 728
485 216 530
141 51 932
124 44 609
324 268 807
314 317 490
154 199 622
33 427 637
477 394 913
373 441 481
243 415 752
357 484 764
379 259 522
348 468 829
371 62 562
469 493 686
351 393 775
256 183 532
474 422 973
146 349 659
350 208 803
29 123 852
109 482 532
18 362 844
11 171 903
249 189 602
434 128 748
34 189 719
64 494 430
242 91 800
37 69 794
142 185 859
182 30 981
219 377 835
414 107 443
257 350 652
150 414 607
184 409 597
85 172 911
292 19 813
332 353 607
172 241 530
30 492 448
353 347 416
453 486 858
279 499 444
438 313 987
378 326 894
461 120 852
141 183 517
164 62 733
188 468 869
271 253 553
455 224 974
268 309 426
304 98 986
64 359 807
457 61 535
246 441 689
43 352 984
294 165 543
479 321 506
23 5 889
234 241 947
289 213 884
120 422 901
296 32 917
325 300 966
340 447 578
484 357 839
355 498 901
275 139 426
347 391 536
217 476 614
145 404 983
318 109 778
85 145 741
429 3 804
330 213 797
173 105 589
44 351 555
94 24 558
392 259 842
184 103 920
310 463 720
31 248 733
193 264 798
207 103 803
131 189 444
166 417 727
368 388 591
135 329 715
262 236 748
489 491 939
374 419 435
311 155 965
461 35 479
319 483 847
475 198 934
27 146 941
219 91 494
397 235 584
354 198 926
480 223 538
154 209 690
304 296 456
381 302 712
9 282 513
249 378 540
76 351 959
28 113 812
229 204 512
287 141 683
69 361 742
454 290 586
148 318 883
317 348 831
487 156 419
441 183 834
50 218 874
303 88 974
381 76 925
145 329 804
203 370 759
453 469 466
362 249 728
156 327 821
224 441 658
450 496 690
462 316 813
322 490 961
220 9 686
409 331 960
46 7 866
322 57 601
347 360 984
426 142 586
390 163 683
238 53 508
431 395 868
408 363 477
67 47 846
205 297 498
220 59 812
213 408 603
112 47 779
480 262 570
335 69 498
335 394 463
334 451 569
216 323 877
211 478 806
22 90 996
11 170 984
220 325 478
498 412 640
94 418 585
250 361 778
16 116 541
249 281 817
264 244 431
490 4 869
24 461 622
38 333 534
483 51 951
196 128 429
449 419 730
259 362 704
233 19 688
68 185 555
282 161 481
171 284 781
491 250 514
138 214 845
287 288 902
255 435 504
500 254 952
486 353 505
4 180 500
5 147 876
197 95 964
122 407 809
226 130 848
450 380 591
130 459 608
373 5 590
176 249 781
306 236 723
60 439 768
138 44 412
446 365 784
144 376 488
129 26 866
221 92 865
2 369 670
269 364 992
353 12 930
494 165 744
63 202 740
11 82 772
115 242 973
206 254 975
282 254 489
475 304 606
107 204 572
345 316 547
458 357 501
29 322 823
467 280 954
19 331 465
143 439 830
75 31 711
182 316 469
248 317 807
368 131 744
316 159 777
47 314 566
432 248 635
262 331 873
40 335 418
177 247 836
286 212 942
164 472 700
474 61 919
489 49 873
333 46 520
482 150 531
203 54 477
376 103 876
111 95 999
331 68 418
363 488 715
192 73 978
300 359 893
75 367 556
358 293 449
476 48 624
195 346 927
292 196 428
255 69 742
148 67 815
427 85 507
406 63 963
469 220 804
359 207 862
216 428 733
167 487 910
176 344 501
158 470 748
407 95 986
495 121 843
85 325 520
118 13 821
331 476 972
459 257 534
462 127 617
67 339 872
315 342 632
28 486 560
94 341 486
17 441 440
409 265 450
308 192 483
459 311 924
397 461 734
159 108 402
275 247 459
57 195 902
114 204 955
246 47 609
88 434 835
134 237 628
416 340 854
359 474 759
500 286 728
371 55 572
134 169 721
412 185 812
286 44 617
177 494 400
244 201 963
209 193 698
468 175 473
252 104 846
251 96 835
133 456 555
469 58 838
208 473 994
8 122 582
131 155 754
40 136 831
268 275 769
484 100 446
458 241 966
308 194 424
198 263 803
372 393 996
223 37 440
134 23 405
418 170 653
323 121 645
268 173 681
285 447 414
445 5 606
287 451 492
30 124 517
313 269 872
166 328 422
78 59 926
429 52 410
39 267 470
469 346 725
204 264 768
319 421 589
18 246 829
350 166 717
314 392 866
120 33 959
170 238 855
89 299 606
490 172 991
298 463 619
269 87 921
308 168 503
34 49 456
447 241 836
127 60 708
19 252 462
48 296 567
226 44 752
485 335 746
407 29 642
325 456 812
272 36 544
39 326 804
345 14 594
388 203 891
71 455 516
78 52 765
378 141 568
364 37 827
150 323 914
142 173 690
393 278 509
223 229 906
178 114 466
342 111 482
418 360 709
43 28 756
79 49 942
69 471 560
426 235 588
81 400 556
479 477 764
319 248 437
223 229 764
378 117 754
181 71 686
136 143 962
83 246 435
144 190 714
106 444 730
455 327 971
443 65 815
111 113 505
210 206 495
50 318 788
182 281 931
240 214 529
488 30 564
489 229 695
295 123 653
273 188 928
112 262 606
108 349 676
177 257 489
174 86 969
27 133 642
427 457 997
106 211 872
277 171 859
433 327 492
423 490 834
374 104 848
199 424 437
219 184 611
458 166 607
247 198 626
60 462 898
269 188 678
140 424 692
196 437 492
458 229 536
75 243 655
52 43 995
266 410 862
420 433 585
317 324 938
472 155 505
226 108 671
213 277 530
22 325 666
318 29 858
197 411 421
276 143 841
122 435 411
6 20 722
432 246 678
464 378 905
32 88 909
399 250 572
100 9 690
188 448 856
192 364 796
139 464 980
15 276 940
12 160 833
103 162 513
282 333 572
128 244 473
143 308 479
353 127 788
303 100 619
334 453 762
259 397 510
109 371 966
332 389 910
95 418 837
125 20 666
420 301 502
7 153 426
484 94 734
374 226 732
272 287 580
219 276 692
76 272 824
88 187 569
179 347 669
225 307 407
437 223 453
285 121 627
287 193 405
297 19 558
496 354 577
58 431 642
273 277 760
116 333 578
400 320 906
384 37 833
370 395 429
339 442 873
496 370 849
6 150 437
67 284 809
244 303 688
72 369 682
457 191 576
293 43 587
267 456 851
142 288 947
301 163 760
445 330 991
291 14 708
500 355 698
205 120 673
398 82 488
53 140 663
344 34 923
410 121 697
369 193 915
448 345 893
116 146 647
302 309 956
367 333 415
240 81 553
65 380 888
443 377 738
385 500 812
133 350 735
99 203 541
256 104 879
91 218 614
40 486 946
404 17 747
185 403 611
154 428 690
162 125 505
353 244 470
72 227 774
317 353 602
9 262 773
8 144 492
66 326 798
3 69 726
192 296 609
34 480 898
150 14 913
145 320 988
397 210 420
199 232 518
440 428 519
86 142 496
351 182 577
382 164 940
21 242 501
63 414 963
431 491 972
385 103 551
178 496 656
280 219 994
368 423 680
45 406 776
140 436 783
58 147 695
