232 302
494 68
24 245
207 151
191 76
430 227
215 256
318 177
218 267
57 447
163 39
230 222
41 234
325 357
407 485
95 448
425 188
490 172
417 36
403 216
283 172
334 353
410 5
305 56
454 292
481 365
22 451
45 25
411 46
456 440
385 93
220 390
314 309
261 39
483 321
385 9
402 118
235 293
161 295
78 75
282 21
149 269
66 138
182 109
79 101
299 411
331 172
227 402
414 245
79 298
127 266
376 347
232 174
89 134
252 67
487 282
51 316
47 318
341 448
413 376
41 156
357 199
141 454
267 334
160 363
337 390
383 103
250 468
267 241
402 153
328 269
364 106
303 337
482 467
154 159
288 489
59 411
101 208
490 399
334 78
318 14
117 31
116 372
3 228
168 376
492 170
402 137
411 25
159 378
110 59
491 499
457 123
60 138
191 249
101 244
161 449
21 5
86 263
160 405
175 262
441 216
128 165
8 268
386 445
0 172
196 408
86 214
220 224
262 13
417 429
493 216
405 188
82 194
318 274
4 61
161 76
22 27
221 317
308 343
251 294
141 103
261 170
72 231
208 146
241 83
449 408
258 389
444 105
188 113
211 154
378 191
322 293
471 180
461 32
475 371
94 107
202 317
170 274
29 159
67 154
322 65
500 163
320 361
409 487
187 498
49 209
291 357
177 337
448 105
358 95
150 28
365 331
263 368
104 1
377 394
491 360
232 470
451 14
303 443
185 193
465 26
411 275
251 304
135 72
81 243
157 27
123 326
436 280
312 218
192 385
391 460
214 446
494 253
417 44
239 145
57 364
215 472
46 96
264 290
177 50
447 157
398 238
500 115
163 408
331 278
377 219
306 471
425 277
313 310
407 356
108 438
419 451
182 57
113 157
92 260
203 324
367 214
144 356
196 42
470 500
95 454
135 145
449 52
103 23
175 366
150 453
73 358
355 497
103 195
55 391
36 485
242 418
10 69
433 440
414 478
247 453
8 87
76 28
348 98
38 235
124 228
477 413
273 59
148 22
143 184
85 9
328 293
132 16
430 115
45 420
174 65
235 408
344 172
452 425
434 433
59 92
98 360
354 452
12 490
237 85
387 239
271 406
160 171
279 13
192 406
328 93
495 454
54 414
146 84
324 320
438 269
118 495
30 11
471 159
411 61
392 398
149 130
27 248
67 60
79 366
251 17
116 212
191 52
315 96
293 156
90 198
411 372
410 50
215 191
460 231
417 497
233 195
302 319
286 98
249 361
220 406
331 371
95 296
34 480
47 444
40 454
100 21
477 265
49 366
302 69
11 368
247 312
323 468
162 143
197 136
3 171
137 187
166 193
7 481
49 228
240 456
196 31
327 234
262 301
474 289
299 476
106 166
251 200
111 154
466 310
117 62
159 282
223 53
322 426
140 334
263 192
357 353
236 464
450 259
468 182
194 421
402 387
164 254
419 410
427 174
230 45
486 377
437 141
52 493
272 279
265 242
117 479
191 197
107 404
213 86
368 291
410 483
254 257
283 435
292 420
152 94
466 96
284 22
500 66
387 278
354 95
179 345
101 395
353 3
398 461
202 109
47 406
85 159
264 135
320 221
431 475
163 141
123 217
426 412
269 141
142 196
131 107
498 401
283 371
424 202
338 336
451 37
159 189
252 377
478 10
148 406
393 487
262 254
224 455
145 59
136 447
281 362
403 499
100 389
163 37
245 444
359 184
257 249
177 84
82 101
430 358
18 473
151 115
487 245
472 382
488 375
42 98
320 125
399 117
331 256
92 256
468 177
363 153
464 166
41 198
380 357
185 44
487 124
478 419
361 137
20 412
244 461
373 282
114 256
101 143
33 437
76 287
296 471
288 93
299 65
313 149
484 320
252 41
257 478
380 74
182 226
456 13
20 499
373 133
125 493
154 445
297 460
188 494
331 360
110 377
50 165
324 189
462 48
103 301
490 157
206 355
401 462
75 185
229 490
109 328
412 70
156 123
1 317
446 38
375 59
230 338
242 123
357 38
113 474
169 387
189 327
76 198
391 185
219 331
71 247
327 416
290 288
37 83
178 3
411 206
34 370
371 320
389 169
126 466
325 493
61 187
349 304
5 315
163 61
247 372
76 185
482 399
475 330
243 193
44 330
161 329
263 234
61 7
457 205
169 73
290 262
205 283
247 484
450 486
113 404
77 41
108 347
467 349
46 224
25 386
371 254
338 208
402 90
106 173
112 227
492 23
83 10
393 166
496 38
290 300
478 195
97 175
434 414
401 461
115 81
134 284
358 22
414 161
358 434
342 247
188 31
255 329
340 1
181 371
172 441
355 205
433 206
445 341
129 213
355 466
346 186
18 269
315 358
367 500
339 48
390 468
217 471
141 234
455 72
34 282
386 483
145 338
209 85
51 281
118 331
154 319
146 379
242 434
494 439
107 173
175 93
313 431
345 106
417 249
56 238
413 355
457 393
420 198
320 274
42 261
468 163
332 181
24 3
427 161
214 118
109 121
209 320
236 299
309 417
153 126
184 392
102 363
500 338
417 93
240 245
32 475
14 329
477 454
91 236
399 46
364 81
400 415
172 46
145 376
331 497
300 163
292 335
215 476
337 34
279 459
27 205
166 326
460 295
284 458
251 17
270 257
118 429
455 21
495 310
388 366
173 168
449 171
485 137
71 184
119 79
295 269
444 347
366 334
245 105
467 54
434 142
95 163
219 19
102 48
401 468
84 337
219 125
185 27
274 35
340 484
493 50
476 328
51 220
320 284
348 416
438 230
93 375
493 377
222 207
42 341
389 373
107 264
354 69
391 136
69 376
249 35
435 350
186 208
42 234
55 292
195 141
482 334
297 182
218 76
425 342
242 391
143 41
468 187
423 232
142 262
5 112
35 33
324 183
254 168
142 487
256 287
401 451
444 158
463 403
479 348
139 251
391 97
370 84
179 481
36 116
64 211
241 225
112 409
81 180
201 89
456 219
182 371
114 131
175 104
443 312
399 43
166 431
120 406
300 371
106 219
245 98
319 40
346 120
56 99
276 410
383 403
324 203
358 221
34 493
291 335
450 492
313 348
136 224
67 193
427 308
258 135
473 200
480 209
328 181
188 421
158 45
53 415
54 397
309 490
284 369
268 386
182 380
238 454
392 352
449 346
193 279
274 276
336 436
282 381
380 202
216 305
395 338
346 344
107 276
75 451
266 45
181 301
156 183
415 42
287 226
457 91
395 443
345 270
452 259
329 407
171 293
365 33
169 200
8 322
146 285
23 75
126 184
210 412
472 83
328 157
6 488
289 349
81 178
14 20
400 1
113 362
1 342
52 424
472 236
347 208
76 176
269 232
472 464
95 173
224 421
151 96
253 135
360 154
438 450
302 179
158 319
402 240
471 48
38 88
302 21
43 198
32 67
11 319
461 159
94 9
316 170
158 110
428 235
222 420
484 385
192 92
237 41
119 271
35 161
466 322
220 460
171 305
24 108
200 117
390 294
358 49
55 413
268 179
359 95
28 40
8 110
409 445
255 61
396 90
105 494
364 434
402 399
223 245
114 231
86 177
371 91
124 193
108 263
130 492
493 253
349 448
238 499
241 362
182 459
115 404
285 352
436 386
190 22
137 471
209 303
268 367
96 415
192 316
221 458
257 27
48 17
37 173
95 25
461 38
60 410
267 215
107 127
214 441
464 481
477 476
97 364
202 96
63 5
61 256
272 143
107 135
350 334
189 239
22 55
433 63
197 472
327 377
382 111
429 159
372 177
204 443
401 295
191 329
318 383
444 219
263 434
238 358
430 202
219 328
213 435
129 82
24 263
274 63
390 261
309 192
112 42
294 341
100 232
450 352
217 359
2 288
327 117
38 358
270 161
344 13
293 201
342 441
58 116
463 238
307 499
271 177
53 385
267 62
481 211
103 9
221 294
443 371
427 263
25 37
453 333
306 384
421 422
315 402
103 456
407 119
497 339
356 19
304 144
25 6
56 70
188 170
290 97
389 309
275 257
438 226
121 412
262 281
427 286
228 77
231 294
222 497
460 343
20 462
329 122
31 484
159 136
418 313
416 212
399 205
361 124
183 84
115 68
62 241
419 386
225 305
195 8
61 144
438 96
80 482
41 234
239 172
95 283
274 146
460 480
68 85
415 364
66 392
211 188
316 184
200 179
47 2
330 161
197 340
396 35
138 213
56 141
7 481
368 120
101 468
112 235
72 97
106 91
97 466
125 175
177 67
29 298
402 166
186 261
11 134
271 218
70 341
278 356
293 476
255 72
470 184
112 440
430 311
436 81
380 166
75 191
51 280
217 412
229 154
201 221
32 334
452 363
84 328
281 35
101 493
452 446
74 40
53 40
472 121
250 270
102 459
68 324
248 137
346 441
276 3
280 366
264 387
87 288
202 269
181 470
380 9
354 421
410 446
211 103
125 229
227 475
143 247
134 334
230 59
476 326
344 428
345 370
4 240
218 206
113 397
198 460
377 227
49 373
91 50
360 119
152 108
409 226
490 263
325 57
186 417
259 266
146 381
448 472
482 217
187 332
31 56
26 456
346 484
339 220
274 299
382 379
200 228
386 176
213 101
54 302
223 396
140 417
465 24
316 153
304 324
451 31
198 497
462 252
286 154
404 48
228 216
190 347
429 168
30 277
274 250
160 293
381 215
437 58
170 373
363 161
334 370
314 263
10 246
231 260
360 24
162 396
19 437
239 5
219 396
8 363
255 101
270 262
261 348
290 386
393 402
77 163
321 324
318 139
498 39
203 431
140 343
489 198
230 492
154 122
39 40
472 450
262 239
2 389
21 266
195 408
465 454
150 107
423 471
30 246
90 34
480 398
198 45
481 97
43 73
483 279
133 57
410 110
304 298
22 445
37 360
416 246
426 427
355 466
218 155
331 271
123 296
349 343
33 381
84 268
395 115
258 487
267 210
452 139
192 454
32 196
296 482
463 442
306 497
136 394
477 447
408 22
226 418
228 360
223 181
153 336
40 340
383 62
13 371
313 177
438 352
7 319
358 26
431 107
25 481
446 87
113 372
413 405
277 373
408 484
352 462
107 264
319 33
110 72
325 150
259 4
292 414
358 418
205 394
169 301
254 460
434 264
401 181
483 100
161 374
12 22
115 136
262 320
376 140
178 130
323 43
31 192
184 36
77 125
479 319
210 299
39 373
289 278
239 241
231 155
479 460
326 32
442 471
374 449
410 479
122 376
24 331
55 278
52 76
381 288
385 433
108 299
387 186
242 278
76 124
386 337
76 235
300 173
383 200
141 352
498 27
478 402
142 203
432 181
359 252
42 114
401 171
85 317
450 258
140 442
425 117
441 485
315 439
132 31
466 120
299 199
73 438
93 35
250 202
213 123
215 94
119 429
359 375
478 256
112 124
96 395
208 296
263 306
237 472
488 247
294 268
247 122
201 55
117 45
247 434
40 186
470 277
57 463
61 336
254 398
140 294
395 43
144 475
473 302
126 45
423 437
177 483
165 150
450 132
89 181
219 195
490 127
54 490
460 482
412 249
275 309
485 331
277 483
403 446
171 313
381 20
319 51
344 436
188 466
285 353
56 140
313 220
46 486
244 448
428 205
357 319
46 272
250 325
31 362
488 224
134 156
244 210
193 321
317 443
214 478
428 105
165 50
54 259
108 148
415 407
370 344
73 197
295 262
123 149
277 398
318 192
418 319
143 279
190 118
209 247
224 101
376 160
46 275
21 157
34 18
434 214
160 220
238 215
340 308
85 341
461 322
271 40
354 337
40 200
401 333
481 232
369 290
400 36
432 92
21 324
121 409
171 359
165 134
236 258
101 54
470 118
209 346
355 179
356 95
50 215
454 74
405 148
231 227
263 224
420 436
115 37
328 490
111 65
250 391
435 452
215 277
289 335
263 163
71 443
410 451
214 427
103 132
398 421
428 170
91 141
284 144
118 395
239 238
426 385
134 233
489 313
109 439
108 243
313 134
254 26
241 362
416 407
470 198
13 201
484 480
386 201
213 394
144 117
132 263
457 339
247 190
476 331
332 491
425 225
119 99
37 240
365 247
29 350
107 370
464 4
166 71
53 39
72 221
461 169
424 261
191 88
90 369
276 271
306 165
5 46
60 205
343 137
152 423
294 477
448 339
121 147
405 162
268 477
491 326
209 165
480 331
471 343
472 82
132 2
464 290
45 163
469 47
210 74
471 458
122 193
414 221
483 292
63 44
441 406
450 11
197 405
235 347
275 379
42 55
396 427
289 473
286 390
134 472
100 220
363 151
467 447
216 252
419 37
175 247
353 358
268 323
115 256
439 186
413 10
394 314
350 245
278 107
281 498
347 77
449 417
231 90
436 2
409 132
397 388
334 447
432 85
326 94
228 196
381 265
305 277
33 32
67 33
299 126
378 257
432 166
176 209
477 279
322 175
384 296
263 185
282 261
193 212
378 376
484 319
114 21
375 67
234 187
75 418
370 55
52 373
20 420
35 32
125 364
478 15
201 29
219 123
429 153
111 222
306 16
109 205
318 201
417 258
130 289
248 384
7 213
313 220
261 338
180 81
492 348
207 85
307 460
458 155
468 412
275 201
105 470
500 28
90 388
108 491
162 367
175 466
461 14
373 409
187 216
129 265
486 113
84 53
74 231
452 369
407 244
40 221
306 48
429 268
297 317
311 164
172 406
102 200
296 4
118 411
29 416
335 247
97 354
396 295
78 304
26 116
9 446
73 73
463 489
266 54
186 394
161 122
402 1
497 22
282 45
100 396
175 44
90 472
445 484
286 164
85 422
325 212
330 310
86 290
274 260
496 253
461 168
469 165
259 401
62 352
472 154
391 207
131 366
249 127
58 362
451 256
377 380
233 53
367 356
344 264
255 202
351 163
474 169
67 113
178 61
355 177
15 459
320 102
289 189
54 3
108 206
206 183
5 186
498 244
420 269
425 110
205 273
316 303
270 203
325 244
472 54
269 377
138 188
304 349
263 262
83 101
328 336
122 396
379 362
279 387
319 94
220 376
138 428
104 326
44 267
457 432
179 11
389 137
68 330
160 50
380 95
419 323
293 187
399 410
181 390
432 470
19 287
440 211
102 225
449 113
401 287
174 362
75 197
345 116
154 482
454 386
437 173
113 424
86 332
253 452
453 275
266 366
67 215
53 272
218 264
325 8
89 341
195 437
18 214
111 331
230 344
484 149
2 112
39 471
414 174
230 364
58 49
35 200
2 88
15 455
236 329
122 160
331 199
169 154
310 449
415 48
378 116
313 140
31 62
433 7
170 278
186 229
365 251
405 372
315 466
54 200
476 447
358 426
317 37
231 352
320 264
144 83
384 18
130 225
363 197
182 170
254 454
259 43
350 241
96 231
238 360
325 430
83 144
86 141
118 434
483 218
6 217
380 171
483 0
334 9
315 206
202 320
112 467
279 236
357 448
154 238
447 277
435 397
471 335
60 420
152 239
462 273
336 315
367 313
386 363
30 395
395 360
146 463
282 228
89 92
61 124
217 130
483 406
483 29
41 107
90 78
22 24
42 383
467 409
405 187
254 176
137 416
140 6
424 24
155 357
328 428
287 20
81 160
284 180
460 275
274 425
485 171
489 277
464 452
31 356
382 364
236 436
97 295
407 264
471 201
238 383
283 229
150 376
318 283
25 24
386 164
284 76
46 193
215 1
229 270
200 65
489 13
409 57
397 200
500 430
230 272
434 421
435 285
182 280
174 334
482 323
263 64
211 384
180 348
433 42
491 41
452 119
343 139
56 52
303 284
290 390
89 287
72 290
174 141
215 272
168 256
90 337
56 143
356 221
384 268
96 399
396 337
421 450
113 315
331 291
421 76
426 300
209 330
82 249
130 212
309 188
159 357
413 285
165 379
415 346
137 316
239 358
41 384
312 338
190 139
23 326
54 277
135 394
500 115
407 367
150 311
103 422
32 320
500 341
36 215
494 493
485 235
86 193
78 189
236 235
254 405
321 407
16 357
243 338
465 496
322 370
350 492
444 233
170 51
75 447
216 25
56 419
492 395
119 349
304 490
483 327
336 102
29 254
498 331
352 219
392 178
90 158
174 287
103 69
354 451
355 170
383 75
37 34
72 276
227 482
396 254
390 500
467 475
42 434
26 209
297 401
405 499
365 316
144 168
11 258
192 257
330 385
45 194
252 389
131 227
412 415
391 464
82 202
470 245
315 56
318 475
124 171
33 230
316 298
226 239
275 407
89 127
210 417
83 229
142 231
202 221
62 288
329 204
177 41
500 18
107 269
330 314
27 436
17 312
72 188
357 395
26 185
266 13
11 124
464 88
384 383
139 106
451 266
475 209
471 489
306 295
282 44
76 45
70 396
218 383
413 404
81 480
232 267
497 382
215 428
157 224
131 227
350 231
180 406
279 388
36 299
8 283
362 103
106 120
157 179
144 54
459 361
153 34
444 473
105 330
23 109
181 316
91 153
225 428
433 2
442 422
136 477
421 11
456 233
467 133
262 405
420 204
407 110
437 422
383 449
180 357
329 20
223 278
261 86
326 238
31 487
2 151
226 129
142 9
499 494
420 209
368 356
229 92
418 269
500 381
398 340
498 137
158 404
489 324
457 471
116 249
396 371
383 304
80 135
114 463
460 472
309 18
74 226
330 157
129 20
207 468
275 287
226 53
353 171
158 367
214 20
483 128
494 286
318 162
307 19
179 159
225 172
281 3
192 178
435 316
203 294
235 119
151 124
28 109
236 211
42 341
267 114
178 361
349 436
191 66
92 480
424 60
278 6
51 445
240 331
253 188
397 23
18 272
483 82
66 410
370 208
450 439
20 21
29 221
376 173
469 235
450 420
469 240
158 4
442 264
275 87
128 163
427 298
134 112
125 325
33 273
197 18
469 149
472 242
463 308
126 87
464 90
157 8
218 471
155 336
399 397
456 158
395 356
235 197
44 144
323 196
436 494
224 386
227 155
379 418
243 486
440 464
169 396
100 157
298 78
19 291
222 453
32 79
345 468
209 157
299 360
448 256
169 452
192 281
