5 336
97 311
143 49
303 405
247 324
261 202
183 281
222 493
6 428
187 468
49 115
12 41
423 362
455 231
358 475
282 352
406 469
272 402
112 102
367 175
229 150
377 466
281 392
396 279
296 177
419 329
468 186
446 156
450 325
302 256
307 50
304 156
484 159
172 30
481 0
136 21
404 155
434 467
50 382
96 392
198 38
201 382
284 171
203 308
184 103
101 190
276 359
215 364
279 17
454 328
446 352
452 74
470 292
300 313
13 455
454 421
253 333
342 31
346 30
265 339
486 145
135 193
294 139
424 226
455 360
436 384
248 384
318 98
228 173
498 341
364 429
101 227
398 6
74 392
29 13
394 410
211 54
354 4
307 47
352 55
323 492
45 224
121 141
385 185
228 278
13 454
353 457
444 454
410 413
206 63
234 469
313 495
289 145
289 393
223 318
149 394
55 447
109 238
439 372
8 365
240 362
25 189
452 333
255 10
18 339
85 387
101 9
98 120
186 326
292 88
461 332
220 368
337 205
298 424
268 308
252 91
345 428
247 122
335 283
228 42
165 129
245 68
181 330
111 463
151 489
193 282
369 467
264 240
309 162
95 479
166 376
138 234
363 330
274 418
74 34
195 90
66 291
362 479
415 13
168 1
137 354
79 354
469 192
427 407
60 350
351 298
314 219
157 405
99 167
320 379
289 367
164 3
365 467
434 371
195 114
417 178
17 445
30 452
126 414
417 400
250 87
31 82
74 281
202 120
194 76
360 336
73 216
218 302
237 284
358 13
284 492
437 303
490 205
272 91
166 458
373 102
435 311
397 172
24 36
192 406
151 50
465 7
352 384
202 45
278 368
342 187
232 240
226 484
209 313
173 75
480 440
375 164
141 276
302 477
210 5
337 275
56 286
243 189
246 62
367 61
87 86
434 9
251 389
97 486
105 142
169 436
449 79
164 450
427 278
163 353
250 17
205 31
416 123
341 76
229 347
425 42
360 421
378 422
349 209
18 483
414 126
63 163
481 429
165 363
207 49
469 397
167 209
321 37
237 260
254 400
200 237
305 133
147 190
150 457
127 57
206 376
470 22
126 12
395 274
445 399
421 419
40 149
74 392
23 236
0 469
288 361
283 402
135 310
121 122
268 32
363 495
163 386
213 216
92 100
458 192
394 496
40 17
37 235
473 90
151 89
247 103
337 390
490 269
102 269
311 68
24 391
329 44
43 316
128 292
69 462
499 23
69 426
284 259
28 403
384 25
244 397
66 30
36 63
349 373
305 250
459 430
432 368
150 300
17 84
461 340
349 46
425 283
403 322
252 468
397 271
134 61
222 165
385 207
473 166
140 3
296 339
139 282
482 160
497 316
402 358
104 234
471 170
495 13
408 451
75 348
445 383
113 354
6 42
103 350
312 122
38 459
312 361
175 194
453 349
197 467
497 18
438 397
406 4
3 485
493 150
114 86
371 100
248 257
17 255
44 449
382 75
18 253
325 414
137 347
459 54
268 190
211 196
145 122
20 90
246 190
336 95
23 419
424 185
214 146
364 461
392 426
52 370
137 405
282 350
156 190
438 153
446 67
440 379
363 300
88 152
495 225
258 296
404 6
215 52
30 305
374 309
328 432
28 263
205 37
419 447
232 332
13 43
162 495
40 325
408 190
415 303
147 477
128 191
374 6
25 294
468 298
412 480
112 406
52 303
486 340
483 78
412 351
326 487
237 390
264 474
73 42
300 129
348 105
480 495
62 38
155 93
223 30
198 262
236 451
30 424
155 215
373 126
400 184
431 385
390 158
413 342
146 143
353 305
189 156
136 190
94 48
474 244
155 358
113 218
182 403
426 203
156 258
154 268
373 101
489 318
28 13
169 100
433 57
12 271
361 355
484 363
222 403
49 439
92 390
274 436
247 399
304 322
7 189
491 7
328 329
478 369
195 256
222 361
230 471
279 238
280 72
440 365
408 442
258 346
218 251
312 379
106 312
295 198
470 140
378 413
432 175
358 282
54 68
324 479
28 59
453 151
15 457
329 266
78 154
126 303
477 147
131 6
49 375
202 47
212 221
394 75
223 123
124 93
275 408
453 478
119 32
240 110
330 137
359 177
211 10
396 82
488 299
18 126
163 108
112 331
241 431
412 263
304 217
73 369
327 496
140 198
477 179
368 118
315 240
375 255
231 370
385 198
360 439
182 389
19 290
126 357
212 40
109 153
423 343
431 413
222 451
418 265
317 221
309 301
3 303
84 81
454 81
409 90
213 497
390 430
