422 91
330 184
461 9
0 88
490 113
344 57
486 167
465 92
186 361
399 260
283 283
231 340
76 264
377 208
48 196
267 15
488 82
271 241
345 360
208 445
435 166
74 34
441 98
384 351
270 213
61 256
132 198
279 291
489 486
33 179
108 392
361 198
373 89
295 323
373 4
259 47
189 267
133 161
231 476
79 352
221 429
390 364
69 463
373 375
435 156
9 240
139 27
393 157
384 165
405 383
197 128
334 166
414 196
427 2
185 444
471 413
289 267
357 286
470 397
477 166
90 353
148 267
339 347
198 137
124 231
13 301
85 144
48 88
120 303
103 377
45 190
69 212
375 271
346 72
185 267
500 273
445 180
140 136
66 379
235 494
482 144
73 190
494 68
275 338
488 241
92 124
35 345
381 491
481 157
289 302
322 377
101 127
145 383
411 216
78 336
89 359
317 48
69 452
282 464
29 336
313 381
44 243
324 297
276 270
261 445
24 191
175 27
326 185
261 127
205 31
209 149
335 396
314 98
416 64
101 18
349 153
317 326
297 88
311 324
496 164
29 367
239 470
118 468
68 225
162 148
110 195
141 45
308 488
49 24
44 487
277 138
304 364
418 431
344 392
56 493
314 424
344 184
291 104
413 315
217 423
453 171
374 215
104 206
330 2
399 440
25 277
22 255
428 131
206 51
294 372
52 481
140 96
377 324
310 56
146 355
400 286
473 162
326 252
498 469
222 384
270 188
309 246
260 445
360 155
102 463
220 336
441 360
246 120
254 444
26 404
62 499
278 431
256 346
179 158
25 299
43 252
226 270
146 452
122 400
397 238
359 75
201 11
123 3
45 41
440 457
23 307
106 323
101 424
115 171
114 153
207 287
460 305
163 436
216 175
75 337
216 272
432 156
491 170
266 418
69 170
432 434
106 67
187 187
310 54
412 223
221 308
278 221
81 11
429 39
220 339
474 286
241 329
250 245
441 141
361 339
42 466
469 350
229 61
211 325
226 98
465 423
2 80
194 377
284 48
374 97
419 334
278 400
326 144
392 269
171 56
9 2
402 244
277 322
468 490
345 459
142 139
20 115
329 323
118 91
2 153
454 134
48 7
173 405
88 109
108 240
302 108
150 310
79 286
183 282
500 99
255 421
427 368
468 8
53 158
264 293
334 317
387 412
240 478
2 417
463 288
406 49
117 16
240 43
418 377
78 436
53 472
484 284
107 220
26 361
80 71
380 290
118 432
374 51
223 174
36 125
70 81
478 354
74 295
232 384
491 317
203 123
270 90
402 487
403 158
343 241
220 408
232 22
404 379
25 422
153 2
326 61
424 255
449 469
0 396
142 460
309 61
206 44
290 13
393 6
199 302
198 222
351 198
177 387
328 427
325 493
358 319
431 33
330 212
155 40
100 360
99 232
487 14
267 264
320 437
442 189
317 3
463 454
235 54
162 249
166 51
76 224
284 111
378 190
144 251
86 354
252 385
249 44
254 327
276 162
89 150
318 463
185 151
140 372
484 446
128 244
38 390
384 98
265 119
329 469
456 431
457 458
214 336
388 467
364 444
86 250
58 185
124 315
100 108
251 99
231 93
185 17
199 364
122 253
11 327
396 348
294 110
227 276
403 276
87 328
183 396
448 51
14 204
355 486
116 1
369 341
448 266
438 368
398 282
122 406
15 232
280 424
43 5
313 129
223 305
114 346
90 381
34 477
281 216
152 346
264 107
495 434
119 340
242 330
129 318
389 72
112 457
233 409
447 497
322 469
264 425
14 356
329 43
420 436
9 192
480 342
494 270
277 229
158 60
9 224
431 432
94 472
319 225
309 289
131 308
193 108
457 273
121 363
374 211
129 390
421 282
495 38
364 332
373 252
106 135
66 337
381 489
58 259
0 166
232 395
65 131
326 476
287 259
416 397
472 320
321 266
353 204
403 197
424 263
189 492
298 390
359 103
375 342
348 356
74 299
347 145
327 417
392 413
417 126
426 479
300 139
291 299
155 356
227 404
344 180
459 230
407 324
408 139
452 71
462 21
497 170
157 395
129 143
191 95
148 34
265 470
89 449
238 214
111 1
291 442
267 34
212 234
443 362
435 81
180 258
87 88
361 348
99 102
355 172
266 246
260 237
1 406
471 290
6 467
366 254
461 260
336 464
353 495
284 461
472 136
206 309
420 192
489 46
18 474
109 260
387 97
452 160
205 52
402 314
18 135
81 365
185 88
84 271
270 108
129 423
291 253
287 235
72 64
337 196
286 297
292 371
231 10
429 310
103 251
64 346
342 296
189 31
238 142
160 181
206 97
366 23
327 248
144 76
161 84
350 340
314 113
346 388
229 170
142 0
226 377
96 125
458 436
16 104
48 119
172 276
156 289
76 421
109 272
104 303
377 456
276 361
6 115
397 470
289 215
382 229
415 275
118 6
81 37
263 193
346 72
449 489
410 364
23 150
448 153
225 144
475 185
38 12
321 107
408 361
216 85
434 235
82 428
224 379
271 303
362 433
89 388
278 291
406 222
21 64
287 273
204 176
21 12
410 7
103 304
71 14
384 324
118 499
350 355
350 466
134 405
37 60
323 178
373 432
114 44
232 254
162 452
292 376
98 432
395 64
431 101
396 459
357 419
322 98
343 464
327 31
190 232
333 335
300 331
308 202
56 368
385 493
77 482
58 34
248 249
264 487
427 136
300 191
353 304
405 450
384 410
291 235
147 388
143 386
59 269
28 384
386 358
98 426
374 252
75 140
479 345
108 318
322 348
213 409
324 234
287 352
209 313
270 396
64 343
290 42
237 302
348 298
136 66
165 20
62 440
455 185
340 386
433 435
72 66
435 96
68 310
25 444
241 7
479 235
3 177
474 111
426 353
219 238
10 390
331 187
138 170
201 489
124 94
25 378
148 98
364 156
471 496
393 414
319 352
341 24
280 19
146 152
20 405
26 92
227 170
297 231
350 341
420 306
109 163
136 55
122 127
446 76
440 165
20 257
156 39
373 269
379 168
308 328
180 129
18 128
161 104
484 385
167 239
350 7
239 109
157 147
51 350
71 70
237 227
368 415
499 55
421 211
340 303
485 498
15 406
495 74
273 164
162 1
239 112
262 112
496 338
442 7
286 104
479 424
260 373
33 310
131 183
121 277
209 68
40 484
390 210
65 103
469 219
469 480
233 199
296 285
77 262
150 382
299 109
3 352
265 341
386 72
310 209
95 212
272 389
46 358
265 198
46 471
486 164
11 155
115 367
16 53
428 23
400 140
102 473
98 149
410 199
442 474
43 445
412 419
427 181
231 354
393 166
356 318
213 96
271 334
0 489
372 364
442 429
177 285
381 130
270 370
89 100
255 21
478 467
142 366
441 316
152 209
158 189
19 68
91 402
169 166
216 487
213 149
477 115
300 271
331 332
446 352
346 300
416 301
408 330
238 371
376 33
132 456
291 452
125 298
454 196
299 131
271 240
194 415
153 13
138 437
362 236
482 213
412 299
63 264
353 121
251 271
78 24
500 480
393 89
192 490
115 26
65 185
476 453
175 73
328 10
234 388
5 399
424 249
472 29
66 111
446 383
177 334
488 22
53 395
169 290
167 422
470 121
59 101
385 369
145 240
395 181
161 89
376 133
39 220
166 42
429 146
316 321
443 377
88 258
424 375
152 467
154 213
164 150
403 477
354 468
223 448
49 337
434 3
463 305
102 438
71 52
98 192
220 111
168 303
497 440
324 13
144 176
161 266
468 94
495 92
397 133
90 47
168 446
370 39
276 276
87 496
211 28
391 210
428 226
270 91
311 467
352 61
5 266
481 384
326 401
224 500
194 479
192 494
485 196
147 484
357 29
70 468
217 464
5 26
183 155
321 442
351 141
433 478
232 486
140 381
34 39
310 276
399 485
360 239
222 114
361 387
83 436
200 352
427 14
270 332
367 428
439 132
64 439
124 363
458 393
124 300
302 151
283 53
22 149
49 370
19 261
159 263
84 232
471 185
134 296
168 271
496 70
180 467
423 400
25 29
133 430
35 10
392 262
97 322
388 288
460 249
246 94
116 493
231 241
120 377
361 499
288 320
67 252
179 254
335 412
491 124
346 474
187 52
71 160
183 68
330 134
262 326
436 216
400 92
239 479
29 3
139 302
413 422
45 25
70 293
431 64
271 476
106 308
207 119
143 376
413 473
296 130
446 106
236 155
179 118
161 309
69 4
118 131
180 37
353 481
332 364
107 331
270 186
489 367
158 88
156 244
409 153
423 51
402 240
257 58
420 89
473 192
276 6
289 153
204 11
86 236
211 339
59 183
21 378
234 476
261 295
249 369
479 205
224 476
215 433
226 2
193 429
22 140
382 4
173 433
139 170
400 363
6 304
239 219
137 282
77 210
353 416
91 236
101 110
188 349
281 420
229 463
127 211
473 335
467 434
311 91
232 423
151 313
316 431
274 275
38 186
290 223
193 350
366 466
29 424
287 319
477 225
340 497
361 296
107 224
180 152
68 449
40 104
291 242
63 206
52 400
32 427
180 397
414 43
7 47
52 296
8 75
134 463
407 408
39 296
12 32
183 76
178 300
249 231
350 459
239 88
24 313
46 227
488 115
485 266
142 479
75 348
38 356
161 284
258 396
66 151
67 172
146 71
385 433
445 155
119 496
460 329
220 451
293 266
51 70
151 81
319 29
142 111
419 32
292 100
419 110
190 118
201 377
67 80
463 75
134 411
413 101
399 97
168 373
278 18
209 265
211 37
213 332
70 326
241 80
301 278
106 281
181 400
47 113
471 122
304 119
304 232
161 456
213 3
295 80
390 198
300 348
5 341
407 415
449 99
105 157
245 490
150 216
265 403
298 107
89 100
63 282
388 10
351 339
491 433
159 365
227 194
106 428
93 345
241 113
283 367
261 132
321 487
224 245
333 371
96 1
312 437
290 344
305 9
467 379
151 334
321 87
184 327
172 345
115 134
146 335
425 150
303 176
111 465
268 459
338 212
431 495
8 21
308 207
294 180
397 422
59 384
494 299
204 404
474 356
167 495
280 246
376 225
135 338
302 403
349 114
165 113
31 414
113 428
442 269
31 262
120 155
189 305
10 137
131 54
183 446
25 372
1 494
488 79
465 325
463 417
339 15
313 122
351 213
307 460
265 411
155 358
265 114
134 113
360 404
415 445
25 115
276 120
441 290
33 32
200 261
351 349
290 488
415 453
191 21
194 290
1 117
153 393
133 7
199 166
157 207
151 74
414 220
449 149
246 351
104 428
487 410
59 28
384 492
69 361
344 229
147 151
491 240
381 314
39 287
173 293
426 291
294 452
422 34
476 207
54 61
276 242
408 102
394 350
451 411
117 82
91 249
354 182
88 209
380 75
257 288
13 89
76 498
425 91
178 24
260 247
294 241
257 211
375 87
101 445
382 436
201 200
57 487
443 50
109 389
161 480
16 251
311 95
140 391
229 301
86 482
268 203
404 212
429 5
252 411
106 135
476 108
213 129
244 291
144 383
195 432
351 56
182 134
10 248
207 450
326 283
377 148
88 360
119 85
352 235
125 133
43 258
354 328
358 139
341 194
388 87
251 292
432 140
353 246
57 130
34 40
453 204
448 103
45 208
363 263
244 63
79 395
97 313
107 358
338 447
181 405
335 270
185 77
6 420
136 17
150 150
472 259
163 473
163 468
392 329
111 317
346 420
307 260
91 102
148 61
295 30
163 130
334 370
186 223
472 396
495 84
128 453
401 336
224 142
2 251
72 381
304 53
474 359
429 97
125 311
375 176
313 285
261 446
465 292
138 360
204 283
324 329
130 172
120 321
285 29
482 14
181 409
306 80
43 479
477 151
7 279
117 8
24 333
17 54
493 350
76 210
484 411
462 184
352 492
322 431
138 449
49 80
445 417
150 100
124 149
268 107
369 435
425 440
268 445
38 355
34 251
121 64
115 271
41 256
28 110
37 429
163 273
25 215
374 257
446 361
248 95
362 170
176 265
46 370
270 59
275 261
493 205
290 102
487 159
274 150
376 371
244 398
415 117
66 126
301 377
162 100
136 30
70 41
447 276
141 278
137 77
402 20
322 46
332 183
294 81
350 12
220 127
169 393
247 405
394 368
61 73
420 156
478 26
181 219
334 373
454 477
391 342
281 78
348 312
208 10
174 361
236 224
463 416
373 177
209 285
58 16
489 191
101 398
279 76
472 312
365 482
372 70
410 86
366 364
215 96
188 408
212 341
82 23
212 14
287 89
125 94
333 52
423 194
36 447
307 276
109 484
351 214
303 353
54 193
26 170
486 83
371 176
163 27
63 461
346 17
420 439
429 249
474 276
287 104
215 77
146 81
147 27
129 178
410 181
353 111
123 213
196 137
214 145
410 209
405 73
12 198
498 349
162 269
111 423
453 440
152 373
77 427
311 135
145 292
310 399
66 392
221 94
35 427
185 446
402 218
45 374
412 346
450 299
248 470
198 125
202 256
278 355
405 247
199 331
122 294
128 63
216 273
378 94
148 260
80 47
226 396
351 489
383 25
383 390
102 401
220 260
239 209
283 145
115 447
240 331
73 31
340 479
40 467
431 80
314 50
273 275
177 118
392 114
240 165
271 355
369 47
26 138
395 427
355 418
289 421
108 67
51 107
290 314
261 130
357 222
204 17
194 140
419 426
426 298
100 143
256 181
66 302
491 420
238 444
116 441
72 267
431 422
241 343
497 155
231 421
79 177
285 392
404 274
214 237
174 258
5 405
5 390
486 429
383 156
179 395
222 26
62 283
143 273
185 19
288 162
215 64
456 325
107 31
4 26
466 243
418 481
470 144
284 500
371 93
420 39
259 119
319 448
351 175
130 227
32 362
483 323
62 223
215 465
391 140
162 209
38 358
137 475
439 295
166 265
224 76
265 435
435 222
15 303
277 50
132 0
470 158
326 384
442 6
190 148
60 230
161 238
288 49
480 305
111 298
348 463
371 158
421 19
441 357
99 295
476 380
412 90
147 25
272 136
4 433
270 361
380 179
247 192
41 18
489 54
77 444
10 403
437 89
463 496
255 203
306 172
201 116
61 354
303 282
140 262
216 338
0 104
339 254
331 318
228 380
296 250
101 166
424 270
16 386
51 269
273 261
402 54
161 340
23 153
100 148
318 418
89 356
293 422
63 52
310 31
302 15
379 353
487 146
281 227
241 267
276 134
47 496
354 443
368 3
413 267
473 364
366 81
406 361
212 155
200 194
151 217
215 308
334 351
500 399
313 269
462 434
80 253
15 353
162 393
346 240
224 205
388 285
78 371
384 39
36 77
360 480
455 283
220 101
178 358
144 308
304 189
105 79
56 152
45 461
164 299
169 207
77 162
235 341
464 171
348 407
411 462
353 422
382 351
215 409
213 238
442 497
100 251
328 90
232 186
155 196
265 437
345 364
91 191
466 124
118 359
45 166
232 74
466 4
321 2
429 110
379 42
418 241
286 191
129 322
141 332
335 388
317 29
164 151
153 494
279 290
3 421
238 471
27 68
174 496
482 30
496 364
273 31
407 270
418 75
172 381
239 131
480 491
126 263
292 344
346 428
203 251
345 358
79 103
220 355
236 296
404 32
286 122
156 202
383 22
169 308
176 252
452 224
6 478
104 495
188 275
403 437
84 267
143 42
129 348
79 246
19 334
499 120
142 431
424 307
408 39
48 18
437 348
447 476
206 134
382 489
111 117
409 195
227 17
233 155
145 465
257 366
168 379
308 322
94 241
222 72
471 247
424 86
351 163
324 383
84 170
261 273
266 241
97 408
288 101
480 400
166 135
311 393
456 201
123 339
497 398
286 373
105 231
299 293
491 174
88 172
44 485
327 270
241 474
462 430
299 271
392 310
12 327
306 209
254 442
103 470
27 203
449 415
379 257
254 169
27 488
461 481
365 87
90 241
471 259
419 262
487 29
287 209
264 317
43 279
64 64
346 279
258 194
377 93
72 444
321 153
387 159
187 59
319 209
154 449
473 383
121 34
56 25
148 482
176 342
303 240
77 284
299 221
473 273
351 298
499 486
120 53
391 191
363 457
27 36
149 388
201 321
494 334
177 275
319 249
184 374
294 232
455 45
111 392
399 33
389 340
102 216
114 199
235 12
53 133
257 395
284 361
232 443
435 399
128 293
413 391
17 500
164 235
370 327
137 274
455 274
390 45
478 439
177 270
499 21
156 312
66 344
338 329
124 471
377 390
318 323
134 30
463 485
234 344
59 326
132 435
488 418
461 333
476 76
75 334
337 255
473 71
463 46
114 296
375 463
26 392
50 464
446 119
268 403
324 175
480 113
190 163
70 266
13 114
199 82
265 302
465 211
442 195
456 372
253 272
305 422
156 452
49 164
386 494
78 207
102 359
14 137
410 424
36 384
54 315
117 346
194 259
397 420
471 460
267 195
18 286
381 478
465 263
452 299
444 329
12 289
365 241
256 251
50 500
315 130
406 462
402 377
454 367
459 460
327 284
213 255
315 22
14 297
83 207
456 117
71 227
135 113
463 0
460 390
266 309
284 58
176 191
267 2
291 158
74 78
498 170
25 224
37 129
337 294
360 240
442 271
487 414
225 48
29 113
426 10
451 104
237 191
243 125
364 366
187 429
149 240
242 258
114 295
34 329
430 123
478 454
181 128
278 376
240 134
471 20
124 470
73 373
394 47
90 454
325 473
272 295
332 199
325 411
290 420
186 160
217 351
136 228
423 313
79 460
306 123
305 228
323 47
254 472
65 478
3 466
380 151
468 213
71 313
430 1
326 34
361 79
497 267
89 282
491 362
310 177
232 217
72 384
495 170
12 446
9 421
274 50
23 34
56 69
411 157
244 139
11 405
180 212
269 409
305 498
294 132
417 315
256 23
214 261
21 406
34 155
194 151
5 386
17 68
69 442
326 354
401 419
392 297
117 193
388 244
485 447
160 380
84 230
148 482
288 221
28 239
402 396
123 284
408 92
220 236
58 244
163 447
282 23
206 312
401 96
251 485
279 398
175 99
59 286
483 282
314 168
173 349
120 85
121 494
208 456
433 118
359 448
465 294
217 489
481 292
117 488
489 371
248 60
165 43
292 359
489 265
428 449
190 44
198 376
411 478
205 66
390 355
253 154
303 414
57 7
149 458
266 401
408 43
221 410
129 407
97 442
94 2
410 16
87 29
206 438
411 159
313 34
258 12
281 296
150 353
451 282
311 142
331 279
325 13
37 244
47 34
24 423
422 313
384 112
92 398
275 207
313 45
370 237
227 333
139 2
162 374
266 227
153 107
147 51
280 486
298 128
288 84
382 19
376 373
145 278
396 275
75 16
129 14
373 266
443 274
335 351
397 339
286 36
391 466
122 34
274 309
492 420
298 249
308 211
253 0
500 152
303 347
32 360
298 314
176 481
299 202
227 162
257 107
304 204
94 112
203 245
471 317
93 389
49 211
305 242
51 163
33 39
326 96
401 12
465 287
10 108
233 430
38 313
465 121
291 74
182 11
414 10
436 15
32 352
51 160
448 446
177 55
256 158
425 126
275 54
282 308
473 152
109 14
492 228
164 15
491 322
186 13
346 203
290 182
22 218
459 13
287 334
164 344
493 382
162 51
399 306
454 498
472 453
22 358
426 2
361 83
426 42
150 208
67 18
302 407
300 118
395 26
107 96
46 357
28 460
415 107
400 125
430 125
261 453
475 426
436 180
395 500
366 13
75 416
201 329
402 244
475 86
500 173
451 285
174 470
479 442
335 93
420 462
249 281
77 159
449 189
393 446
186 393
135 31
91 360
414 94
135 281
326 309
96 326
8 81
224 224
234 330
295 372
369 311
276 465
478 74
366 490
75 432
91 60
128 423
296 32
226 433
290 430
445 58
190 10
500 71
454 237
438 119
59 306
442 118
236 117
353 29
52 196
43 99
164 272
115 62
336 460
117 109
394 65
89 318
390 2
89 223
17 381
440 124
236 452
341 297
452 13
461 384
147 237
410 206
97 468
427 19
271 191
258 7
300 106
319 346
475 315
338 425
57 486
193 318
421 254
48 162
374 340
458 309
77 423
43 251
9 400
245 176
297 239
44 64
145 473
225 404
0 207
465 476
480 422
111 434
151 174
489 45
254 261
252 26
346 431
2 378
393 500
287 306
18 392
168 263
30 123
115 477
47 424
105 27
53 152
481 413
299 46
169 453
84 464
84 362
238 428
237 281
219 490
466 160
210 259
81 205
60 143
289 149
334 94
417 281
153 166
189 327
451 50
166 173
168 410
421 339
358 315
46 297
77 493
75 134
243 480
358 390
0 495
168 324
466 282
230 399
153 134
183 403
171 141
459 457
429 472
90 341
189 297
183 304
273 9
345 391
225 253
375 33
186 411
140 20
343 288
158 434
87 377
253 417
489 401
421 184
304 67
321 123
240 56
261 498
0 16
434 328
397 151
291 457
223 267
235 425
318 432
446 359
425 70
186 307
38 72
87 347
449 45
411 429
194 251
487 178
121 134
285 387
347 53
349 77
182 485
84 410
234 330
140 480
305 269
414 6
111 25
126 219
250 358
53 476
127 203
427 428
345 471
381 124
390 199
444 279
11 122
354 196
94 469
497 276
190 341
4 147
294 493
458 60
372 404
326 297
491 412
314 378
260 290
41 105
15 269
364 298
258 158
189 178
195 494
286 295
440 470
205 284
234 13
118 65
1 130
407 461
27 105
181 295
62 228
355 349
316 43
474 393
366 470
335 300
255 460
416 346
457 418
258 102
171 204
421 240
225 157
443 36
324 222
197 24
8 287
236 329
391 136
427 282
244 430
55 116
265 187
272 125
134 411
337 248
369 473
43 29
371 378
346 427
349 1
206 492
417 171
98 272
227 322
32 142
363 337
110 192
303 359
488 63
94 18
126 308
414 91
222 204
280 437
96 49
375 182
458 364
45 311
407 475
368 90
275 383
264 136
362 212
67 229
219 18
319 464
456 432
190 122
471 499
391 473
52 82
375 170
370 495
481 214
488 290
22 13
232 319
390 195
221 224
184 61
172 0
32 472
256 122
256 157
19 312
268 461
484 127
191 258
68 397
199 431
157 170
476 101
225 353
216 469
435 151
220 252
302 127
193 387
116 145
274 492
205 399
84 411
466 209
433 464
96 391
445 377
479 162
26 97
473 76
423 67
382 160
488 409
158 97
21 423
383 11
429 335
193 234
349 367
327 465
239 188
417 434
300 4
493 476
277 424
253 55
232 197
23 58
467 252
101 354
75 460
321 4
495 150
