59 226
232 391
187 196
67 274
127 247
2 282
2 219
215 103
155 93
294 233
352 87
90 91
280 90
116 284
69 206
496 256
153 60
442 242
329 441
409 159
7 300
328 16
381 398
177 242
10 468
66 194
73 326
124 172
271 16
240 210
229 371
86 308
369 93
113 81
78 187
225 319
151 369
104 187
126 321
199 451
418 446
92 225
359 270
102 115
27 257
174 206
96 144
434 433
470 442
37 271
193 1
485 493
379 88
463 20
452 270
452 408
415 37
417 213
388 281
344 454
327 222
392 83
277 238
208 244
192 242
254 3
152 205
353 468
151 25
202 436
374 355
420 86
106 334
28 179
458 242
182 146
191 23
481 11
285 43
263 54
240 444
467 367
494 77
93 313
266 361
359 360
433 149
413 485
40 207
382 381
171 14
41 137
22 180
407 224
153 238
189 499
429 146
81 86
490 119
356 4
85 191
385 36
0 83
84 425
127 213
251 176
329 203
478 354
416 84
173 78
22 498
357 309
474 408
324 159
472 236
47 357
195 159
278 83
203 133
464 5
386 52
197 136
464 240
196 230
56 143
350 1
269 376
211 494
357 121
46 400
355 227
98 97
145 194
105 319
141 147
229 79
173 48
63 234
462 244
417 370
22 158
211 96
291 177
325 81
378 8
102 68
264 426
434 305
472 397
493 238
174 327
295 283
311 203
154 289
46 394
158 361
80 23
196 220
225 341
53 466
333 66
20 275
415 339
45 47
417 459
230 369
78 361
272 60
224 94
475 206
98 126
279 160
465 147
228 218
256 218
79 422
112 33
425 405
29 376
227 144
208 1
457 64
97 363
497 353
282 220
435 85
21 169
342 290
365 232
378 100
126 272
222 130
300 228
365 95
432 353
43 38
63 263
218 124
73 14
110 113
0 116
253 387
450 388
334 260
16 298
468 185
351 331
247 106
483 349
234 121
150 349
211 303
305 384
386 311
344 252
472 239
55 115
189 477
217 319
46 62
444 311
300 184
230 123
199 334
39 307
477 95
255 250
207 40
33 353
80 195
135 5
45 78
287 431
188 452
462 407
453 289
59 121
240 188
360 276
248 160
193 173
313 153
303 449
203 241
92 368
68 275
29 72
385 176
108 392
495 496
96 226
222 25
62 294
399 174
233 409
271 80
255 343
446 236
491 220
239 134
45 369
30 6
192 487
364 52
238 228
125 262
430 481
462 439
49 276
187 297
455 276
383 7
372 157
347 384
114 147
367 270
277 144
177 16
133 31
279 135
115 45
396 19
10 98
457 435
370 252
479 399
463 57
141 224
76 390
306 28
356 472
282 29
166 82
395 477
404 340
7 184
320 121
174 108
155 383
208 265
31 35
455 450
344 69
55 256
280 85
154 169
450 279
15 110
262 266
461 212
494 33
3 23
278 113
143 325
416 92
205 495
81 480
431 180
114 125
304 488
386 427
154 138
416 108
27 275
396 208
16 251
4 44
351 7
482 178
145 87
359 9
236 346
344 290
273 490
315 79
447 462
45 179
430 157
341 299
441 145
252 65
423 456
174 231
233 296
18 61
461 460
36 9
225 426
403 55
330 185
257 171
303 167
467 335
452 257
0 149
198 327
364 184
239 83
396 381
116 133
139 235
271 410
66 496
194 338
163 30
11 37
447 232
179 22
33 419
88 164
297 339
309 127
270 151
372 371
35 235
410 445
135 46
181 290
35 423
14 233
275 27
213 253
409 467
213 38
432 100
494 156
292 71
48 347
457 55
493 165
232 79
107 75
287 315
65 133
109 70
60 25
208 480
95 424
362 355
115 353
307 167
169 403
265 109
233 76
289 176
82 195
134 498
105 317
121 378
371 228
59 391
13 182
85 420
482 457
411 51
377 462
215 56
229 273
413 244
467 8
168 18
92 174
146 413
482 454
27 439
484 298
488 57
380 161
470 215
315 334
450 0
203 379
81 160
485 125
188 12
427 388
117 63
388 72
430 185
419 410
18 22
188 63
241 149
457 229
141 350
184 243
371 124
32 157
112 25
104 26
232 312
404 66
107 254
289 369
88 268
80 72
128 206
212 468
166 47
471 103
452 383
173 305
168 302
268 136
318 469
116 404
262 230
406 150
285 432
223 2
89 462
490 305
306 306
386 90
356 377
481 121
407 48
119 158
151 196
339 475
189 92
325 404
360 388
211 358
449 49
95 207
291 404
194 171
100 483
24 447
181 39
299 427
176 344
366 155
54 478
229 145
466 307
299 147
398 495
470 165
404 224
40 112
36 99
338 449
223 403
484 291
182 256
227 168
168 483
159 423
417 15
368 219
278 197
281 408
144 6
252 251
238 399
123 451
349 248
191 73
212 383
152 184
494 182
235 429
120 429
108 462
242 346
99 57
431 59
151 57
425 118
153 206
196 183
18 31
382 270
324 135
433 133
231 109
415 271
479 9
14 219
117 121
269 334
246 100
228 298
430 61
170 237
255 348
191 418
490 226
203 324
30 232
189 329
189 449
376 208
348 193
33 207
361 18
100 301
454 303
260 293
126 139
126 243
416 318
225 210
120 295
227 170
229 172
313 216
115 220
104 341
424 484
164 469
489 107
447 459
227 212
78 13
326 332
410 280
32 208
178 420
100 146
15 457
407 401
170 141
379 101
107 302
287 230
386 455
59 355
410 243
332 143
198 480
202 492
423 70
254 254
208 453
357 40
148 44
306 309
443 148
422 329
365 158
470 480
107 499
388 363
292 37
155 419
223 409
405 417
287 156
469 423
466 145
16 115
213 459
372 486
383 251
232 311
84 83
243 278
383 456
70 369
175 459
159 383
217 166
463 109
278 477
114 70
434 491
484 159
384 158
446 129
363 110
378 453
141 276
371 128
158 296
269 271
47 244
51 267
211 281
485 164
193 69
498 500
350 249
159 273
8 279
201 446
19 130
320 7
280 109
48 132
451 488
279 132
152 44
115 243
496 11
143 187
400 146
189 294
369 500
437 413
136 138
195 146
90 333
305 290
349 316
210 267
228 218
470 238
281 262
60 407
408 220
66 67
142 253
189 345
108 361
213 246
138 160
192 261
117 177
358 404
371 80
452 205
211 384
398 83
475 234
190 391
488 51
172 334
21 335
83 199
259 156
134 223
350 276
497 119
498 287
500 488
90 302
146 66
420 280
63 113
94 236
410 437
355 94
213 415
84 89
75 299
117 351
104 447
194 118
317 123
270 337
18 224
347 177
202 20
334 143
82 230
245 222
362 353
480 15
287 410
243 170
457 448
125 224
335 144
38 479
149 109
333 370
191 201
27 275
428 389
47 214
16 425
233 85
481 355
409 225
359 262
264 199
496 423
304 99
131 212
416 88
43 342
93 398
225 386
283 146
128 422
51 196
274 497
336 451
423 427
253 99
100 136
419 396
253 121
4 369
218 73
471 31
343 364
244 440
254 238
79 162
433 175
152 401
422 499
368 446
428 94
187 394
263 207
394 117
119 143
277 199
182 452
69 246
79 121
354 32
235 157
147 210
74 14
249 106
54 480
383 257
168 460
288 111
47 389
385 245
301 100
283 3
497 412
329 399
403 470
375 181
450 115
205 28
197 233
238 220
403 262
294 124
333 466
283 99
257 81
395 250
138 118
95 126
159 340
381 423
107 462
121 362
100 147
160 387
284 194
458 21
403 140
429 37
474 458
45 179
240 49
401 321
440 206
181 52
134 398
288 353
210 1
137 447
279 208
267 388
164 333
489 172
349 64
109 430
235 289
317 378
290 452
64 91
408 80
362 427
395 67
267 227
308 426
86 201
417 235
327 272
458 161
474 302
150 285
143 105
294 134
156 12
280 4
348 28
385 317
330 177
142 472
74 479
145 31
408 271
148 23
34 374
161 142
297 243
262 20
476 31
391 197
221 193
392 210
156 284
334 423
179 369
7 495
326 431
441 155
185 425
182 212
260 447
163 234
416 454
424 219
167 1
323 199
172 363
230 449
109 400
398 241
194 47
178 75
54 96
291 146
121 199
405 191
3 467
134 392
298 182
88 265
89 88
278 274
371 254
428 469
288 498
327 376
371 355
163 14
151 475
147 402
147 481
155 372
174 5
385 335
463 359
472 130
469 119
15 93
197 260
112 163
469 12
247 199
493 441
135 26
43 368
76 56
264 314
396 461
63 489
156 213
140 60
174 172
312 12
476 209
432 174
416 395
275 308
328 395
303 166
4 102
201 470
497 453
323 225
42 75
473 98
391 95
312 491
174 208
477 268
204 171
462 287
174 62
16 1
79 316
206 91
165 109
270 365
159 246
155 406
184 290
284 84
174 316
9 169
11 429
130 345
421 432
9 488
279 480
384 253
75 496
395 365
35 478
305 262
485 71
282 20
340 290
58 210
150 134
408 486
492 374
468 281
142 386
446 122
203 255
286 95
467 363
320 157
232 352
93 437
179 181
267 48
128 453
98 34
0 434
425 262
430 433
497 32
200 350
274 340
273 374
259 474
413 299
490 405
320 403
186 240
481 123
133 71
67 412
104 407
265 396
311 103
15 8
388 86
443 392
265 376
405 191
279 409
127 221
363 241
202 463
326 55
58 448
430 487
388 278
206 251
313 242
441 350
57 104
251 100
154 219
32 304
446 10
424 347
68 341
7 109
165 340
357 72
176 409
195 242
374 320
364 279
322 455
376 200
192 470
404 399
140 418
8 449
470 94
188 153
43 469
253 261
192 452
391 348
427 15
462 472
99 497
287 17
426 83
198 303
19 362
126 361
400 163
263 358
89 423
213 225
110 210
494 46
209 477
500 386
80 146
259 36
197 498
209 32
350 261
445 104
235 159
327 322
156 49
186 176
302 431
475 356
300 118
437 467
56 337
483 328
249 433
260 92
228 448
298 132
114 361
8 157
324 233
155 2
224 53
389 341
246 388
105 81
327 38
318 107
481 70
58 265
53 92
387 148
204 1
431 444
383 374
319 292
434 473
302 169
453 304
259 373
380 98
425 414
14 406
391 37
379 16
235 389
338 208
61 180
454 82
110 122
69 20
82 491
195 349
414 472
274 29
267 447
129 70
86 48
345 336
6 36
202 189
423 417
254 336
243 218
417 362
444 424
170 329
235 472
163 218
373 77
367 218
124 300
289 246
333 109
110 125
441 440
396 6
45 1
218 236
465 132
370 92
20 414
334 183
352 88
165 230
19 438
181 216
402 342
136 131
424 423
478 170
417 158
330 91
56 60
271 38
471 142
475 187
121 457
334 222
164 201
155 421
41 478
35 280
71 454
461 328
429 136
135 390
269 448
398 13
235 409
294 314
295 322
480 251
434 295
402 121
194 416
3 495
312 423
121 29
20 241
35 397
412 433
130 339
84 177
447 192
251 63
103 251
294 458
317 467
83 460
293 125
424 32
449 140
341 463
282 251
178 25
175 442
474 242
263 55
190 234
267 166
447 384
6 310
349 93
99 38
142 265
449 121
455 236
354 289
251 38
437 169
28 472
108 388
49 20
98 340
20 84
376 277
248 191
29 218
464 325
295 320
61 164
303 33
485 72
53 35
464 459
276 248
305 324
446 126
290 276
442 228
141 296
271 474
70 39
299 441
419 490
121 412
474 74
216 119
125 313
474 98
247 326
150 151
454 358
207 237
440 398
113 85
410 459
490 49
298 435
172 56
457 101
491 247
276 56
181 240
52 0
331 208
226 403
102 429
69 241
33 78
295 233
161 177
345 124
83 138
334 210
292 415
367 377
70 61
251 400
364 200
256 44
205 349
410 354
370 356
187 181
303 95
326 263
144 446
95 222
459 207
331 335
314 485
45 123
389 499
222 283
159 249
222 131
266 107
427 229
271 134
424 463
57 41
332 117
143 200
5 288
56 73
447 152
252 446
479 133
188 412
449 440
306 246
184 59
450 220
165 336
52 328
453 317
389 359
43 171
172 209
434 213
397 176
219 88
241 304
60 232
234 256
276 426
264 344
228 84
296 286
103 11
377 463
187 439
194 129
263 208
333 225
25 124
302 332
187 193
311 29
415 411
135 482
162 372
95 201
85 64
288 353
86 233
118 92
26 480
388 468
169 440
38 301
310 107
464 272
291 301
196 285
334 18
449 87
16 35
392 101
429 269
170 338
408 95
314 402
254 87
334 352
229 81
206 253
156 447
289 168
348 312
266 431
402 159
398 402
134 305
449 53
311 200
405 403
151 359
63 466
139 156
126 58
147 53
185 234
230 223
319 150
453 167
19 145
200 306
171 482
36 447
178 430
10 27
110 221
105 396
429 343
365 443
171 463
296 11
225 216
432 222
237 144
328 403
236 210
113 488
202 55
240 34
393 51
270 465
25 443
471 303
294 415
202 310
196 46
252 447
417 18
10 203
356 422
118 357
162 19
206 433
54 117
137 352
212 168
200 352
68 263
11 223
248 307
159 317
16 93
245 441
187 363
178 478
485 345
15 104
490 445
173 315
229 228
233 241
278 116
21 115
489 407
278 5
265 387
222 470
414 361
140 420
409 165
454 440
260 176
162 354
436 103
313 224
159 240
294 385
19 38
474 264
421 320
227 61
98 13
44 292
69 202
70 229
134 433
142 458
203 102
207 163
187 416
97 299
33 273
235 246
139 81
311 396
432 156
78 190
75 206
475 491
1 62
222 128
34 401
293 125
308 329
488 244
431 136
2 388
70 458
299 210
262 197
419 151
325 458
10 495
54 354
158 43
34 300
307 152
290 419
389 41
357 119
191 480
354 129
133 428
347 320
375 320
453 301
216 317
148 335
292 345
378 278
56 178
90 337
465 63
165 354
222 305
440 464
287 289
342 62
492 245
285 177
0 445
474 157
145 191
349 359
241 438
196 146
362 149
76 107
155 24
301 99
175 204
369 256
282 294
147 306
135 167
494 363
445 155
46 297
143 81
232 140
117 353
118 19
288 296
376 172
430 301
36 189
22 78
2 459
284 124
95 267
492 127
273 155
400 95
110 136
354 197
334 77
281 14
314 468
263 469
366 405
162 308
371 499
328 145
393 309
418 176
234 174
42 6
112 241
452 185
42 429
478 32
458 208
335 407
425 480
229 340
303 488
467 392
185 489
232 366
65 234
80 142
205 401
8 107
184 473
182 255
203 438
292 250
168 225
114 271
437 85
300 32
90 459
344 413
498 309
257 121
309 161
109 325
333 35
207 125
220 271
201 71
106 145
389 466
0 356
461 410
279 6
118 403
335 438
79 263
125 67
149 331
429 439
461 438
248 119
214 432
469 202
427 347
141 237
305 95
205 305
55 110
174 144
245 169
35 291
281 331
335 496
354 244
89 27
413 242
56 322
100 476
284 67
382 159
301 52
384 248
347 474
300 75
7 343
395 13
193 76
479 223
39 422
450 52
233 413
246 447
330 428
127 453
237 339
92 210
444 239
342 17
455 433
5 296
431 407
443 293
396 456
8 82
348 476
356 101
38 193
373 346
307 284
256 497
302 207
474 46
479 237
103 434
66 406
155 60
454 232
55 47
28 409
112 293
429 171
499 471
35 182
115 307
127 323
309 17
485 485
440 328
25 374
38 428
40 291
289 368
385 105
128 138
292 490
5 155
18 208
173 308
482 90
289 27
9 226
240 315
183 231
429 9
326 433
111 372
492 183
221 162
353 33
71 461
490 227
179 224
32 239
228 352
337 203
478 274
14 290
325 223
430 56
434 238
411 24
113 277
498 309
221 11
438 16
443 292
23 290
42 304
374 465
345 32
14 74
38 391
310 249
50 348
227 160
439 196
243 428
298 421
156 400
330 432
209 64
173 285
317 249
256 48
347 408
417 371
35 287
281 68
135 98
178 373
5 145
488 32
254 189
24 231
152 231
32 27
86 83
177 208
493 197
189 74
497 133
415 360
128 241
199 248
269 147
182 189
412 67
298 67
254 104
9 128
122 393
254 70
312 104
366 236
325 90
93 184
176 348
118 326
450 354
412 238
373 272
287 442
329 252
221 142
93 298
258 231
497 300
167 164
478 301
113 230
57 11
442 339
72 122
108 266
238 77
43 490
332 435
329 471
259 413
455 436
77 374
274 353
258 246
306 301
432 179
234 35
236 167
402 26
225 226
83 196
99 455
343 197
234 152
183 78
337 95
343 7
193 412
266 183
273 300
383 239
390 5
277 92
326 165
227 317
341 348
128 401
155 443
471 204
32 258
465 167
456 353
153 246
441 327
294 15
331 315
442 429
180 296
19 316
207 465
43 334
190 103
284 465
385 464
378 400
390 411
238 45
228 305
88 255
424 125
401 133
186 274
27 421
490 277
251 139
401 347
221 239
320 333
429 10
41 65
321 389
185 382
181 392
376 325
204 475
129 116
364 25
323 121
408 325
121 52
22 244
260 333
380 128
130 295
301 472
415 499
325 314
408 152
391 131
123 3
40 258
210 482
304 215
320 258
54 464
454 359
461 137
427 439
379 161
107 195
71 297
246 234
394 254
410 478
171 48
468 43
30 277
229 8
76 380
162 166
235 101
383 217
289 83
448 460
78 493
49 316
460 348
194 87
87 476
226 405
15 219
276 341
393 265
220 292
2 371
482 164
301 490
339 380
434 248
351 308
251 133
295 330
409 114
10 263
343 396
127 338
220 253
98 376
292 131
291 469
129 232
189 278
349 138
24 477
436 36
219 90
151 244
163 356
438 151
57 288
93 115
195 301
273 3
33 283
221 249
437 177
154 354
77 202
461 8
258 465
313 406
283 148
418 224
300 222
69 186
230 404
212 436
213 389
415 251
261 204
194 273
484 130
34 405
158 492
193 213
239 458
308 88
186 331
210 299
118 427
367 171
258 183
27 84
350 496
109 1
229 112
456 75
31 257
405 466
484 441
5 165
464 72
360 384
429 382
476 326
333 434
63 413
279 201
171 60
339 435
415 382
468 154
187 58
389 438
316 204
448 375
224 297
354 286
390 204
43 398
490 95
437 477
312 380
495 99
229 47
299 416
310 460
101 396
156 277
156 33
47 86
190 260
267 442
493 317
374 241
346 271
28 131
134 109
270 376
455 397
262 263
165 62
21 269
431 94
38 441
194 16
31 388
187 405
334 327
53 439
120 67
471 493
43 483
404 287
467 363
76 105
410 327
262 164
273 439
198 364
368 407
425 420
217 413
244 110
40 319
153 446
191 183
145 8
232 284
181 369
274 126
249 268
75 336
232 123
441 386
267 78
243 35
478 136
437 67
314 178
212 458
406 147
432 248
153 383
215 35
221 127
129 155
70 300
211 67
202 229
241 53
400 436
435 142
158 21
325 396
181 22
15 411
271 191
437 229
83 261
109 187
341 163
65 343
368 352
46 463
168 132
74 74
206 269
239 259
395 244
492 380
82 286
146 377
63 402
44 418
123 372
137 156
111 249
338 416
382 2
83 360
471 180
22 484
174 24
153 58
360 208
444 490
476 496
253 34
158 195
381 438
390 136
488 331
9 400
43 135
180 386
473 4
93 67
301 18
424 60
250 412
358 0
300 410
356 38
16 318
149 86
371 299
337 107
249 178
343 228
240 77
164 78
42 397
360 364
450 162
350 440
240 33
481 215
159 303
326 100
24 326
111 123
414 185
306 35
88 332
166 26
469 298
347 314
2 416
65 54
264 301
210 386
266 429
343 144
429 273
213 273
353 396
480 141
72 237
206 296
199 239
374 59
125 249
103 487
216 472
0 413
411 8
449 271
404 44
459 365
29 322
409 273
349 123
408 64
297 312
337 196
377 145
267 358
111 351
447 62
243 176
198 25
197 465
453 256
428 1
29 312
126 106
399 86
218 154
54 177
12 141
104 454
181 67
402 129
399 75
27 99
279 417
458 340
84 441
260 353
318 191
145 439
257 75
457 256
340 379
312 432
477 490
220 130
146 62
482 319
108 75
388 463
431 417
279 42
198 125
161 74
217 337
50 102
39 180
345 312
55 170
479 181
424 216
294 164
30 83
401 116
439 226
137 5
235 84
261 133
219 423
55 444
111 424
197 21
229 158
122 175
173 148
170 58
79 52
458 232
79 468
69 398
477 24
75 81
460 30
418 175
466 335
78 332
296 450
304 339
314 172
283 20
170 161
458 50
127 195
183 318
111 85
127 244
312 139
207 89
193 59
200 71
193 282
74 329
357 253
415 428
28 348
9 257
68 125
487 271
393 202
77 94
461 0
493 421
297 385
184 450
376 121
373 3
338 326
427 97
440 372
444 97
9 216
86 368
293 131
291 395
137 84
378 198
302 68
243 270
154 420
173 459
399 132
76 259
23 13
214 80
77 462
56 179
114 312
466 229
405 148
9 212
53 134
279 404
400 62
30 391
116 317
90 68
273 174
260 315
457 33
68 148
267 247
456 240
4 24
200 58
364 445
136 44
276 473
382 380
214 55
142 380
3 133
250 459
157 400
125 43
283 112
125 312
479 189
344 283
426 451
450 145
277 15
32 31
393 164
215 143
373 113
21 33
99 51
383 191
200 86
465 184
83 476
117 443
48 127
365 431
106 276
472 473
97 238
427 347
490 453
450 305
214 288
216 191
3 317
332 278
323 413
166 110
156 441
401 252
379 436
151 417
40 374
277 146
255 406
486 388
76 113
454 360
111 463
50 441
174 430
171 208
7 398
277 42
23 400
71 357
88 406
233 465
62 341
97 480
171 348
169 275
391 450
479 266
210 437
126 19
398 81
131 28
141 360
469 203
371 35
247 100
418 98
328 211
423 230
202 162
198 142
148 183
365 294
106 126
7 293
432 209
57 352
186 366
136 414
278 132
48 479
139 290
287 89
470 52
459 218
93 472
337 98
2 217
497 96
126 206
37 377
38 233
121 237
490 415
216 165
18 429
313 342
159 302
447 397
197 369
452 112
344 310
441 96
354 263
221 475
380 171
85 379
362 422
482 195
185 460
246 425
245 131
4 245
471 49
284 172
377 101
131 9
442 352
240 337
221 471
100 382
28 400
158 285
146 3
419 410
451 67
336 70
474 369
55 499
157 306
284 300
305 354
373 413
177 276
120 137
352 300
219 233
203 418
170 135
490 286
366 364
287 5
175 46
128 236
17 12
248 274
373 230
286 295
154 235
138 6
85 303
145 493
74 470
132 400
478 418
286 420
321 151
464 238
354 369
406 487
131 131
372 54
75 287
490 463
298 293
100 211
416 292
361 454
103 313
119 193
373 23
339 460
226 476
462 202
264 206
251 0
220 44
466 4
2 485
90 26
240 157
485 309
153 117
487 238
154 139
208 440
197 26
219 19
13 210
83 71
246 298
343 88
177 328
68 394
441 230
27 56
382 9
235 433
140 471
9 99
159 361
326 410
415 432
310 34
498 142
482 82
214 106
473 335
161 252
364 271
149 461
243 0
183 496
343 493
244 446
434 142
257 123
337 47
243 446
313 245
330 44
498 335
223 238
33 360
92 373
139 165
35 253
125 168
63 204
184 490
434 432
45 277
260 400
300 53
10 403
17 321
409 247
85 328
422 274
425 209
282 371
399 271
282 234
154 278
211 8
41 86
82 57
388 340
362 76
428 134
370 172
226 39
156 233
187 257
493 262
28 267
183 126
393 173
318 396
203 119
272 132
404 497
317 134
231 223
465 100
433 318
346 317
28 1
26 267
178 101
453 485
156 32
462 37
281 443
399 412
475 309
29 197
251 194
365 439
112 196
11 494
173 139
35 371
106 27
485 13
29 461
448 375
455 39
490 192
429 381
321 239
289 480
85 131
37 2
265 444
194 179
77 17
172 352
477 323
433 24
230 350
168 101
350 287
353 227
440 330
205 143
463 183
335 287
327 307
330 57
356 71
71 248
353 257
425 261
287 137
230 300
241 76
121 192
71 75
417 258
257 108
474 217
235 162
297 257
334 426
159 369
110 500
350 11
194 231
271 165
420 150
375 173
151 415
159 447
306 448
257 443
371 44
358 316
2 436
200 225
265 96
436 215
440 472
418 380
450 46
413 338
447 18
9 484
201 436
459 173
325 364
18 93
60 112
437 323
236 358
345 215
359 157
298 43
273 280
85 115
412 70
87 227
56 93
25 268
162 178
262 325
11 33
435 419
303 240
178 319
31 146
232 334
253 421
8 122
324 377
259 380
77 372
67 467
448 390
242 284
49 448
475 155
272 198
40 449
219 353
88 378
402 186
194 456
221 497
34 472
372 9
498 105
95 13
497 172
116 496
419 73
452 106
374 407
9 243
153 88
2 77
283 495
459 256
2 281
469 96
129 349
146 309
312 176
406 77
81 108
200 249
272 145
100 0
14 346
403 262
363 368
491 132
34 344
461 24
457 480
271 464
84 116
284 53
49 460
149 176
187 187
130 274
498 291
435 368
296 64
325 410
138 97
141 180
372 127
490 241
89 69
201 461
215 202
366 74
105 189
250 400
116 160
423 76
223 417
247 87
286 27
357 157
306 110
98 458
313 283
119 462
444 492
110 490
95 353
387 170
275 33
287 95
219 234
226 12
149 48
85 425
100 308
386 341
96 239
19 418
153 31
460 275
431 4
2 218
351 371
322 243
451 438
237 495
42 308
378 86
344 303
340 178
165 111
142 75
497 222
306 7
242 50
308 472
119 234
27 1
431 271
25 127
298 163
283 75
167 422
169 487
93 385
10 498
330 480
358 6
43 68
386 6
49 460
198 79
441 355
207 140
430 494
306 231
86 35
269 321
50 325
91 147
373 434
233 47
426 140
214 469
203 355
129 346
482 202
463 46
256 337
74 332
233 493
3 379
497 286
302 219
1 390
169 139
306 250
154 408
353 462
161 120
170 85
53 219
181 348
403 347
65 277
109 446
293 374
195 202
179 149
463 172
424 395
305 379
320 139
220 97
435 169
206 261
101 467
259 68
28 77
45 54
172 389
275 431
28 466
463 272
91 103
262 9
200 25
419 43
310 173
408 351
63 232
139 290
279 310
6 402
337 305
164 442
112 85
252 154
70 331
232 167
477 235
300 393
90 15
18 416
330 362
89 482
211 92
85 90
236 336
339 373
8 292
83 493
219 163
165 114
237 68
475 378
419 22
109 365
253 460
123 463
52 220
150 406
238 227
357 201
286 315
169 141
482 406
212 417
128 80
393 384
393 112
333 61
467 232
66 399
269 333
22 328
349 453
0 192
177 176
360 60
250 380
414 90
93 107
187 401
420 246
152 399
162 50
79 487
163 80
395 364
493 352
245 169
357 500
242 364
351 476
70 8
198 213
237 233
283 374
487 270
229 486
444 386
106 496
405 90
479 49
475 189
213 111
158 495
197 361
34 269
463 68
270 8
187 17
196 159
199 122
223 203
41 237
153 472
476 237
188 414
280 113
145 197
432 309
191 253
102 282
165 304
7 406
463 283
374 392
333 331
97 188
104 372
175 55
189 292
80 128
469 487
173 120
377 52
467 120
498 460
43 111
15 442
61 58
98 364
358 417
430 437
368 33
301 258
474 326
31 500
157 54
87 83
237 139
80 260
470 256
419 341
338 236
157 66
6 24
453 417
103 369
360 61
312 138
105 187
490 250
172 82
281 185
415 3
81 125
34 199
271 354
29 285
452 348
35 136
15 392
239 410
398 480
19 300
342 7
377 432
328 202
248 182
13 245
258 473
291 430
204 402
276 10
329 339
108 101
13 370
453 392
34 39
130 57
367 220
433 488
0 179
89 440
496 28
405 481
394 116
467 443
490 183
150 74
476 146
416 349
489 484
113 53
45 247
358 489
460 94
228 261
163 352
113 185
427 340
340 102
104 261
471 460
169 299
491 75
456 13
158 274
479 466
114 158
175 407
463 92
471 8
204 402
171 24
51 196
398 18
321 359
465 401
282 400
68 284
448 270
339 486
77 405
207 170
484 474
165 22
436 229
34 235
24 368
482 329
75 104
439 54
425 221
160 464
136 457
425 64
25 106
134 17
92 70
178 395
267 453
277 315
490 89
100 41
218 320
117 255
52 448
1 153
42 157
144 311
291 441
380 500
392 436
185 41
86 29
38 239
500 194
310 45
365 90
247 458
9 467
370 67
320 288
347 291
382 211
103 211
368 105
349 426
205 331
59 199
57 290
38 490
32 470
38 252
453 439
377 481
245 427
311 32
98 283
445 217
30 148
106 434
466 346
425 428
421 188
285 325
284 62
204 205
256 26
237 489
176 183
165 280
409 89
410 220
259 242
131 212
23 400
13 404
281 342
399 138
106 169
329 271
75 79
280 181
300 322
418 414
35 54
400 487
390 449
242 14
83 113
427 178
366 139
202 491
407 91
95 488
189 132
361 454
459 348
388 333
3 435
184 206
184 359
447 44
325 180
191 230
422 90
27 159
69 458
461 213
24 6
273 280
7 406
279 420
77 244
401 65
63 8
427 464
380 31
299 312
322 186
4 280
89 198
293 26
368 418
242 42
211 166
309 356
371 392
183 458
229 171
271 438
309 311
346 10
63 61
241 28
297 12
179 432
260 465
411 275
400 314
252 125
177 392
337 139
284 73
106 125
184 107
420 337
131 474
150 321
450 389
315 141
328 212
40 138
347 163
135 346
459 454
6 157
93 76
195 81
256 362
19 464
411 150
412 52
189 217
432 483
296 283
155 338
248 133
444 326
312 29
4 223
233 158
425 492
184 428
372 422
292 299
298 57
23 465
136 152
473 460
316 20
340 477
38 176
277 413
456 473
320 423
321 252
11 138
257 101
343 315
162 205
358 43
199 413
71 112
154 278
80 5
41 146
353 48
445 244
458 127
381 481
20 373
401 82
248 280
117 303
310 433
213 20
188 458
241 273
7 436
242 103
357 309
491 81
160 224
152 37
391 492
53 334
326 101
301 47
355 269
123 11
175 488
182 65
2 27
140 412
463 278
202 453
262 428
213 222
330 200
28 221
178 103
24 135
328 313
177 87
256 402
55 62
457 293
319 497
232 245
357 386
423 490
333 279
29 314
61 417
339 237
337 77
401 165
320 279
43 163
312 213
102 436
68 347
378 494
96 401
448 267
148 294
247 256
456 167
226 429
353 146
422 338
499 398
67 423
153 341
388 60
145 317
281 76
357 443
436 12
443 327
23 182
46 385
366 46
416 233
63 186
302 101
112 396
358 283
446 252
68 62
233 357
52 86
204 487
338 152
10 326
228 257
359 163
454 427
296 320
441 5
450 182
119 487
412 496
223 471
260 306
268 236
46 101
114 385
444 469
55 127
39 202
57 436
296 276
357 124
288 402
122 392
386 367
411 77
108 333
137 24
272 261
312 341
492 167
459 76
54 238
192 4
229 132
18 197
478 234
303 107
221 299
315 56
232 7
98 103
453 459
123 378
128 161
151 434
369 120
30 428
461 309
53 207
132 30
125 112
94 21
40 437
295 6
486 296
153 204
250 480
273 126
97 241
268 2
207 59
0 362
332 299
59 468
98 275
384 184
383 386
496 265
187 3
77 267
495 484
400 182
212 29
188 190
58 131
306 61
458 191
305 115
123 74
112 107
120 415
227 4
492 320
182 392
34 151
349 459
423 498
211 94
450 234
27 133
8 111
129 301
339 12
492 117
434 294
125 127
369 206
157 77
225 445
277 131
406 156
239 401
61 148
243 217
135 14
102 7
182 260
317 340
117 375
417 313
319 191
132 156
160 419
31 132
443 49
162 56
72 497
423 460
170 314
124 202
447 258
409 163
250 348
92 438
189 14
433 229
130 125
112 393
234 143
38 347
415 234
126 56
342 13
452 386
156 412
91 467
252 279
88 75
419 378
460 309
246 486
168 57
162 241
142 288
211 348
16 435
89 96
485 380
189 439
383 89
112 467
271 130
119 208
445 296
221 208
347 222
109 62
399 193
17 301
381 269
377 154
428 153
200 371
324 68
461 389
257 101
496 187
496 154
434 248
270 477
210 137
99 459
290 450
409 488
2 459
345 304
448 308
221 278
351 61
127 195
357 326
245 368
214 469
361 432
248 243
144 39
263 453
256 84
60 168
191 127
145 450
261 194
469 9
278 176
157 266
52 378
172 164
346 483
278 112
77 422
362 195
182 96
188 329
303 328
41 47
175 367
332 364
316 60
496 267
228 151
223 467
171 257
339 252
141 116
247 88
475 280
40 294
192 240
453 378
143 58
0 55
189 252
287 326
500 131
328 256
180 373
400 332
391 433
33 224
400 466
240 279
487 363
401 59
430 211
314 211
202 32
463 104
491 461
9 69
374 365
75 447
173 341
303 364
412 85
349 274
272 170
54 436
236 122
175 295
237 182
345 325
229 298
348 31
488 82
143 413
439 206
493 62
151 433
428 245
60 400
294 108
41 372
33 34
479 51
49 378
458 94
460 180
212 326
62 452
60 435
210 170
325 43
31 290
89 349
122 209
38 150
67 493
358 112
102 165
212 221
364 136
67 13
236 471
484 415
198 360
402 316
383 447
13 497
244 394
126 269
261 377
72 329
167 414
184 50
302 251
383 423
412 178
116 270
330 85
432 165
443 77
455 329
188 315
162 159
404 353
99 433
490 346
54 241
45 147
419 169
23 365
324 264
374 28
350 57
374 390
481 273
151 486
276 321
254 263
112 477
101 8
50 469
121 163
54 123
452 54
136 436
68 41
385 488
495 275
179 12
404 221
469 265
436 223
98 246
334 397
314 332
438 374
205 369
221 206
111 245
177 57
44 123
474 381
488 188
178 118
411 275
467 27
402 170
399 105
121 174
382 216
411 360
64 267
194 143
150 138
330 48
245 13
217 428
337 258
38 95
39 158
458 357
153 231
250 297
326 303
142 370
76 424
370 275
148 418
370 56
77 217
121 496
274 326
439 117
164 122
350 73
158 385
290 96
408 398
343 125
75 310
320 366
4 376
410 209
492 378
204 162
439 455
339 407
457 208
344 281
424 177
481 230
82 334
438 21
329 285
410 219
3 91
233 205
324 241
70 109
420 419
80 463
388 330
155 73
87 490
310 44
22 239
211 321
8 297
399 36
407 171
495 413
62 449
293 27
182 131
377 129
240 48
188 175
193 156
387 37
190 313
123 477
267 422
264 180
259 68
246 29
272 331
14 304
447 494
420 500
369 237
494 187
197 39
358 387
291 153
483 358
113 4
115 263
234 483
287 254
9 32
123 259
56 100
294 463
140 142
34 334
373 91
104 17
261 309
201 391
167 119
183 42
384 170
321 436
63 475
444 301
287 344
52 33
310 250
440 396
184 473
330 21
126 67
277 105
379 341
486 224
410 270
442 309
4 287
157 252
207 298
57 413
383 93
333 432
53 317
27 91
393 303
54 137
450 500
153 326
15 340
372 266
13 74
248 34
198 349
143 44
313 206
148 180
380 261
309 432
363 254
365 175
335 444
377 108
104 109
403 282
210 479
411 264
235 102
331 176
427 96
184 317
67 298
226 31
272 262
32 123
322 248
155 137
299 28
232 494
454 138
391 364
20 181
31 395
222 171
417 247
237 469
293 222
191 435
219 190
307 347
479 43
237 89
450 208
209 498
214 66
292 413
321 330
113 304
212 161
253 25
487 463
233 80
386 340
40 440
283 392
2 93
226 177
314 488
31 70
325 139
361 333
382 177
231 11
161 494
67 227
270 338
290 77
209 41
132 75
412 239
438 191
429 430
97 173
168 63
100 449
277 140
97 197
208 71
475 84
257 259
135 359
22 454
254 195
309 492
415 463
384 218
471 322
108 310
232 430
89 474
368 112
61 20
195 461
150 134
55 490
193 221
153 203
249 230
280 360
312 251
420 219
67 106
297 174
180 464
477 64
61 16
110 470
297 302
378 95
92 490
481 295
167 107
464 340
404 356
266 182
446 385
280 488
124 75
391 209
65 339
76 318
481 124
359 483
24 125
395 429
460 52
208 445
95 264
15 319
56 63
141 286
240 476
9 297
175 205
343 265
460 319
184 425
37 37
128 267
270 196
496 251
228 68
74 236
104 249
434 147
402 328
125 477
66 317
212 169
294 278
335 451
93 115
278 52
59 418
374 311
341 4
496 359
193 3
290 344
129 58
130 287
200 277
87 352
202 69
90 4
77 396
265 202
9 468
196 323
70 173
324 52
188 352
140 364
479 428
316 397
49 323
479 349
422 466
136 394
210 358
414 55
331 465
431 483
391 493
395 325
259 250
40 98
242 454
248 335
111 340
417 449
66 363
265 123
114 47
176 75
315 488
397 368
479 450
108 104
386 293
106 132
468 222
133 190
493 331
112 156
132 130
195 454
146 350
444 104
447 394
324 199
116 475
424 496
336 92
81 390
453 135
281 406
369 98
332 470
49 14
414 146
218 404
476 331
136 35
6 195
58 143
243 341
240 52
348 315
128 369
199 451
349 429
289 100
405 51
76 199
72 209
293 448
85 89
98 244
275 364
489 413
123 408
379 241
154 66
353 186
1 469
291 217
495 261
14 75
425 10
27 483
442 83
478 70
276 153
318 172
215 83
0 116
249 400
23 389
247 496
5 329
132 69
444 391
318 300
418 141
213 245
23 12
332 474
213 368
340 354
97 14
267 296
251 187
61 370
434 368
484 228
280 464
461 339
33 139
288 95
424 201
303 164
22 186
343 297
10 439
237 378
464 127
243 279
245 392
153 354
462 122
358 396
199 405
329 428
39 322
341 373
301 203
98 260
485 328
385 316
132 278
319 73
35 256
426 414
96 290
455 207
460 29
165 53
337 182
49 126
485 329
396 92
210 306
216 14
95 16
116 163
212 447
10 327
231 57
15 376
38 341
498 87
93 397
122 60
45 147
238 280
413 343
231 266
234 240
242 169
271 430
333 166
164 324
24 174
308 129
275 412
213 177
284 180
7 82
433 276
130 310
341 299
19 15
290 219
99 236
241 432
495 84
443 422
220 241
300 301
25 496
225 190
361 377
467 234
208 378
239 190
127 292
284 462
281 319
228 228
471 231
409 181
34 470
115 148
109 68
166 465
205 149
335 160
206 52
76 226
130 439
357 56
363 331
476 241
242 408
459 446
102 78
270 303
18 205
159 351
392 354
420 353
228 285
168 183
473 297
180 429
351 153
216 316
500 250
54 129
204 201
292 436
44 109
257 294
409 438
381 430
389 261
212 423
352 448
110 53
177 209
360 410
107 296
141 334
158 500
364 262
21 487
362 2
363 365
342 279
87 179
113 167
318 32
19 298
228 335
125 232
76 37
490 224
123 472
287 151
130 220
450 352
430 346
354 145
116 273
175 328
195 378
146 284
482 369
464 444
135 233
411 243
96 316
324 25
167 120
42 218
187 193
57 221
396 308
397 104
270 233
242 426
246 345
270 419
346 435
332 376
431 10
303 148
7 183
245 18
77 427
475 290
98 76
75 230
191 115
136 430
476 343
129 185
189 209
29 393
86 435
64 495
295 305
267 215
22 1
317 127
29 360
218 393
30 397
112 164
290 432
81 197
68 277
3 55
477 69
59 229
423 367
259 450
322 281
7 349
439 38
456 62
62 305
192 118
53 301
183 22
124 219
13 64
351 332
156 430
415 210
225 311
333 391
249 127
212 455
413 136
431 229
427 21
232 166
45 301
490 209
324 25
490 307
321 199
458 316
412 391
360 244
77 470
370 283
312 467
166 468
399 352
67 415
250 352
348 171
300 16
45 288
399 157
466 326
147 93
211 441
419 79
489 310
96 404
148 327
18 159
346 348
387 216
154 417
12 265
144 85
209 52
163 144
78 354
201 257
132 128
49 157
18 400
74 467
231 134
59 471
129 109
156 214
305 112
339 224
391 387
86 52
257 165
278 17
11 108
8 199
423 100
199 417
438 438
370 403
161 160
69 89
499 361
309 86
26 152
197 432
330 424
38 102
293 146
64 207
267 155
433 489
437 263
396 220
456 26
91 188
107 309
362 171
3 161
346 69
150 58
360 348
28 427
265 211
392 180
359 251
485 142
272 152
23 158
247 470
471 329
382 471
212 419
46 271
175 247
319 252
429 256
413 85
449 73
421 493
154 380
249 155
161 221
45 347
57 258
283 233
391 485
471 384
248 46
139 210
313 15
18 350
39 349
231 395
303 350
476 26
399 269
148 67
376 351
52 316
480 368
399 81
193 196
245 422
350 42
327 316
437 334
99 90
172 486
196 149
352 277
216 484
78 378
47 407
296 377
295 443
265 45
396 225
131 404
83 388
483 343
7 221
27 47
454 86
381 9
425 170
9 276
50 259
436 6
129 284
220 295
494 24
409 51
374 415
338 345
461 377
270 433
310 375
237 229
297 203
58 397
331 84
185 493
450 250
169 451
379 461
168 228
44 278
496 196
481 261
475 283
96 498
137 181
456 390
376 437
108 66
40 79
250 438
73 288
383 402
260 244
492 464
105 414
315 51
7 412
190 309
184 96
184 270
265 193
110 3
132 69
486 325
81 474
474 291
295 27
318 421
303 463
348 274
69 358
106 196
12 345
98 9
417 143
481 209
477 61
480 51
266 98
56 271
391 384
9 292
70 454
58 438
343 393
94 289
413 213
114 48
299 432
419 417
348 367
62 361
160 37
157 161
22 245
2 492
345 312
111 487
305 230
72 439
442 477
140 404
402 225
115 404
89 13
289 11
86 171
315 61
372 468
98 128
498 181
94 390
130 372
354 61
481 120
17 401
279 448
166 268
369 166
253 399
7 10
220 32
203 367
8 114
154 152
441 207
162 304
376 257
161 124
157 266
106 453
285 480
288 99
285 28
450 424
153 412
185 61
301 374
284 35
282 92
431 230
5 370
288 493
475 195
135 264
494 74
409 56
363 229
403 323
129 410
98 342
81 77
443 392
86 423
318 118
482 441
308 223
219 66
407 53
411 83
222 372
139 336
348 212
24 484
467 150
20 446
382 304
496 74
83 124
320 187
153 294
373 182
229 476
177 308
37 423
128 288
436 18
417 41
408 345
342 60
231 99
161 338
69 28
364 72
29 42
357 36
371 169
256 323
170 170
176 327
383 164
147 431
327 125
391 338
320 367
243 14
59 95
335 486
233 181
463 171
77 99
97 286
413 470
379 487
388 386
437 392
349 415
194 4
108 184
123 198
138 310
81 452
288 496
161 420
27 88
374 417
455 340
300 315
471 241
263 7
265 165
81 283
163 171
54 361
192 270
67 211
124 190
398 405
193 429
103 2
486 328
432 431
466 299
145 65
168 244
46 105
423 101
347 379
17 247
162 190
397 195
216 20
75 455
8 29
341 386
449 357
246 311
382 230
391 336
91 331
108 35
82 457
253 480
73 152
379 70
226 497
470 444
318 430
264 13
246 99
359 91
496 495
124 73
24 276
491 377
174 213
306 258
190 435
397 84
21 120
159 151
401 9
215 226
54 481
430 417
29 334
265 445
62 363
228 432
38 16
7 337
158 405
186 320
420 39
295 226
31 90
169 161
171 56
217 247
318 378
145 487
448 419
102 210
273 440
95 446
397 210
218 35
40 326
289 123
386 226
340 338
439 24
89 378
383 451
13 121
112 157
268 445
225 358
133 194
192 338
468 359
125 486
305 416
454 146
449 43
291 103
134 361
88 308
203 333
268 48
340 60
215 142
81 307
138 74
139 139
264 136
87 188
454 166
485 178
324 96
301 256
300 188
208 215
315 305
29 275
44 260
405 139
231 319
360 343
147 264
430 392
31 290
11 403
362 276
298 412
87 171
492 117
94 1
17 241
155 123
297 56
151 135
381 307
227 336
323 25
3 12
488 310
163 387
237 242
112 276
343 175
436 371
132 392
430 52
328 255
47 232
70 396
58 211
120 416
205 216
320 440
395 441
372 335
382 340
177 472
412 187
392 321
225 258
441 58
461 252
492 241
421 130
382 36
404 78
322 102
489 223
379 271
488 166
253 151
150 448
113 124
341 265
407 423
62 425
197 366
10 170
101 107
165 26
297 233
345 207
415 250
293 362
345 218
115 251
141 169
205 222
362 260
411 4
276 70
336 136
154 388
6 141
264 17
347 425
439 495
444 46
266 119
441 64
472 86
110 230
70 49
351 197
471 468
122 490
187 282
200 87
230 250
448 61
344 280
385 224
266 447
312 376
381 315
298 143
441 425
19 192
141 401
447 217
461 185
38 110
56 10
174 424
11 49
191 42
327 345
489 125
249 486
190 102
87 411
191 179
63 93
242 215
41 22
215 20
168 384
347 376
21 104
72 496
338 45
438 328
210 365
39 401
288 458
293 134
417 171
329 208
229 275
213 120
445 284
355 185
45 108
212 398
102 43
454 420
357 32
461 281
67 439
59 257
102 254
298 65
281 378
486 407
342 176
7 486
286 491
387 251
73 329
255 132
489 418
2 72
319 200
48 302
344 171
372 253
84 474
447 296
197 324
110 345
74 152
28 173
364 149
253 229
196 361
167 1
269 443
20 397
171 36
190 276
141 339
111 26
342 494
443 172
433 335
393 408
39 484
313 448
414 289
40 285
398 131
499 52
81 345
388 63
495 144
488 54
66 321
32 39
237 68
37 447
248 423
196 180
153 193
404 304
101 48
68 123
30 59
123 207
354 444
471 480
476 282
409 141
292 219
394 37
257 442
52 205
311 54
84 418
125 294
221 386
278 295
374 217
75 164
435 364
405 388
212 291
450 190
427 482
499 191
189 375
353 427
249 237
329 465
468 346
28 387
463 419
278 18
417 254
255 194
456 418
1 396
202 74
174 31
331 84
272 92
101 490
106 308
183 345
178 46
301 468
128 365
189 99
481 362
0 433
334 362
98 499
335 248
318 37
457 30
268 25
40 361
1 339
221 186
9 128
344 351
210 166
187 56
3 251
244 18
1 233
48 379
231 147
8 33
426 217
71 328
92 466
366 294
432 157
115 376
437 310
94 320
298 495
436 165
376 177
72 314
199 454
419 397
293 460
209 323
127 176
47 178
320 199
67 73
432 496
104 423
42 163
25 217
210 107
422 155
338 118
136 121
97 191
434 472
58 159
386 156
491 147
228 257
12 231
130 345
71 436
235 129
404 345
151 382
476 205
109 269
52 201
164 186
67 261
273 481
395 118
342 468
119 454
317 89
196 152
173 7
26 140
106 441
435 459
81 342
432 123
94 497
19 82
358 19
301 340
152 192
94 144
366 111
32 348
133 339
239 109
479 408
226 410
435 40
41 184
438 36
125 11
217 499
109 408
242 225
448 187
477 473
460 82
414 153
259 458
365 182
369 236
319 125
162 98
335 358
237 367
260 108
141 260
214 386
155 233
500 42
89 440
358 303
440 165
137 441
136 390
73 139
333 483
55 486
394 42
294 392
482 291
179 472
328 200
200 202
365 35
49 95
56 219
366 31
317 131
500 110
265 244
400 279
30 484
26 168
268 334
315 169
310 366
204 358
277 152
78 192
453 293
189 376
245 259
458 9
388 437
157 235
267 160
117 57
282 374
323 490
235 158
432 144
442 172
417 230
411 288
352 475
380 297
370 241
14 88
130 54
367 116
280 379
424 460
177 250
295 55
160 457
105 10
59 174
112 223
221 199
52 86
9 481
351 377
227 108
454 283
272 239
493 255
439 312
19 364
77 354
472 83
147 77
167 232
87 60
83 423
370 81
394 457
65 478
49 114
392 57
346 308
245 315
188 162
296 33
307 313
248 391
265 345
496 329
350 427
231 261
99 463
176 306
457 418
217 369
401 367
34 167
75 251
227 189
178 194
417 308
174 19
423 75
251 137
267 2
264 124
261 101
290 420
124 368
456 191
24 146
54 278
316 41
91 185
40 334
62 129
136 259
163 278
326 78
218 22
223 240
97 13
280 71
178 308
77 434
316 11
144 471
384 340
227 19
310 322
390 22
331 447
45 77
79 276
170 12
352 64
212 489
236 264
294 214
369 357
500 255
124 27
236 303
177 109
444 16
56 188
274 419
307 194
385 230
396 235
99 308
294 214
265 437
168 181
164 192
269 230
245 24
142 6
491 299
401 40
59 129
237 72
408 165
347 289
212 146
278 158
362 259
35 261
112 97
7 26
9 326
51 198
206 25
415 366
125 171
439 20
188 450
23 395
419 15
222 352
157 170
260 437
282 403
436 322
346 423
384 411
363 259
312 249
298 285
29 67
277 251
219 481
299 280
57 420
384 418
394 10
87 448
209 261
236 134
339 222
487 436
191 427
76 271
139 9
183 82
499 39
314 1
453 319
478 291
402 488
219 82
453 245
348 365
126 417
477 382
465 189
482 361
339 403
306 93
361 284
298 495
123 199
163 412
102 162
265 0
256 289
462 265
289 383
70 238
155 260
487 280
273 219
267 449
171 292
279 444
343 50
117 464
49 381
89 162
32 281
151 199
56 200
310 118
143 198
48 35
422 60
230 318
491 395
441 449
93 227
349 123
344 133
161 403
217 214
238 27
141 162
100 499
7 193
249 315
433 251
14 2
398 423
439 294
499 318
220 184
165 236
236 10
370 162
347 407
105 266
84 460
138 384
134 386
419 112
483 298
55 310
190 171
346 42
442 391
275 309
76 62
6 154
10 162
223 100
350 255
225 129
180 190
448 41
76 328
467 186
129 295
265 234
358 238
67 409
310 494
467 19
136 268
329 206
3 19
147 182
472 373
210 491
195 381
135 462
14 493
187 220
219 448
246 415
499 304
339 194
400 322
384 371
448 66
70 45
55 439
5 128
95 184
224 209
212 251
252 374
290 42
228 189
390 273
410 281
141 102
9 286
500 403
117 419
340 223
466 46
203 370
483 93
175 376
425 265
3 257
497 274
327 23
158 438
43 439
297 327
223 252
156 50
164 145
184 293
114 490
397 399
341 379
377 17
494 332
320 244
38 270
281 38
418 249
310 296
172 406
401 368
202 448
69 84
67 378
257 230
380 474
417 116
282 493
283 119
84 276
167 32
66 385
146 388
308 223
14 275
295 448
193 49
216 350
12 34
323 121
351 348
494 465
355 261
32 408
159 81
201 76
254 202
207 395
205 445
143 22
37 279
430 108
488 101
246 446
35 494
229 275
186 13
320 424
143 401
125 235
283 404
254 65
277 22
208 496
170 345
497 355
58 77
153 320
208 203
113 251
19 461
383 341
165 170
218 27
195 332
51 217
264 95
169 331
49 19
471 485
289 242
359 434
151 418
253 205
272 76
299 454
290 36
32 172
490 85
271 440
447 329
441 276
121 198
198 165
345 313
43 252
98 120
97 331
203 472
366 95
128 301
236 460
427 494
205 173
191 444
33 480
429 389
342 376
153 347
297 213
245 10
146 285
47 482
237 155
76 110
75 422
131 475
204 158
433 16
479 321
271 482
476 37
354 237
154 120
63 330
29 497
426 339
490 224
298 175
406 41
489 407
476 50
191 208
396 6
435 453
471 440
329 234
18 55
488 249
35 164
255 204
244 294
356 431
202 485
288 497
443 73
59 390
219 101
425 386
470 457
366 167
455 499
221 114
192 479
48 295
28 250
102 192
280 150
252 165
160 192
419 98
390 62
16 270
8 264
118 87
82 364
165 488
229 441
456 450
282 398
298 295
357 335
367 461
456 343
482 173
21 20
211 274
266 418
24 172
206 403
140 220
86 36
86 469
228 186
367 332
368 313
201 119
354 312
70 371
257 389
227 8
226 100
104 382
413 359
314 404
268 145
300 493
257 250
392 400
239 139
49 247
195 420
121 90
255 465
400 409
161 101
338 192
421 267
320 76
315 169
406 72
362 316
304 367
11 64
136 298
269 206
83 226
463 337
271 343
355 487
234 326
416 229
292 145
95 156
331 482
247 213
182 435
69 288
20 497
152 466
289 233
37 240
28 231
449 46
109 499
223 212
394 475
275 488
140 187
5 169
111 8
132 89
490 237
287 371
406 376
300 252
347 90
98 109
496 389
111 155
75 5
193 43
293 313
235 24
264 20
299 266
378 134
55 485
269 237
195 176
319 190
325 310
319 259
111 63
468 97
330 255
207 32
84 46
480 385
425 26
7 488
333 220
92 366
494 363
193 68
345 134
212 473
404 3
93 214
57 330
230 65
245 253
82 378
385 231
319 199
273 243
347 93
141 14
413 187
113 113
311 137
339 16
479 458
212 357
332 78
417 193
223 131
252 75
203 405
318 391
251 105
28 47
445 369
176 454
334 294
288 168
53 381
221 387
246 432
285 387
213 494
216 262
210 354
95 351
71 38
273 485
357 293
154 18
258 319
35 49
32 399
246 282
158 242
332 232
401 90
483 305
317 240
165 360
278 487
35 43
311 452
498 230
320 54
147 201
32 433
229 160
307 325
63 242
108 259
69 446
395 198
333 130
287 237
211 24
490 128
129 45
325 134
99 37
328 65
347 60
200 61
296 97
56 62
439 495
160 26
158 365
371 155
83 376
453 134
157 190
312 486
130 421
166 378
164 380
270 91
452 491
451 285
164 194
61 64
495 88
391 427
256 493
334 457
483 281
171 338
10 241
309 229
490 120
10 50
274 440
6 364
262 143
67 376
86 153
387 121
318 280
420 382
363 384
78 174
44 396
494 453
57 476
262 331
428 211
387 356
141 334
307 474
372 431
480 156
350 191
207 325
343 98
23 35
113 186
219 74
445 221
90 468
281 17
384 341
317 280
70 97
169 246
499 416
490 237
207 290
314 477
486 349
328 128
493 247
312 220
202 66
180 475
134 15
473 114
411 172
133 40
109 480
327 112
469 372
18 292
324 355
109 47
95 175
97 397
204 477
433 318
202 413
191 68
490 367
445 421
159 357
366 382
371 63
12 249
221 309
262 427
428 466
195 323
305 3
108 277
1 217
99 412
431 274
203 363
182 260
166 384
370 4
289 188
429 480
441 324
256 50
253 1
444 473
485 416
192 297
469 483
16 88
303 195
408 257
490 262
324 275
447 375
172 107
434 441
462 483
41 435
486 231
141 102
421 209
274 71
161 341
207 165
283 332
382 487
116 66
340 261
285 246
100 454
308 309
262 407
241 472
149 337
339 341
366 194
19 147
438 67
484 30
262 53
273 250
453 262
272 342
49 73
461 305
353 118
12 349
30 120
183 314
116 472
290 356
22 176
118 130
344 63
452 385
2 418
356 394
418 384
134 391
223 102
246 471
420 417
348 186
194 340
126 454
75 322
269 288
403 207
397 388
490 205
356 350
353 235
21 486
120 299
252 185
493 452
499 116
412 403
317 62
352 86
120 316
377 356
391 195
172 440
180 382
60 272
348 246
324 86
22 345
71 374
83 174
345 450
158 93
393 128
28 255
432 190
188 361
277 47
471 474
344 460
465 228
360 195
391 114
449 362
256 359
258 272
161 380
420 241
218 283
250 320
346 247
208 79
3 487
383 122
206 284
25 197
227 278
202 175
485 33
233 44
440 50
298 216
291 357
199 108
176 230
173 462
22 27
314 218
171 325
298 373
485 137
15 117
329 130
307 110
296 21
156 100
138 455
186 451
148 156
129 373
343 74
10 278
455 257
66 486
447 296
12 124
85 392
158 344
378 368
231 38
86 146
297 151
463 31
103 46
285 21
252 118
359 257
304 21
364 182
275 274
415 284
282 399
307 115
72 238
258 170
21 329
460 168
345 295
482 77
208 303
186 335
259 304
250 211
498 27
322 267
250 22
465 18
393 158
379 456
44 125
165 474
467 500
185 296
336 24
347 68
273 6
352 248
348 246
120 207
408 77
74 425
56 55
146 376
210 452
488 196
273 299
120 226
358 245
15 296
378 36
497 360
481 187
335 400
118 331
466 81
141 16
319 57
471 260
292 223
445 219
173 281
402 352
436 365
245 173
104 380
468 412
187 494
491 293
247 63
374 278
298 361
368 24
20 201
161 265
467 198
118 439
356 114
56 458
435 306
340 202
422 437
36 65
457 108
490 55
36 84
356 152
7 34
182 260
437 344
197 452
211 361
418 123
296 254
280 282
318 464
284 23
453 10
434 226
138 471
170 67
77 474
181 1
425 219
437 408
258 210
465 201
479 189
255 12
235 157
176 25
492 144
161 430
83 17
16 90
438 459
336 444
52 430
342 382
317 149
221 106
345 299
48 14
157 251
379 473
90 205
188 165
442 97
333 206
317 132
238 49
443 181
433 133
463 31
409 162
435 398
246 106
10 259
185 494
19 234
498 143
216 353
131 273
213 479
290 13
352 28
467 74
56 331
379 340
82 427
109 26
479 9
290 382
499 5
219 197
314 266
307 484
466 145
255 354
192 301
77 283
89 235
160 116
212 246
219 386
129 29
184 74
204 381
323 413
283 201
97 205
143 172
321 249
208 16
238 381
251 9
157 104
72 156
140 104
366 147
4 404
212 186
196 500
447 367
414 59
184 434
158 81
70 111
221 208
261 360
158 359
121 257
481 122
121 108
386 486
72 217
173 165
301 73
232 299
3 455
280 271
54 198
482 23
160 179
17 450
408 403
104 422
150 373
293 422
443 301
80 324
440 445
431 273
46 375
198 118
18 238
346 209
422 49
265 36
131 299
106 419
443 370
93 464
343 455
129 201
407 156
402 14
69 350
117 336
409 118
290 125
37 409
337 341
132 338
336 95
120 279
47 151
401 144
61 144
96 132
289 309
133 379
429 105
148 480
261 348
437 361
199 352
383 84
22 1
479 118
285 234
97 292
398 49
1 384
356 124
114 462
186 450
334 43
420 378
25 29
265 258
383 290
266 46
264 495
66 84
98 332
204 485
106 291
482 87
16 274
439 284
47 182
94 46
404 272
64 133
293 182
207 181
330 373
336 385
15 123
377 195
480 83
104 496
357 226
75 397
497 52
56 392
478 427
165 399
60 448
191 68
402 471
105 380
144 52
226 274
436 142
455 242
30 266
418 399
147 222
441 131
392 472
351 281
213 52
314 370
377 61
481 92
483 1
473 386
51 147
76 384
166 372
312 486
438 129
131 285
406 435
331 259
107 271
164 21
452 104
241 61
179 102
299 265
498 342
73 166
470 169
366 325
122 331
376 381
177 161
93 319
289 9
343 92
63 393
234 244
302 220
278 429
38 384
94 258
319 499
74 405
458 74
43 401
60 61
409 498
226 428
243 112
14 114
452 235
198 220
230 392
410 17
47 388
27 279
328 429
196 119
343 5
404 444
124 20
486 92
250 287
285 330
349 381
69 441
286 288
53 382
299 182
151 294
282 271
180 212
265 320
265 145
43 345
44 214
145 360
188 328
288 68
452 447
371 379
158 408
302 264
334 37
301 58
433 127
246 178
416 319
401 273
188 232
69 362
399 464
141 367
272 132
277 275
303 352
389 105
481 27
447 146
4 265
367 243
433 341
287 223
193 262
107 446
258 87
269 223
84 465
224 378
152 357
453 164
29 114
221 94
78 412
96 81
328 164
262 154
224 367
468 202
453 109
373 268
306 187
267 23
152 41
244 377
439 364
369 400
61 338
437 204
3 39
104 26
158 308
432 176
489 424
417 76
245 153
233 73
316 210
121 360
103 234
78 432
331 325
303 180
188 246
432 235
183 285
6 7
208 297
105 495
482 486
297 229
305 272
202 113
392 33
203 449
225 155
180 55
266 41
298 359
263 427
404 197
116 304
191 4
304 340
409 500
412 464
123 361
188 388
243 500
243 472
405 114
185 211
404 69
49 371
366 65
343 12
298 182
156 311
449 20
13 83
391 193
138 110
26 120
318 61
223 346
255 377
324 372
191 90
127 287
275 355
22 352
396 473
191 256
50 421
443 257
279 194
198 224
387 482
160 314
378 121
296 98
82 142
195 131
126 238
138 120
233 277
48 368
422 353
172 226
378 276
398 215
322 415
90 38
126 304
145 401
387 245
104 176
315 154
38 338
371 332
332 28
251 407
73 193
127 282
127 377
237 330
418 387
103 18
343 430
24 462
362 132
474 379
125 40
277 316
45 4
410 188
473 367
283 276
474 65
295 443
460 24
323 73
262 181
350 450
491 367
145 471
385 359
367 374
463 195
360 352
437 322
471 493
393 377
339 24
271 3
353 377
298 213
146 35
168 33
207 462
378 419
409 120
37 385
192 480
38 326
286 100
321 83
315 491
457 262
188 262
167 357
19 164
305 23
310 398
248 2
231 100
106 213
464 399
498 296
336 426
18 494
394 325
164 442
444 89
470 300
118 485
91 317
297 281
109 331
200 169
382 232
212 293
262 97
351 331
354 345
315 335
110 426
446 53
362 460
103 484
450 351
361 79
130 54
51 253
205 479
79 301
240 461
376 477
242 160
91 385
59 297
107 74
336 177
176 178
451 425
441 280
237 393
247 355
75 353
212 16
444 167
333 273
181 334
183 158
407 88
495 440
270 75
247 220
43 216
226 420
147 137
490 5
52 444
66 27
76 29
476 296
352 27
77 166
208 244
69 491
253 203
410 33
41 158
205 117
360 131
148 131
196 324
251 477
224 27
211 110
86 125
373 387
267 435
272 435
315 204
73 6
226 108
318 15
128 15
171 221
297 48
387 158
138 490
352 118
455 464
47 358
230 127
292 245
132 272
64 73
21 150
467 269
454 100
80 497
7 288
434 62
478 339
495 360
374 114
297 164
352 376
447 152
152 161
330 285
200 288
417 30
433 448
456 395
214 147
305 432
144 68
125 366
418 181
135 380
261 116
451 94
349 204
499 412
446 147
482 451
478 113
446 44
269 266
16 13
143 124
271 198
328 35
186 166
346 44
290 461
168 396
380 131
170 221
240 291
343 122
352 322
367 169
297 10
114 135
179 235
327 394
262 344
317 220
392 343
388 377
207 91
487 7
74 422
231 165
447 201
495 453
7 161
89 416
129 451
397 419
270 62
147 51
497 143
311 268
348 244
126 452
484 418
473 304
65 346
138 105
303 282
475 158
1 362
49 198
285 439
255 210
495 18
4 310
186 365
254 303
343 314
281 320
49 406
181 480
128 229
478 183
231 187
29 240
404 31
18 372
132 316
22 51
105 409
411 344
441 117
57 243
496 141
204 457
264 136
21 122
160 180
409 266
471 414
111 173
217 334
17 498
404 32
489 38
486 49
452 149
83 423
245 167
294 26
353 266
478 203
216 338
495 250
218 138
374 317
270 152
241 67
288 491
80 160
124 44
320 371
98 377
262 56
144 239
455 4
48 29
309 288
12 137
441 443
253 27
467 422
123 202
31 144
315 215
342 289
45 16
350 363
363 60
267 131
410 325
113 397
134 202
195 250
492 131
270 415
183 77
188 453
50 168
323 251
188 394
355 441
107 330
454 95
414 7
123 105
259 367
319 171
358 490
115 430
2 441
36 47
96 202
391 423
480 46
51 259
316 402
308 470
236 453
175 351
470 474
451 190
491 18
142 268
224 320
257 36
168 33
292 258
426 235
388 12
369 194
420 498
14 219
112 77
18 202
202 283
349 319
375 290
8 276
499 150
469 313
45 266
272 137
84 346
13 61
79 168
205 5
355 118
350 104
237 344
264 329
80 92
392 169
335 238
56 267
371 76
470 107
406 80
139 42
202 10
492 321
367 353
447 174
128 472
440 346
278 500
450 484
6 477
104 250
432 399
242 153
305 279
223 322
14 423
443 395
275 255
284 408
484 379
64 122
276 306
413 42
205 234
239 261
61 329
20 455
179 406
386 349
8 338
26 481
460 34
3 380
73 169
263 36
195 224
22 426
66 121
486 339
265 135
134 121
326 11
74 405
2 75
361 330
277 35
118 245
17 411
392 453
283 245
176 418
173 380
335 37
335 300
20 67
277 305
485 497
184 278
123 233
143 288
45 455
168 401
340 62
138 438
35 126
269 477
26 425
426 161
303 69
409 259
197 276
469 482
163 89
248 493
272 185
422 376
151 238
24 359
71 267
94 320
189 285
357 291
164 406
34 268
447 257
305 70
271 154
340 190
373 124
282 327
158 161
121 41
395 129
333 39
462 446
184 437
345 199
262 350
361 112
420 159
88 499
115 266
376 197
170 371
37 461
122 161
447 178
12 47
359 494
37 315
486 107
315 350
300 346
313 418
148 256
246 250
297 495
354 133
34 103
326 94
482 441
454 168
16 64
480 211
129 349
345 100
347 358
227 338
221 50
462 88
97 206
259 373
12 352
318 172
95 116
31 142
327 455
206 246
328 477
358 106
459 204
395 264
30 9
459 323
400 164
454 199
178 442
75 245
239 346
333 64
295 344
131 248
296 311
27 161
420 299
79 419
156 300
295 305
48 427
448 285
132 484
438 314
0 478
96 344
454 235
123 405
82 414
460 258
6 252
468 330
34 320
236 159
119 5
29 369
39 233
214 73
154 215
472 95
337 162
117 152
131 372
399 62
174 241
13 70
379 219
50 84
424 429
105 171
76 330
250 336
7 208
135 446
383 296
203 156
113 132
133 98
381 489
265 380
26 446
338 125
348 387
379 293
487 235
233 225
189 175
351 324
382 368
485 408
437 481
115 489
286 232
391 490
393 293
268 326
221 253
486 285
411 45
392 144
483 277
304 19
381 367
211 142
251 177
98 34
326 0
47 474
231 24
288 170
119 269
9 319
221 340
88 358
426 301
221 55
476 205
406 124
152 358
65 162
153 6
138 312
73 279
116 363
284 437
267 244
108 113
234 114
144 348
151 363
154 498
235 377
64 351
19 425
84 216
300 357
138 219
13 121
399 339
144 152
129 69
44 271
369 242
290 242
24 402
492 10
403 337
148 415
258 216
182 360
76 213
318 433
372 27
382 300
356 324
35 297
417 363
499 79
421 486
348 167
93 436
68 88
301 376
372 69
143 340
400 94
68 65
266 101
462 344
455 53
468 52
41 240
273 379
106 352
348 239
150 495
396 28
196 417
464 159
365 414
264 270
133 457
273 85
226 342
410 408
73 277
337 230
489 329
141 279
478 59
233 367
308 74
359 50
64 21
61 14
70 308
204 181
364 82
97 469
90 230
17 172
217 437
16 229
454 396
325 200
60 206
189 325
88 46
122 229
425 232
280 241
473 368
383 56
140 258
217 329
30 492
409 94
405 16
361 418
17 390
268 283
427 467
12 247
187 179
384 217
291 149
290 262
222 319
396 264
199 362
185 401
375 274
12 370
50 296
255 101
390 428
389 492
131 164
343 172
477 314
152 70
157 67
193 250
305 429
376 97
412 203
146 422
325 265
19 234
302 132
135 279
262 37
242 258
370 184
124 397
347 431
405 265
152 239
332 350
91 155
256 102
79 321
491 219
491 482
272 191
4 326
198 260
214 320
305 408
276 141
119 260
102 199
272 245
339 209
349 110
80 407
415 306
16 387
482 27
394 397
53 484
219 158
21 379
489 8
78 318
332 383
14 387
445 164
349 208
332 319
207 499
257 227
97 451
357 453
6 461
106 495
132 377
79 267
90 216
329 183
291 490
407 83
285 48
238 452
38 147
20 310
43 103
366 280
334 43
354 363
96 318
245 148
56 282
89 436
109 235
412 122
225 323
357 83
162 473
336 328
401 276
444 208
208 364
334 44
107 468
11 375
365 436
341 485
67 0
363 207
112 316
151 3
66 370
244 348
42 417
250 68
500 225
432 415
126 281
360 95
226 165
296 300
161 191
235 325
281 461
82 84
480 63
216 231
141 364
450 39
102 198
350 190
359 131
398 394
177 41
380 485
356 473
481 400
411 291
176 263
60 87
124 123
471 417
44 491
407 464
329 301
311 461
178 6
115 209
294 314
16 134
232 213
429 402
358 92
431 292
251 77
166 424
380 100
471 44
320 206
247 71
212 129
56 461
185 468
16 237
83 265
222 242
45 187
232 432
64 87
15 106
173 113
99 355
426 446
377 238
54 328
393 365
263 186
41 167
336 299
253 430
25 491
69 286
388 138
42 452
35 302
90 276
105 106
159 164
454 176
275 173
55 21
187 45
119 231
487 326
9 422
483 420
334 165
258 160
271 447
352 464
187 414
154 165
191 145
311 133
53 392
99 13
254 45
359 492
200 159
239 23
381 344
96 332
76 346
145 300
31 53
129 194
311 347
50 19
158 196
402 167
398 81
164 392
289 339
197 423
6 2
317 134
265 236
36 420
317 184
277 249
115 199
434 141
93 239
384 312
318 451
390 219
131 245
480 202
157 57
227 177
463 206
75 425
20 140
55 335
159 456
50 225
63 57
180 105
39 483
157 96
425 201
115 119
59 321
152 166
67 404
288 238
97 211
432 235
225 169
205 452
326 394
103 438
491 127
207 455
145 469
105 323
19 167
136 343
325 91
157 376
289 29
486 236
53 312
355 282
311 403
53 45
379 191
223 93
310 57
266 431
371 213
81 427
414 432
450 70
319 360
99 56
24 427
330 252
14 413
9 290
412 496
368 55
408 331
17 176
360 152
225 41
137 475
384 423
371 42
309 160
496 190
247 6
84 440
2 446
20 90
7 58
10 102
2 282
355 338
439 115
65 417
385 450
33 165
216 419
292 232
481 308
153 320
373 119
229 295
153 359
25 23
31 307
133 53
441 249
348 300
81 294
119 491
70 82
80 318
77 282
3 71
213 354
251 341
18 399
220 156
270 85
297 13
88 425
389 85
75 205
353 117
169 204
436 233
201 326
442 235
227 375
308 34
268 168
190 358
86 121
186 246
491 19
314 65
344 202
233 65
240 197
433 115
406 11
93 257
73 121
106 434
25 13
152 386
343 158
84 260
267 462
179 348
192 405
41 353
252 263
349 78
370 139
194 441
438 231
334 38
91 434
64 86
103 282
192 464
478 295
138 189
486 454
361 459
55 29
317 37
409 55
83 230
232 92
326 339
470 456
135 479
122 290
175 372
62 81
236 147
492 306
402 443
243 456
186 452
452 400
495 206
28 63
38 177
121 343
436 478
289 248
178 400
145 148
499 173
220 189
312 157
273 353
498 467
401 133
194 494
405 399
393 159
433 39
319 27
54 324
426 53
391 93
228 157
318 477
62 336
496 284
178 67
428 498
17 37
50 107
142 224
220 486
413 91
387 407
49 86
16 424
210 22
319 360
224 343
66 69
328 240
32 133
433 336
343 10
270 274
36 374
332 455
462 72
40 365
392 468
324 34
266 224
472 171
134 476
345 71
193 275
493 496
239 358
271 327
323 186
300 125
52 268
243 188
56 158
351 366
287 432
196 118
281 272
359 477
418 124
206 91
285 498
352 418
320 399
473 279
70 379
346 248
270 365
430 491
123 340
362 422
406 469
130 222
37 130
257 475
480 481
143 179
110 124
81 308
64 59
84 339
193 177
96 191
237 275
150 11
364 340
42 142
92 460
366 98
492 311
64 188
483 416
66 113
83 438
360 306
269 482
139 411
455 238
54 350
448 5
163 173
195 108
341 380
377 209
77 1
163 14
436 478
112 62
167 323
64 91
159 162
155 168
110 111
242 431
178 465
303 112
141 408
42 328
231 253
196 331
40 496
496 41
171 304
455 400
31 21
126 473
159 416
163 270
230 286
155 268
237 310
94 120
251 255
365 167
418 185
309 446
197 279
343 157
411 421
377 356
144 343
396 480
149 40
148 491
408 271
143 315
382 245
369 165
313 253
326 390
44 9
198 466
383 99
54 339
16 494
257 432
431 369
97 420
363 338
21 89
300 474
421 424
114 259
269 101
358 468
498 14
268 108
498 420
295 216
430 138
191 31
156 439
168 436
299 414
422 286
360 239
186 308
144 400
497 454
373 170
296 495
75 366
282 472
96 15
199 192
78 174
59 380
81 185
496 406
254 198
192 463
347 257
235 47
421 255
305 70
184 123
16 66
400 470
225 335
313 390
50 422
116 70
4 100
490 46
87 385
141 456
368 308
399 388
164 248
333 83
433 426
244 59
34 42
274 475
310 116
28 51
295 122
158 199
404 8
218 286
95 337
359 391
305 58
241 351
174 353
206 466
140 335
43 3
430 162
449 47
199 489
112 23
92 227
488 327
337 322
234 274
383 444
406 409
340 221
491 421
44 293
212 225
444 373
50 144
436 431
392 446
354 91
368 56
220 402
66 119
168 345
422 76
127 333
140 255
456 189
467 358
457 324
267 91
437 102
99 70
133 170
332 132
342 403
182 296
90 449
112 117
356 252
296 81
423 424
310 421
175 14
252 344
20 160
438 178
279 484
56 72
29 479
217 348
296 110
498 480
23 53
333 199
357 198
444 79
428 88
64 389
427 198
3 468
466 171
500 328
216 90
147 484
485 382
347 307
80 330
396 280
354 338
21 171
93 478
229 403
47 311
160 447
211 118
120 373
486 93
96 366
334 292
370 407
299 343
158 227
268 213
82 133
486 317
81 215
168 173
164 21
138 334
455 446
422 159
30 69
133 307
449 304
241 446
486 422
24 387
447 496
418 68
386 292
202 344
327 217
486 238
123 185
118 344
362 448
13 278
242 493
181 158
33 499
474 459
164 95
331 163
405 338
53 161
253 167
339 489
205 37
12 260
275 150
443 287
92 214
448 315
110 236
276 363
53 223
348 442
171 455
323 449
262 450
184 37
96 187
54 419
369 251
137 262
184 446
295 261
261 95
331 469
382 302
48 206
383 248
341 476
151 223
157 450
489 97
371 20
196 114
318 415
106 320
452 500
88 192
228 323
146 354
62 204
97 68
295 393
150 376
357 102
254 135
390 389
285 45
274 183
305 188
391 360
418 180
367 35
315 142
479 242
291 225
441 373
487 327
288 210
4 350
416 192
424 481
82 355
106 474
144 361
452 433
161 280
383 31
22 261
67 310
365 426
127 399
371 178
56 239
154 64
427 436
260 490
136 430
309 279
215 196
313 30
147 375
415 206
461 177
337 306
429 34
245 111
463 347
65 191
477 24
218 300
5 404
61 439
466 86
384 417
368 282
80 479
88 95
156 331
167 337
272 164
258 33
244 69
84 75
227 109
24 410
200 466
397 275
363 402
67 499
74 200
209 491
355 236
385 134
237 100
492 172
282 285
243 298
455 378
215 390
351 211
323 260
465 167
348 394
289 183
240 480
284 305
179 20
203 283
142 113
316 82
461 415
359 224
109 479
181 234
429 47
237 10
260 415
173 212
127 129
365 274
2 445
174 359
471 115
248 68
348 225
332 109
158 176
112 410
102 186
215 367
23 367
467 474
183 359
218 37
42 498
153 279
329 22
51 163
481 78
41 82
14 167
442 484
180 352
169 352
404 414
402 81
362 420
90 330
485 163
132 188
161 384
146 448
79 314
256 108
398 35
372 30
319 101
43 25
203 395
339 91
491 170
57 227
187 290
360 152
70 385
138 183
296 9
343 359
96 16
74 367
284 246
251 177
427 58
332 347
328 413
3 403
94 330
125 398
366 481
371 193
285 436
347 10
389 440
111 200
145 86
59 65
275 293
380 404
323 189
340 394
424 336
95 259
64 247
123 189
393 456
131 347
277 52
154 161
268 143
247 94
121 209
40 47
453 276
390 28
497 171
306 180
208 315
446 473
159 483
98 32
355 133
149 338
263 481
294 44
324 198
189 484
169 476
22 70
397 412
63 204
201 114
371 418
268 228
391 476
168 109
451 453
290 353
30 178
60 79
56 27
139 55
290 433
353 35
109 408
35 262
4 388
261 4
87 90
283 143
97 190
308 36
320 129
223 350
420 282
115 404
113 230
431 148
30 331
259 13
256 369
486 37
434 27
258 117
30 427
136 404
85 30
292 470
82 64
438 384
71 468
163 473
117 47
424 263
400 417
188 500
364 95
141 175
57 66
397 221
416 288
25 284
368 486
176 164
2 222
71 184
47 448
58 339
231 296
178 72
155 401
285 165
292 332
46 186
451 9
430 336
302 277
370 198
84 394
228 172
203 151
374 108
100 446
354 73
260 202
361 292
145 262
461 0
224 488
355 100
95 363
115 167
378 370
408 438
406 103
442 415
192 243
169 434
201 182
129 306
36 436
283 46
373 59
27 252
131 389
116 25
402 380
296 265
352 104
174 79
200 432
333 187
347 143
265 333
172 170
454 367
56 490
454 229
338 75
327 381
437 486
122 148
131 431
390 497
325 149
28 339
255 284
75 233
204 82
27 400
36 250
464 277
98 213
240 445
361 380
140 467
175 29
458 357
412 315
29 242
5 441
359 396
492 64
376 35
17 339
319 252
391 311
201 93
167 216
176 453
81 11
397 66
416 427
171 57
91 249
434 28
148 213
240 320
167 486
40 123
285 371
460 45
495 179
146 294
187 161
101 301
45 257
484 296
144 152
194 77
81 477
362 334
441 446
173 358
175 29
306 253
438 414
373 460
315 479
27 159
315 182
410 225
402 449
453 142
193 382
303 394
494 168
476 75
102 490
168 287
428 408
492 124
457 6
342 327
402 52
226 333
255 74
373 3
434 470
34 11
476 182
150 117
357 349
241 32
390 10
11 4
394 415
446 220
46 287
394 32
360 213
115 427
281 81
473 172
388 76
250 37
409 121
224 185
73 358
453 186
6 270
362 169
348 57
35 473
170 13
470 57
414 131
228 199
164 463
306 35
291 99
129 432
30 51
117 70
495 150
81 306
429 404
169 126
400 221
26 31
424 218
368 423
187 370
105 287
283 220
146 229
487 133
9 219
315 159
339 2
383 404
342 430
83 323
93 254
3 343
436 19
217 488
154 329
257 106
172 226
418 193
407 330
171 361
337 65
296 422
491 397
462 253
255 306
64 32
34 77
231 253
325 150
298 237
314 180
477 104
201 306
11 361
252 462
116 476
134 21
113 380
469 113
487 325
356 52
11 413
271 454
209 241
32 375
290 389
240 236
378 244
100 45
103 436
23 9
243 418
121 97
241 429
500 327
454 336
152 235
29 196
27 242
161 181
225 129
224 412
312 311
330 50
43 20
129 196
478 124
24 189
264 426
153 7
34 312
259 273
362 291
272 224
406 363
254 470
441 137
307 10
195 119
212 464
481 105
175 368
60 189
305 492
417 201
123 291
370 90
282 164
170 4
402 227
447 31
367 491
221 104
227 258
499 301
132 280
366 326
458 117
21 120
444 279
230 26
375 350
395 51
285 373
102 466
418 468
373 52
401 40
112 232
128 250
365 259
32 270
40 210
94 273
75 145
344 56
240 327
379 102
170 399
222 466
13 155
386 422
399 84
459 106
257 45
78 307
15 90
232 323
121 247
380 145
71 334
109 293
289 91
88 454
404 259
414 305
70 344
107 97
298 411
277 317
146 418
225 157
168 103
417 17
440 257
232 69
112 279
168 3
121 12
356 309
418 230
254 212
183 137
312 89
214 116
12 324
127 127
273 488
227 453
201 189
310 121
402 368
472 477
10 325
419 18
380 165
344 130
418 59
363 238
431 63
209 136
175 467
11 33
107 437
112 438
121 206
408 68
102 23
312 3
59 270
304 79
247 331
305 317
94 144
473 489
82 119
35 433
382 230
44 297
59 408
499 157
133 35
226 332
18 372
213 254
342 287
280 193
358 293
52 346
85 323
262 271
235 383
87 492
56 328
471 467
28 331
251 97
210 320
251 201
259 103
121 160
280 295
279 485
357 8
124 84
319 160
438 178
8 380
188 271
352 347
334 12
395 422
464 302
98 446
21 356
145 399
18 453
279 152
317 138
217 350
499 313
189 284
405 246
283 6
357 109
142 11
183 116
403 453
94 411
241 235
304 347
163 237
368 459
499 476
324 16
230 146
432 215
30 178
149 205
339 260
125 42
72 0
190 219
165 56
392 221
131 231
130 367
484 421
390 191
111 94
314 163
163 155
310 39
338 390
500 51
2 80
115 436
116 413
254 218
122 194
391 32
38 481
173 85
488 187
294 398
77 39
482 413
467 401
255 322
156 300
402 427
447 325
91 102
14 357
420 199
70 356
261 329
302 496
134 62
137 196
126 141
47 497
51 366
230 456
90 401
181 347
81 329
351 388
457 104
435 246
108 52
360 169
35 163
240 287
262 128
299 432
204 75
268 459
326 434
171 172
284 241
309 273
480 77
304 298
481 312
222 116
183 9
206 96
293 136
269 271
334 263
244 181
75 432
23 307
446 211
115 61
11 290
392 300
435 269
391 45
393 278
396 283
377 183
310 148
224 91
370 22
164 88
472 371
72 296
16 171
30 230
378 243
409 156
150 138
134 313
123 476
498 426
172 110
1 49
420 85
389 239
466 239
132 31
23 108
479 469
88 163
99 376
20 193
347 281
260 73
494 446
9 65
49 202
460 416
295 485
79 328
473 99
286 278
422 198
175 100
239 71
284 69
191 444
49 318
420 396
239 84
277 219
23 500
364 35
4 239
305 496
326 249
79 106
97 71
285 69
322 440
134 150
156 162
369 349
3 347
145 64
289 87
364 220
330 346
325 47
370 290
119 377
141 204
439 181
56 452
434 327
27 144
312 137
468 346
102 482
334 4
385 345
480 76
33 343
39 286
456 300
359 406
315 492
269 119
206 375
457 236
464 159
458 27
255 81
240 151
422 320
100 80
282 41
347 93
264 260
472 100
404 207
51 155
93 253
293 423
63 173
317 409
411 339
85 28
133 147
154 266
331 54
202 22
312 244
254 236
192 407
198 305
184 194
338 341
467 7
102 209
396 118
320 367
417 118
350 467
319 223
124 47
313 456
274 115
416 295
184 227
136 154
216 88
381 20
394 148
91 449
164 4
391 112
109 212
494 153
112 193
157 96
11 496
107 5
178 147
235 459
336 315
95 495
273 341
69 242
284 419
109 2
406 290
54 446
99 31
491 152
68 386
7 357
400 27
444 124
265 302
444 299
481 85
212 267
425 246
138 474
20 442
263 492
471 296
190 405
330 11
101 63
205 123
441 32
170 207
457 455
112 294
252 428
410 454
90 342
94 409
110 493
423 47
471 328
334 96
244 212
400 277
452 165
235 143
77 39
67 186
234 174
280 200
210 72
208 441
117 390
11 263
275 61
240 154
0 449
491 407
338 422
85 464
14 193
298 87
249 168
85 214
94 323
154 200
426 85
344 206
276 21
273 478
47 299
25 281
214 419
184 313
60 37
1 401
400 124
128 163
36 56
114 431
365 59
149 137
420 60
90 496
364 113
35 240
297 449
488 246
457 161
17 462
264 232
187 5
300 286
467 176
231 353
419 432
29 98
97 428
490 337
285 285
107 149
156 397
67 52
65 278
426 365
51 490
105 202
196 252
365 83
257 132
320 239
31 298
142 282
116 408
393 137
200 267
20 79
208 68
441 37
58 204
348 195
451 65
88 123
8 255
29 385
219 390
246 447
123 49
244 277
267 109
55 315
5 298
192 247
81 484
173 374
356 384
63 494
314 323
10 416
113 456
153 438
75 473
130 299
91 411
376 430
196 247
50 132
220 52
424 446
143 298
480 150
163 86
43 192
251 343
99 461
253 155
248 358
156 420
175 109
22 460
238 107
436 317
348 393
38 106
450 326
449 212
130 97
264 383
114 294
126 225
360 226
49 489
285 365
98 286
472 147
289 59
208 426
120 140
270 490
391 24
191 84
497 43
335 254
177 25
5 472
86 131
154 295
235 21
351 76
142 126
80 217
131 314
371 341
325 348
13 48
485 350
331 378
454 464
253 154
191 240
379 244
440 114
339 206
321 167
98 304
249 100
21 422
218 265
490 192
238 284
309 95
150 161
451 236
88 87
466 390
204 319
289 466
198 313
107 240
328 57
47 361
115 80
241 463
119 417
463 364
448 333
253 201
315 410
225 401
322 41
402 48
412 475
34 108
171 144
429 151
47 74
399 75
280 355
68 204
365 99
185 50
98 380
349 340
115 111
36 175
191 430
38 17
158 85
52 155
410 306
191 114
84 491
378 151
128 75
419 349
187 387
28 35
163 224
28 372
384 61
217 304
47 107
55 213
424 72
244 258
169 485
291 457
18 276
295 452
406 488
384 296
5 99
223 265
438 353
137 34
7 342
383 395
356 473
473 358
223 378
329 229
166 431
460 81
363 176
131 311
238 431
79 350
438 474
278 478
281 418
403 252
363 73
25 110
113 295
163 485
311 429
246 163
79 246
281 330
174 38
2 107
336 391
456 460
175 405
467 97
241 256
207 364
470 162
388 434
246 435
457 286
198 10
87 272
323 418
88 238
414 137
436 470
15 118
334 394
192 453
310 322
163 475
135 168
389 157
391 337
292 36
426 236
302 286
257 348
364 442
483 262
85 456
404 373
362 4
190 186
93 109
280 102
369 167
456 464
177 380
340 112
402 462
91 79
321 135
86 140
86 309
255 403
465 313
197 284
21 453
316 38
458 265
15 190
321 3
260 51
253 499
157 414
69 7
389 489
196 352
163 218
454 214
56 268
27 206
300 365
237 133
200 180
175 235
129 268
204 259
14 107
146 112
164 389
274 146
280 428
407 221
271 381
379 220
358 378
223 355
99 328
460 120
158 334
347 318
50 276
431 357
438 39
215 276
124 290
278 303
34 257
369 498
485 402
37 289
469 162
363 202
457 186
52 167
314 414
100 74
22 21
123 223
160 157
376 336
82 449
61 284
144 284
386 310
493 106
213 375
165 36
12 365
3 459
74 436
444 112
5 85
282 207
195 24
446 233
130 144
396 475
189 72
269 156
178 387
394 169
101 189
406 326
280 200
141 27
438 248
186 217
254 151
469 404
235 471
6 443
104 241
181 223
139 20
191 230
323 338
424 55
119 434
287 191
400 211
271 90
460 62
465 289
174 266
170 28
267 495
449 208
43 458
115 176
44 157
16 422
343 150
119 471
80 116
402 138
269 471
114 161
405 499
10 265
416 223
475 96
134 318
492 151
24 264
201 82
13 168
23 499
23 458
161 34
63 182
463 427
246 184
430 318
33 39
419 73
363 327
311 24
401 341
157 184
65 378
137 408
313 462
439 149
362 350
295 346
81 118
128 62
457 17
215 308
197 455
318 486
127 36
3 206
326 452
0 134
180 411
41 442
212 96
360 159
284 7
224 306
96 178
470 321
5 455
322 47
341 385
59 486
55 279
163 186
333 227
315 385
477 418
334 385
70 199
345 78
384 55
123 376
213 204
352 396
257 15
482 84
331 326
189 30
237 259
274 403
424 258
103 474
324 164
487 182
467 298
265 187
177 150
408 130
335 226
378 170
213 391
451 454
248 453
285 292
469 9
249 117
33 239
187 54
419 300
278 6
485 222
387 309
180 374
137 409
63 135
480 398
154 454
267 317
107 404
224 328
223 338
342 399
378 288
325 84
14 141
335 250
437 288
282 403
268 253
89 294
241 61
494 144
349 272
464 186
153 407
68 456
175 220
401 379
431 39
40 309
72 268
40 269
329 230
365 141
420 487
108 298
483 371
162 46
407 200
59 73
374 346
308 304
410 345
276 119
70 243
95 171
166 280
214 97
300 179
29 398
277 14
207 259
91 106
118 30
479 15
276 431
471 195
375 236
42 47
237 482
334 197
242 69
40 423
377 393
442 168
122 452
268 459
12 183
120 332
269 362
364 485
59 444
495 252
42 233
428 4
429 322
224 302
16 146
426 372
422 345
241 265
412 372
409 414
267 71
484 345
62 366
198 228
387 131
433 113
361 226
304 104
112 411
292 77
191 168
454 58
190 466
463 45
416 233
99 30
472 210
350 339
144 12
136 11
215 318
289 412
185 397
43 218
72 203
380 123
373 150
166 17
13 53
178 78
153 465
11 94
195 182
153 63
388 13
106 430
178 51
113 386
49 363
230 11
68 109
93 322
463 360
42 16
356 151
30 500
252 357
208 30
16 19
399 58
449 449
438 337
234 264
56 346
1 351
120 93
382 291
120 291
415 25
28 412
213 479
165 125
206 162
360 437
134 171
404 319
37 498
409 351
12 429
308 455
368 308
145 49
60 171
360 206
30 269
490 396
457 310
418 182
36 333
498 208
53 272
274 59
45 52
315 176
454 63
405 141
399 62
467 32
456 417
377 91
132 226
390 295
265 222
492 179
455 458
92 306
115 438
376 324
179 421
181 281
4 38
367 295
100 331
456 70
174 482
67 120
27 331
455 27
197 471
22 52
198 355
320 385
217 469
214 320
165 31
218 466
456 334
453 257
137 197
475 43
445 382
77 484
187 76
191 472
114 197
66 241
169 88
193 246
429 365
487 250
391 447
65 134
118 248
49 415
428 467
152 472
1 17
78 445
390 96
410 488
102 140
451 431
491 403
373 165
404 66
479 143
126 217
358 228
166 284
144 393
147 261
124 220
248 176
396 218
339 236
412 330
100 44
111 301
360 370
177 462
57 391
373 322
297 493
398 356
70 189
15 421
474 152
332 60
206 220
443 90
89 459
389 498
146 287
387 199
287 438
148 49
309 295
497 489
50 331
198 212
404 98
325 133
142 364
415 123
86 429
207 426
448 187
409 414
465 228
496 270
211 170
44 175
412 415
102 234
376 326
309 267
22 417
375 339
473 214
456 389
495 324
317 242
402 337
434 2
201 43
408 224
333 423
373 460
35 76
324 56
493 130
216 293
328 156
347 140
375 100
12 189
424 472
298 225
220 6
44 155
18 443
411 395
74 225
200 144
500 18
102 412
125 46
408 116
61 267
17 241
158 214
277 24
425 57
31 219
23 200
474 219
362 2
44 194
121 116
138 9
469 19
23 473
72 255
53 434
37 339
167 420
26 305
322 169
422 467
71 120
103 340
226 354
144 387
413 170
346 288
333 460
310 129
181 237
398 374
275 247
242 473
20 23
249 415
233 256
12 329
317 421
132 48
37 300
416 391
267 95
178 83
94 146
87 61
412 497
483 294
83 39
263 194
317 173
217 288
99 123
92 199
162 216
202 222
378 18
227 401
37 348
388 217
66 79
14 236
197 441
35 58
25 174
427 0
129 452
307 372
440 99
84 93
92 373
268 22
380 231
172 159
55 44
254 141
287 208
361 253
6 155
279 125
87 5
78 303
62 446
470 215
419 118
174 454
146 100
238 472
347 45
280 405
376 242
45 424
419 409
431 221
174 240
105 114
393 264
243 90
212 54
1 117
369 126
127 230
130 323
494 312
443 228
283 458
110 307
169 254
104 113
180 385
493 149
317 350
315 343
97 428
15 17
51 27
167 341
383 321
346 157
447 409
171 232
457 288
400 487
2 71
29 499
39 265
429 259
154 230
426 205
247 200
272 446
472 500
281 45
322 159
47 113
486 450
391 361
209 115
81 248
214 459
36 13
26 207
404 72
462 49
212 187
285 52
48 68
486 287
450 118
374 414
304 303
57 395
331 297
297 14
436 117
14 500
242 462
165 266
331 20
152 60
453 458
493 9
239 194
385 497
130 59
55 82
55 395
218 364
11 421
164 448
475 91
80 169
134 480
321 55
39 124
210 329
119 316
375 483
314 207
93 134
306 418
427 375
275 254
170 211
437 178
322 498
461 120
189 275
318 337
420 268
290 30
307 248
424 235
422 335
148 243
173 399
217 223
276 487
252 138
81 241
262 9
38 466
217 42
278 273
215 73
319 288
127 157
151 90
63 349
330 434
300 464
75 438
0 446
345 471
463 466
290 142
424 188
267 261
397 420
223 18
152 289
52 466
179 386
244 492
22 75
10 424
26 165
47 304
332 391
467 385
344 226
64 80
462 498
420 437
146 171
79 259
359 414
183 120
167 40
364 200
145 425
245 420
278 17
252 228
45 184
293 240
239 133
99 329
276 96
93 15
499 386
212 482
279 413
330 341
38 261
462 193
54 403
163 476
454 331
492 477
189 498
421 97
367 118
492 233
451 421
121 47
379 452
24 184
469 329
273 313
342 277
122 77
307 264
23 202
15 132
131 386
117 120
263 219
424 321
94 227
256 436
261 364
339 227
170 333
272 299
184 32
243 219
498 172
115 200
264 229
324 446
442 362
403 393
499 361
470 392
254 451
438 233
118 482
226 141
434 414
286 494
187 480
209 332
337 25
259 263
101 292
455 358
298 86
26 187
346 265
462 491
494 415
489 429
112 304
255 229
448 491
4 97
492 218
332 19
235 486
353 216
55 12
93 251
130 12
409 94
256 52
100 339
483 391
209 54
178 223
139 355
154 106
126 498
177 158
370 71
369 114
42 75
299 420
39 139
393 274
404 224
324 436
68 64
168 324
274 497
70 163
397 326
155 496
341 363
456 312
321 376
131 261
128 100
462 353
102 301
283 79
287 474
231 352
439 170
220 28
19 368
294 387
292 19
228 85
195 485
164 119
84 395
65 229
76 52
430 342
100 20
491 76
70 349
348 391
211 430
196 294
190 487
494 168
357 196
247 148
454 167
381 286
75 184
322 0
71 51
249 317
405 377
32 44
90 244
115 260
237 31
65 352
68 485
162 196
210 166
469 338
168 285
410 415
171 215
481 478
219 398
216 271
397 445
89 391
417 362
473 327
181 315
206 33
311 162
370 468
19 217
122 59
351 280
484 434
461 75
60 4
212 332
429 327
484 404
440 239
180 467
287 374
93 36
405 51
79 2
443 209
131 489
263 74
213 34
214 467
311 400
67 145
228 408
359 242
38 370
199 202
114 430
225 494
46 274
184 397
243 50
324 430
175 368
106 267
104 259
499 184
419 46
458 471
327 256
166 261
259 200
333 474
392 465
375 256
300 110
448 260
293 97
274 154
269 98
275 442
478 227
477 359
186 145
305 373
278 196
137 444
170 306
7 127
324 249
363 72
92 73
282 287
29 70
80 346
315 114
491 220
352 223
180 440
432 122
439 410
27 201
295 185
384 410
446 200
20 154
263 326
74 88
444 408
253 238
82 156
323 293
226 36
49 256
295 470
229 492
79 186
68 267
200 465
303 4
288 470
98 400
459 133
230 28
23 390
144 318
457 490
266 369
392 47
339 22
316 351
221 306
229 213
266 214
17 99
414 407
318 166
373 111
153 185
73 300
31 409
73 284
320 129
415 449
424 135
37 217
335 103
337 40
426 149
480 328
218 5
403 392
433 152
451 208
252 15
154 236
191 65
486 408
5 183
50 173
235 116
483 194
373 69
4 391
113 473
319 428
127 42
134 384
59 31
62 457
17 203
195 124
242 441
18 192
197 478
323 245
381 353
60 163
121 99
388 229
75 151
201 241
250 151
165 34
365 80
216 176
270 325
19 81
341 132
192 456
453 25
103 27
394 411
262 172
123 249
56 384
67 215
55 424
123 336
448 189
406 160
260 393
356 472
432 348
227 200
493 123
472 166
86 95
138 242
296 205
85 475
320 9
258 467
248 213
191 184
268 10
105 300
191 240
292 250
411 46
199 229
323 4
192 185
382 120
210 200
385 442
333 273
434 179
319 155
162 139
500 128
436 198
4 268
382 393
332 47
439 311
315 483
120 192
286 365
257 78
5 160
265 84
45 500
38 313
423 239
312 151
92 260
392 445
140 127
319 81
17 309
221 125
310 141
102 43
118 471
432 278
88 396
204 172
208 396
237 425
476 243
165 476
471 159
435 244
379 436
286 33
350 6
217 102
91 444
21 458
262 49
201 45
202 213
342 341
125 83
223 86
48 51
165 32
11 126
104 82
387 283
86 321
118 149
354 326
381 91
366 402
162 83
486 190
36 164
226 98
306 299
257 496
85 500
214 425
86 414
475 362
227 273
379 467
89 427
381 93
476 443
181 383
52 63
16 141
181 381
432 3
489 284
143 314
87 187
184 69
50 114
57 151
420 86
118 35
38 435
297 188
306 134
160 492
153 205
229 122
424 356
299 135
448 191
195 74
32 433
500 35
382 46
428 168
474 0
43 407
196 119
417 77
338 308
113 218
328 480
146 36
339 308
459 500
173 235
193 71
271 136
102 27
396 307
149 275
475 246
340 256
350 190
378 279
363 416
49 49
195 102
129 284
181 293
119 200
148 189
322 303
452 266
389 443
480 199
477 21
157 154
180 297
19 182
368 31
68 189
219 239
31 12
376 321
134 400
429 74
63 172
155 338
97 51
200 461
148 395
451 341
376 470
455 249
261 0
336 173
148 231
100 428
440 414
442 212
327 116
207 49
415 450
478 100
45 65
373 35
179 385
187 232
55 364
46 375
436 101
35 478
125 50
353 115
50 317
259 16
272 184
297 448
424 393
67 176
486 93
234 136
235 250
76 181
121 50
77 369
121 374
42 241
210 204
299 436
274 160
323 245
26 20
56 241
169 120
380 399
174 421
413 165
115 127
224 356
127 4
475 408
439 391
208 493
165 300
399 136
133 119
91 330
184 207
484 207
67 454
155 394
277 429
235 141
432 387
228 313
392 90
382 323
123 37
382 477
162 172
110 139
33 198
47 480
113 379
66 470
103 95
178 174
361 160
94 112
231 65
118 495
317 492
489 134
454 420
365 310
466 386
78 463
162 468
147 498
331 500
304 334
288 134
30 96
117 480
8 470
279 81
252 305
67 144
402 175
225 339
53 203
123 54
72 415
312 190
435 318
78 108
20 308
324 392
5 437
355 273
97 272
350 281
111 465
172 436
329 287
268 300
77 233
477 436
152 192
302 213
405 128
355 405
24 203
385 196
137 353
39 339
134 203
395 215
382 412
262 247
462 308
28 433
227 424
363 81
50 60
359 230
343 244
2 287
230 26
283 415
444 60
164 279
325 482
360 243
452 303
314 276
5 54
350 210
134 57
208 168
201 238
66 129
70 412
5 200
175 40
414 126
142 492
287 297
355 317
16 148
429 205
232 371
73 174
61 15
44 467
79 251
39 421
463 130
420 85
293 322
463 342
460 218
415 405
266 435
8 78
2 35
475 398
331 151
10 134
180 24
105 42
194 36
248 156
217 284
327 178
159 62
409 81
315 352
99 15
155 250
40 479
152 190
128 24
33 138
345 7
487 84
254 478
177 433
407 135
344 84
488 219
286 238
153 183
427 101
116 385
5 360
485 378
467 146
270 124
192 359
423 316
493 135
358 338
317 105
358 332
269 9
336 54
88 490
138 449
101 208
52 398
143 71
214 51
313 478
107 279
173 247
190 145
354 387
213 449
340 57
434 494
436 456
499 311
325 201
3 251
295 142
50 364
219 260
318 399
340 357
338 268
224 469
403 497
176 119
436 459
401 156
402 184
40 24
399 138
363 147
139 96
299 200
351 77
99 360
348 88
112 112
301 187
50 83
193 119
215 386
6 482
212 27
432 56
8 458
109 429
275 137
432 150
359 402
343 358
226 460
71 43
384 6
45 450
375 37
398 401
448 209
168 479
289 187
247 187
368 243
237 482
120 324
429 291
429 2
226 66
346 387
288 206
362 227
137 314
65 449
128 243
51 24
431 396
218 184
388 304
354 262
58 495
159 329
305 41
325 158
476 95
114 306
430 393
307 344
457 155
180 455
437 214
412 116
128 151
377 11
132 136
294 199
179 264
134 218
272 274
300 483
448 131
497 35
105 24
256 381
324 316
423 15
356 234
442 99
435 224
239 402
234 310
298 45
303 237
317 277
283 198
105 278
270 13
429 393
6 471
290 18
120 466
246 461
447 24
209 470
377 185
186 260
335 173
410 295
179 140
152 176
134 371
252 14
448 310
381 107
475 28
334 252
473 290
220 280
487 173
76 197
473 405
417 353
498 327
36 248
477 290
83 60
392 222
262 467
56 414
204 131
295 47
320 2
449 484
18 54
496 400
265 158
490 169
17 209
228 248
