95 48
457 273
180 395
312 52
35 168
105 237
455 442
429 201
409 211
145 288
293 483
163 435
121 3
119 200
349 38
63 6
254 270
217 236
396 112
401 414
188 462
371 161
215 344
310 89
459 324
389 96
322 75
326 36
307 340
302 105
474 392
226 421
210 73
215 395
245 32
186 268
7 344
422 301
294 201
109 358
193 312
94 348
385 471
197 64
316 487
452 26
273 64
139 62
313 447
287 438
11 244
57 162
406 102
272 227
405 115
432 276
346 381
358 61
256 431
493 249
198 9
81 229
37 469
226 492
153 429
225 64
220 227
294 362
130 146
419 494
191 402
230 217
438 292
37 448
60 138
71 42
314 72
441 68
9 427
244 364
203 115
143 405
443 101
38 475
246 166
408 391
207 220
49 272
243 162
118 416
155 372
26 337
462 13
244 378
468 456
392 107
38 123
394 225
75 78
455 409
301 198
157 280
67 254
341 324
142 409
66 491
68 41
113 445
489 198
107 480
463 75
91 137
341 80
78 293
18 145
230 289
213 120
122 148
351 268
95 137
44 442
112 199
48 192
2 81
67 399
426 6
80 498
111 137
115 234
493 466
226 353
391 426
0 220
168 46
186 469
15 460
493 53
476 2
360 182
293 111
149 447
122 222
200 248
373 122
85 264
494 262
144 302
410 43
109 414
451 144
267 242
245 233
217 393
425 464
164 124
336 430
213 443
18 381
92 437
294 262
478 34
340 289
45 143
230 335
60 25
300 291
252 376
57 198
336 403
474 41
304 266
367 421
417 357
408 437
490 88
435 412
233 351
486 198
232 433
339 233
41 196
191 474
328 91
220 369
363 33
259 122
448 38
477 107
5 441
66 450
91 126
333 369
332 106
218 318
94 431
180 33
107 271
125 130
139 474
456 181
420 362
332 452
125 53
173 105
271 263
459 232
271 153
201 92
86 208
102 450
4 370
216 334
417 279
381 412
366 470
118 341
119 431
430 71
87 393
391 389
305 288
354 320
148 249
52 367
252 328
259 387
173 153
359 301
215 199
302 336
219 471
473 376
481 365
468 458
143 407
283 269
50 88
22 10
132 125
209 322
343 279
256 131
54 287
140 343
199 304
141 24
451 390
150 116
309 449
251 279
182 294
116 95
203 171
298 394
292 101
108 326
389 360
3 490
249 229
428 268
162 27
424 47
120 24
35 375
399 246
101 406
348 386
90 196
279 60
285 279
194 479
483 466
129 20
40 87
382 146
495 280
230 116
407 290
234 457
269 390
189 1
52 59
214 118
251 241
207 486
43 83
439 105
144 27
107 265
427 83
105 61
151 216
407 460
438 485
316 15
194 473
448 301
242 465
125 262
90 485
133 444
327 448
221 123
342 97
458 256
4 368
162 426
392 386
127 436
167 103
175 255
489 308
16 374
171 119
184 315
30 163
327 341
43 49
289 217
7 267
309 42
128 104
334 380
288 464
240 119
311 11
2 190
483 84
207 32
200 256
225 81
0 83
425 388
342 267
405 392
441 66
46 354
314 459
1 431
302 414
317 91
11 104
466 35
333 444
260 47
89 496
390 335
329 237
141 128
455 191
495 87
79 49
301 69
252 246
371 188
382 258
25 371
12 428
98 230
305 228
459 58
189 174
460 117
170 160
116 362
452 114
302 192
281 52
181 437
106 129
352 126
121 368
63 361
470 308
428 147
72 356
6 234
448 112
277 106
7 196
91 359
453 458
359 167
212 220
358 191
123 78
89 244
76 137
498 372
292 175
446 105
289 105
346 354
161 121
476 205
280 394
129 170
223 397
411 185
42 195
318 32
399 181
70 311
132 186
33 106
384 424
16 439
217 93
177 426
119 28
218 340
299 324
263 467
54 49
416 21
381 448
445 47
4 244
274 203
46 111
443 149
482 392
414 415
118 43
84 319
403 232
119 372
260 481
215 210
15 410
339 283
265 175
456 167
115 355
323 467
179 297
210 239
335 464
60 415
226 71
231 108
149 54
488 5
99 399
17 443
358 299
20 318
484 95
133 75
48 113
24 289
97 0
121 87
439 353
41 407
88 369
170 472
47 154
90 427
388 230
67 246
165 447
422 280
392 381
29 276
429 322
303 485
2 416
189 91
245 296
339 295
296 426
281 149
369 468
97 42
154 171
32 84
92 183
212 314
93 115
308 41
78 416
154 399
486 130
340 12
235 241
52 154
302 75
364 317
278 291
178 234
174 36
85 366
468 269
84 449
57 251
242 225
9 476
249 316
170 455
304 472
190 171
429 23
280 322
371 222
408 87
392 85
189 29
334 222
284 378
429 12
369 68
34 420
276 197
274 412
250 246
450 333
346 135
338 432
36 178
82 125
329 120
218 39
280 351
10 431
181 264
286 153
174 313
88 246
255 14
262 287
277 442
82 288
103 68
94 236
119 114
489 34
459 243
367 274
387 289
444 99
340 316
126 357
213 135
25 131
131 236
271 493
174 286
496 112
60 415
188 462
483 215
314 290
329 422
253 439
324 125
245 386
292 291
363 487
311 231
16 388
99 135
235 28
307 59
101 69
194 171
354 346
16 75
94 266
468 451
234 487
288 470
9 470
181 269
12 426
140 103
337 65
162 294
143 469
14 440
243 169
274 89
419 387
309 123
182 394
290 464
221 136
167 93
464 401
192 308
466 13
364 462
432 41
87 344
379 378
259 468
98 459
29 411
5 239
142 341
352 298
69 324
37 238
423 242
67 67
128 269
357 483
263 55
38 149
112 200
30 48
383 356
63 481
66 221
59 307
470 414
465 56
43 50
9 344
102 38
233 405
405 17
313 15
363 375
340 484
450 492
318 95
478 30
363 17
223 227
409 12
393 396
52 27
0 336
229 100
167 151
266 484
323 500
445 52
386 315
196 375
40 46
274 308
40 61
386 202
377 25
213 260
435 409
397 175
486 357
40 136
330 287
11 182
16 396
381 102
152 127
413 469
178 145
154 269
28 378
282 16
212 166
357 295
226 87
143 447
103 347
269 287
221 236
445 37
102 139
105 24
386 419
223 383
294 297
120 490
190 457
245 2
98 268
114 86
93 339
467 128
472 53
469 235
9 423
449 100
67 20
213 349
185 188
84 318
61 88
368 273
468 232
153 168
110 116
76 464
164 116
414 313
121 70
112 195
411 167
21 55
160 247
331 107
374 495
121 231
450 317
25 49
239 340
209 76
112 31
240 345
256 128
339 350
407 365
447 181
94 450
330 355
295 265
242 339
491 164
433 219
333 87
234 444
420 196
481 436
295 247
45 41
202 129
216 414
434 78
476 236
45 0
354 481
243 137
93 266
341 250
480 360
362 111
193 78
178 2
422 205
92 400
182 398
170 451
170 9
235 193
142 378
27 416
316 40
31 40
151 485
253 282
266 233
491 300
439 452
318 367
66 152
46 250
244 172
66 357
330 389
379 361
496 279
100 280
134 417
153 105
401 276
47 85
480 94
159 306
455 92
337 264
66 17
122 86
344 358
337 393
254 39
160 326
315 281
52 406
335 433
18 453
352 438
423 259
471 379
253 187
342 170
222 345
342 375
498 35
152 2
435 321
401 490
252 404
272 470
295 415
421 222
255 278
282 171
294 393
292 311
39 233
98 344
381 91
183 442
95 56
415 104
46 84
385 175
240 148
499 344
145 253
81 190
292 257
18 307
160 26
370 222
330 135
239 130
127 210
434 72
318 360
178 82
282 73
303 286
317 349
108 106
230 287
74 217
454 442
389 17
222 470
315 188
196 397
370 112
235 319
99 461
105 275
494 450
424 221
86 97
88 449
202 294
302 197
58 330
185 388
151 406
423 238
332 113
28 423
121 372
167 303
193 418
311 69
123 254
398 250
350 457
278 396
402 328
362 41
12 215
450 456
417 9
436 122
353 446
399 278
444 434
363 223
59 462
475 347
137 234
498 177
1 205
297 425
403 120
304 44
349 38
436 117
250 338
401 141
256 179
92 377
130 469
194 94
209 312
436 350
116 352
476 141
498 59
118 402
206 49
310 85
426 303
107 256
388 11
391 352
248 18
482 168
93 12
234 250
273 341
407 373
478 440
414 103
274 286
194 109
114 486
156 217
145 400
111 472
349 466
215 431
113 169
239 360
223 200
468 425
232 153
164 126
438 248
145 364
245 127
465 106
335 453
211 208
242 251
284 498
219 135
321 158
473 27
393 255
81 1
340 156
149 415
445 321
394 52
434 152
64 118
30 222
14 482
322 361
28 400
435 389
452 436
74 201
276 141
377 266
472 202
334 250
105 12
169 232
168 218
492 292
297 49
337 176
447 70
316 255
262 251
95 73
235 380
451 323
487 429
130 177
135 87
254 180
464 385
151 7
159 190
60 355
127 465
189 128
20 40
344 111
60 173
349 369
108 96
193 325
226 62
65 271
243 407
50 157
30 272
491 500
218 300
234 240
417 393
409 370
189 479
120 308
496 106
190 345
361 18
412 64
257 363
235 357
352 351
49 417
465 369
231 119
354 41
348 476
5 471
126 198
89 220
337 484
171 349
69 269
259 253
109 70
400 81
417 382
167 331
197 149
381 15
317 473
489 278
357 171
433 110
119 319
222 462
271 82
233 260
468 172
71 441
300 358
186 53
96 218
170 471
236 18
192 101
262 461
282 315
207 43
314 354
24 271
208 74
385 294
368 151
471 88
38 443
494 312
145 397
71 279
434 414
147 24
325 52
60 176
26 27
194 317
340 56
235 118
356 142
226 64
42 352
118 466
336 40
204 111
418 124
379 192
85 475
63 42
115 119
84 233
175 372
334 199
152 10
21 22
454 36
491 27
289 319
411 105
359 295
486 432
375 42
218 324
249 301
210 491
403 129
278 438
44 2
339 434
185 412
216 440
385 323
488 406
78 38
348 403
412 62
246 29
280 363
417 419
327 405
270 378
26 138
221 163
117 200
98 269
322 79
75 484
288 324
19 15
320 176
385 215
178 442
1 421
337 167
319 277
462 295
347 331
111 443
220 156
362 37
23 52
60 482
243 122
78 300
137 331
496 346
239 139
425 327
453 102
344 210
190 121
360 86
57 488
363 448
106 180
401 180
235 402
310 453
384 6
5 247
373 500
9 307
281 290
274 136
182 10
469 219
78 395
302 159
300 226
15 377
272 224
312 112
427 323
222 336
236 112
457 434
265 493
3 121
301 58
223 138
279 463
56 406
3 56
469 68
355 409
282 134
303 289
415 69
112 323
485 57
26 30
446 176
51 300
431 457
395 410
68 345
43 496
196 61
332 302
398 457
372 352
440 210
251 91
46 232
174 465
414 387
426 485
157 462
47 418
299 189
146 422
152 408
276 42
273 318
354 52
168 141
445 462
26 291
226 373
276 108
402 427
96 264
266 111
283 59
103 266
237 130
436 421
196 240
1 311
57 368
351 17
299 54
245 467
65 186
0 497
40 250
292 367
26 135
470 400
373 265
270 104
334 69
74 218
274 172
395 39
231 452
26 26
69 341
266 331
150 6
168 51
11 356
455 241
89 451
490 42
65 38
201 438
179 342
171 394
229 290
383 138
309 348
296 291
411 336
204 61
492 284
313 17
446 37
496 77
334 187
116 110
68 494
400 61
482 259
427 161
63 467
252 305
213 88
284 124
99 26
129 388
228 130
81 267
306 387
466 57
127 498
79 73
331 478
191 470
196 323
48 390
409 182
52 413
181 248
241 428
357 244
426 324
338 373
47 364
283 494
239 179
173 246
49 147
228 45
401 426
198 146
7 432
25 360
315 191
206 244
138 111
454 417
214 138
383 308
151 114
275 169
280 229
401 181
225 437
390 269
242 270
228 181
405 315
442 126
201 80
247 327
165 476
374 208
11 130
261 25
47 39
94 123
315 468
56 85
385 62
96 63
389 173
236 247
151 398
25 50
288 220
385 413
181 246
188 242
276 188
108 373
246 117
178 222
214 35
147 65
313 34
276 350
489 84
28 425
81 413
271 56
341 456
193 472
4 198
373 457
392 415
454 407
387 389
200 231
456 178
69 322
451 308
328 386
427 373
297 199
465 393
455 318
405 366
109 362
44 349
354 349
202 114
5 122
118 100
320 258
100 125
421 426
231 101
205 493
175 305
108 92
341 335
356 218
280 349
467 181
462 275
83 173
70 140
182 203
481 181
406 392
11 3
187 200
103 113
244 45
193 206
234 353
35 161
306 399
462 107
319 168
464 378
405 400
226 436
493 369
403 158
400 464
407 481
108 236
360 7
456 383
295 19
342 44
242 341
143 474
435 454
320 204
10 111
394 71
67 327
472 77
325 441
462 247
359 248
39 314
221 466
317 490
265 98
251 208
343 357
351 39
88 207
20 251
477 43
301 134
263 166
347 143
362 113
230 337
413 110
46 161
356 124
122 388
260 30
140 209
121 254
125 130
77 492
274 36
412 92
336 416
183 379
475 443
102 428
79 437
283 396
455 92
126 397
107 442
229 422
305 282
134 278
281 227
75 361
51 295
427 74
199 1
153 434
454 399
433 477
187 391
192 45
95 280
196 386
291 207
375 230
78 482
343 308
250 221
358 162
265 500
248 144
476 62
380 13
73 489
71 496
430 199
392 382
75 94
304 378
159 377
302 311
458 214
492 462
290 448
242 408
149 152
10 485
142 196
389 371
117 79
169 192
455 243
330 430
185 494
488 282
281 12
0 67
72 79
441 45
258 79
175 195
490 482
206 354
94 242
426 398
3 215
160 260
33 143
317 309
484 137
112 83
68 146
1 313
