26 429
202 412
318 10
282 297
68 489
95 56
232 258
337 163
44 290
455 276
458 243
21 355
268 132
396 55
279 140
3 59
70 301
227 234
423 104
399 184
485 485
139 395
368 193
432 21
473 23
2 62
261 488
373 0
169 328
268 196
237 274
414 206
167 69
147 477
402 176
37 88
15 239
380 435
79 20
326 94
249 21
236 274
453 285
23 448
173 269
294 61
33 232
105 291
262 236
409 279
277 120
372 342
311 315
331 218
425 182
276 99
496 150
42 115
181 273
351 478
200 235
489 146
115 105
486 472
247 72
358 185
180 304
301 59
233 405
396 317
13 328
356 362
177 70
198 59
170 290
21 370
224 423
98 345
144 242
441 244
39 323
41 115
232 486
213 122
184 271
186 326
66 260
211 126
50 306
370 296
396 374
84 10
245 39
285 148
225 494
93 393
253 340
263 240
431 164
102 125
108 389
195 442
11 120
421 220
334 28
441 346
407 466
243 135
132 459
258 446
288 101
385 309
300 9
221 95
481 303
61 211
98 313
3 279
89 380
96 316
141 66
169 28
56 339
455 179
172 138
26 387
139 211
398 324
185 297
180 440
393 159
202 454
320 446
185 249
30 283
299 476
368 269
88 184
392 449
383 460
210 51
433 479
289 251
278 150
403 370
253 99
20 165
248 16
380 447
416 142
53 262
36 435
219 298
475 248
81 117
251 385
155 493
119 308
452 443
100 407
129 311
246 322
452 204
89 250
495 319
282 331
457 7
92 390
30 131
32 305
59 333
37 389
457 412
189 118
160 367
304 441
53 215
139 268
377 255
438 266
122 466
388 112
212 63
496 134
223 490
466 445
227 106
95 296
162 395
317 371
365 121
20 482
465 284
379 317
241 108
211 18
352 49
368 493
154 322
311 107
62 160
397 17
415 289
331 106
136 224
391 114
305 92
481 74
497 125
124 478
376 100
356 301
464 255
45 22
256 366
7 429
278 81
370 197
20 226
314 49
77 18
185 7
29 220
333 241
443 423
192 450
305 489
55 206
206 374
445 472
61 24
400 437
134 5
200 474
158 372
285 195
214 402
178 226
462 39
224 232
369 41
145 290
50 408
123 429
85 265
170 308
33 474
222 299
186 168
93 173
292 347
294 481
222 171
265 324
86 186
60 463
405 147
459 290
20 109
380 50
177 38
327 497
315 381
387 175
439 431
348 431
174 166
488 193
348 382
302 350
370 250
127 217
18 458
443 473
377 20
308 32
485 397
193 411
12 222
364 5
62 180
109 134
126 150
68 328
243 414
171 362
498 202
390 392
5 115
21 99
405 341
322 357
126 341
476 12
338 344
240 436
473 345
393 163
74 162
221 82
372 60
393 237
282 294
197 199
476 481
317 81
304 490
264 156
75 222
83 494
72 122
332 395
10 120
264 212
406 84
23 130
51 265
396 153
36 222
356 355
54 143
476 138
143 279
231 306
207 280
455 53
454 68
446 222
201 8
472 468
334 371
101 105
222 301
196 314
297 128
477 450
137 406
251 87
393 344
380 459
247 101
117 147
498 412
280 165
220 172
126 230
261 309
451 30
10 429
319 209
9 48
340 445
348 253
18 399
105 13
406 167
50 279
143 242
264 243
174 248
207 343
265 395
278 3
97 67
342 445
276 215
437 50
14 235
268 15
22 317
412 94
332 29
120 400
370 316
339 184
408 447
58 483
149 481
44 100
317 262
149 471
130 229
394 222
271 129
270 426
398 188
250 313
446 280
451 176
257 264
65 41
396 89
69 136
8 366
225 297
73 33
119 34
50 415
210 257
53 362
22 120
139 136
273 35
241 441
181 438
124 165
439 69
474 481
412 61
154 42
28 452
166 304
176 314
122 362
167 215
243 444
487 499
487 465
240 446
11 202
72 104
330 189
182 492
256 168
148 403
123 274
224 322
416 366
310 33
199 13
327 88
405 243
153 479
243 330
97 315
223 402
209 297
463 476
158 288
227 69
213 362
185 204
215 334
117 127
50 351
324 327
135 91
146 377
400 395
222 135
266 208
488 216
159 136
347 398
302 202
492 235
13 387
238 11
107 1
83 49
175 230
208 117
477 357
53 48
460 148
33 102
28 421
487 175
262 230
203 368
138 28
219 116
254 411
79 232
248 498
407 242
83 405
350 498
115 60
78 173
212 84
256 354
181 492
436 264
477 409
459 455
345 140
416 453
269 112
161 235
112 6
195 224
35 333
498 143
375 224
189 468
280 76
161 113
25 425
30 405
295 356
48 339
143 360
459 484
247 57
150 56
266 70
45 70
345 261
200 320
413 251
270 428
381 309
137 3
152 109
344 229
96 304
453 382
219 197
76 365
180 39
222 25
279 52
144 244
250 215
170 83
194 78
30 224
486 419
206 8
411 372
235 407
13 120
97 233
117 137
276 282
383 309
311 178
255 242
210 500
391 477
274 441
48 407
349 416
103 435
306 52
264 186
80 333
220 116
437 387
1 53
114 296
192 302
175 232
327 339
291 160
356 242
175 472
430 101
401 495
211 63
421 433
39 200
323 496
467 162
220 413
148 484
118 55
325 403
40 125
457 435
279 183
321 492
330 198
73 122
112 443
498 477
84 220
334 244
277 196
446 32
252 382
200 320
445 180
399 455
28 319
34 53
404 325
222 224
92 6
317 23
186 429
299 357
228 142
196 459
280 226
375 473
343 91
1 478
222 471
328 343
101 187
242 54
483 417
486 13
415 315
184 166
303 107
432 215
187 94
220 143
497 266
459 224
339 199
218 500
280 115
133 201
215 203
496 339
39 128
290 413
343 417
149 487
374 77
365 425
368 382
417 362
205 281
107 146
97 389
111 159
127 270
100 121
4 55
268 396
11 385
360 184
419 75
46 428
377 359
101 56
83 490
328 67
277 228
80 376
18 312
279 210
326 326
272 467
235 36
347 494
434 174
23 437
277 107
265 355
471 264
75 215
433 229
431 493
482 144
80 205
467 221
232 156
296 160
63 334
326 310
160 86
153 245
71 63
270 340
212 181
335 75
148 482
95 219
87 332
10 476
154 44
82 460
442 381
426 169
93 339
328 251
299 21
30 231
226 66
197 376
283 106
11 214
15 131
485 319
5 148
54 251
280 393
8 462
103 132
93 194
96 370
159 482
159 130
451 9
324 126
201 468
477 162
246 20
388 53
147 70
57 266
448 457
168 35
187 146
307 443
387 84
318 452
394 225
32 233
493 484
235 90
76 430
490 316
118 298
19 19
122 381
412 105
127 0
120 350
311 12
287 224
492 302
443 302
451 126
339 490
50 158
179 99
149 402
284 128
203 295
207 206
62 312
306 16
312 83
431 25
461 477
295 358
229 322
383 53
234 119
44 446
396 447
334 253
74 27
476 66
477 187
72 116
460 412
119 17
136 478
221 368
98 72
74 497
227 193
191 38
74 214
389 115
238 287
292 220
34 284
238 494
443 256
350 341
480 397
317 358
284 384
265 444
469 275
375 327
8 93
290 155
500 307
102 298
353 59
160 328
440 333
81 488
459 52
13 351
34 33
283 12
479 19
67 0
222 167
92 149
271 99
127 80
227 350
351 14
464 259
359 163
397 14
26 220
273 470
232 474
125 4
122 22
36 146
140 439
66 435
469 65
153 17
439 367
218 24
228 338
326 225
198 316
390 49
22 29
114 55
315 90
23 358
407 41
455 302
10 66
401 245
29 127
321 243
334 200
459 70
365 35
150 290
18 459
149 385
103 470
392 276
145 298
405 264
111 272
408 466
224 415
24 218
305 276
490 370
185 206
367 216
196 440
267 367
424 255
449 417
372 496
141 119
191 290
10 279
381 489
401 260
465 161
494 260
79 485
430 496
420 56
300 337
114 462
343 140
203 304
339 452
17 432
288 107
220 370
418 296
221 192
203 115
343 172
487 499
111 429
136 189
172 68
75 442
38 131
284 264
395 33
100 320
430 211
462 457
382 396
102 260
388 364
42 330
453 43
37 469
377 237
238 292
315 351
117 296
448 16
5 357
238 139
402 412
218 222
305 414
335 470
435 88
419 202
131 185
411 484
71 85
304 191
100 70
53 497
414 274
239 280
113 25
173 98
6 214
490 227
254 290
309 439
32 345
268 303
197 275
176 226
44 43
288 217
180 495
87 235
39 35
210 391
320 223
61 275
221 152
312 36
421 391
1 159
262 308
19 54
85 398
401 471
480 437
494 353
394 81
103 368
356 490
177 100
443 423
482 380
279 148
460 336
445 403
424 203
175 251
314 427
237 52
290 77
367 146
287 478
278 278
331 238
267 113
266 98
272 461
107 226
279 130
98 61
500 348
403 294
372 0
425 397
315 492
493 10
368 309
406 65
150 232
151 191
53 475
350 94
224 377
368 238
51 172
125 369
231 433
417 265
181 256
500 173
480 362
486 482
71 375
323 30
281 88
43 350
5 177
165 157
224 13
361 205
231 230
310 279
161 167
376 138
368 169
51 452
18 190
331 460
329 67
393 238
351 361
340 386
340 22
181 291
474 119
25 200
268 203
439 36
161 423
57 137
155 321
43 169
41 126
75 123
468 158
462 354
170 473
318 302
449 193
129 55
20 161
49 488
56 264
485 310
445 245
414 141
163 201
91 271
124 293
388 394
253 145
255 183
125 99
43 86
425 201
318 202
175 480
253 389
479 276
258 25
94 197
69 365
242 221
53 244
147 334
281 82
459 239
116 178
362 402
6 346
333 433
500 465
378 102
310 26
243 272
169 207
45 480
437 90
121 74
275 0
110 59
19 270
315 188
21 354
275 92
165 351
243 479
187 247
218 114
347 244
22 122
433 435
336 191
119 111
131 328
299 383
432 316
210 98
262 177
25 177
328 28
459 201
226 195
171 52
245 47
103 466
177 472
415 453
499 223
18 53
438 310
64 340
261 306
340 24
36 245
281 19
442 263
462 22
488 151
199 291
16 364
191 360
250 72
50 97
455 462
59 452
235 354
441 50
18 219
327 242
388 456
322 128
141 108
212 281
351 105
404 270
489 426
72 125
405 474
112 169
241 99
482 384
416 441
206 312
47 335
387 445
295 242
486 167
400 412
299 146
106 256
11 109
111 58
439 460
291 38
372 118
38 68
241 253
486 269
351 171
236 211
185 46
145 375
343 226
418 122
356 227
74 160
459 209
311 350
485 248
436 403
478 100
124 334
415 317
11 139
82 39
224 56
176 248
495 274
185 180
369 187
452 88
395 342
457 479
457 482
317 456
236 152
92 207
487 500
420 66
340 155
327 399
274 276
165 109
383 330
230 436
359 128
203 362
355 100
324 271
71 357
343 329
91 139
492 162
75 424
183 352
330 186
165 484
357 239
89 461
484 466
135 431
331 362
291 24
147 127
425 353
37 177
115 269
74 92
236 193
71 266
241 395
168 101
360 109
182 190
219 126
87 211
313 262
335 219
289 262
158 259
32 453
340 281
191 300
90 316
256 354
353 344
345 32
348 414
377 176
357 393
443 397
302 82
252 69
433 139
383 471
74 153
361 431
181 469
459 355
482 423
376 260
127 388
58 191
13 184
183 226
397 287
14 161
250 480
276 24
296 295
14 100
479 494
354 470
192 279
361 38
1 208
154 64
235 22
70 98
391 226
436 85
56 399
141 89
374 35
403 56
253 376
13 115
291 80
488 108
211 145
111 377
135 255
121 312
202 13
323 35
345 374
488 328
105 1
490 97
25 130
102 473
133 85
410 411
424 404
33 291
70 240
424 215
259 137
216 22
21 484
105 181
89 56
325 34
284 333
403 323
403 382
322 44
190 372
411 143
300 104
164 371
364 487
169 222
427 474
461 221
301 26
221 386
278 147
88 201
475 330
170 404
205 406
150 45
178 478
159 223
294 95
357 150
479 319
102 86
494 131
344 414
469 383
214 4
273 193
263 318
161 433
25 415
482 11
85 233
289 16
197 257
345 421
57 103
164 472
400 203
440 478
69 118
2 475
493 419
316 152
235 141
203 239
186 54
221 273
381 29
295 157
246 117
174 464
164 353
362 85
17 147
278 217
485 147
149 346
214 56
422 353
470 298
385 415
497 215
148 459
206 173
406 196
179 27
177 332
472 108
7 71
277 395
395 283
27 173
15 454
269 383
365 165
486 24
262 111
210 193
45 303
165 243
428 74
444 89
433 419
294 412
28 131
275 401
361 230
283 266
40 40
207 403
143 444
384 333
77 429
236 206
51 319
188 13
491 441
92 387
208 12
423 339
78 343
245 484
462 292
137 301
388 488
229 129
69 227
430 252
92 411
300 23
57 141
253 279
38 212
472 436
45 121
206 55
340 224
32 71
460 318
411 106
7 15
454 186
318 157
480 479
222 361
188 227
164 135
394 154
371 165
103 398
69 426
275 132
349 431
404 304
34 298
226 118
442 104
453 488
48 333
255 222
67 146
312 175
317 169
75 337
347 357
72 133
422 152
346 366
58 170
291 367
179 275
477 24
492 341
22 98
467 356
57 47
139 133
292 238
359 297
452 366
279 434
283 288
9 207
357 300
127 453
93 496
201 491
432 179
213 435
143 495
327 72
469 176
333 249
278 187
230 92
84 74
498 335
483 40
324 436
340 257
444 128
429 335
398 366
93 412
494 25
125 96
151 359
400 434
18 155
320 361
103 30
102 214
338 90
80 273
279 352
338 385
399 439
42 306
291 320
392 365
64 82
102 313
30 309
157 443
484 435
277 282
69 494
316 170
398 397
49 188
64 283
306 346
304 462
46 113
432 78
274 497
145 478
220 301
101 470
343 465
100 151
184 125
116 255
180 207
413 50
29 219
486 482
420 74
450 442
17 148
323 106
220 2
10 201
70 91
478 267
278 466
273 168
41 429
165 28
320 381
32 170
178 478
292 253
75 217
389 235
55 476
274 460
219 469
236 230
282 385
45 383
241 370
17 151
72 290
55 413
16 370
133 232
439 404
125 499
492 430
120 291
285 123
177 119
108 318
0 396
114 342
404 327
295 484
367 77
452 488
189 491
32 11
87 146
166 280
57 374
33 157
162 64
249 248
322 272
282 370
341 343
436 86
28 105
390 115
49 449
162 37
248 66
334 216
417 388
26 384
310 460
339 80
483 10
364 382
21 478
234 158
428 466
295 176
481 44
399 443
468 275
148 401
48 169
370 110
252 144
319 388
423 415
204 130
28 239
147 57
23 222
172 276
271 317
69 283
390 98
252 90
97 65
453 123
23 387
383 20
338 420
208 475
490 104
242 323
141 302
397 461
163 363
339 50
452 33
234 323
277 274
16 183
469 297
409 71
199 323
293 141
189 220
5 148
145 342
61 346
125 10
254 283
298 404
492 370
426 265
139 295
170 492
181 205
429 443
454 180
332 49
394 339
371 446
295 127
415 310
97 337
44 296
267 396
328 23
212 200
27 260
241 177
449 136
411 73
418 234
327 297
103 75
490 275
334 140
140 253
208 373
382 313
309 90
88 42
492 297
90 448
493 67
421 395
143 194
301 455
141 90
61 196
267 19
223 371
66 16
120 434
301 427
255 3
301 262
360 450
341 58
157 475
41 318
366 198
319 192
171 344
171 303
31 338
10 49
483 259
175 273
189 425
231 251
5 461
453 198
190 205
222 312
473 260
485 443
123 210
291 441
37 443
161 180
160 218
407 214
229 449
112 362
269 226
203 311
485 376
110 218
374 299
346 358
172 257
138 433
78 452
422 129
157 83
342 4
228 232
156 428
273 8
312 134
44 234
465 477
473 289
18 167
292 343
64 115
427 231
405 393
481 102
144 17
188 382
159 315
159 329
134 106
458 302
473 170
499 87
325 492
160 453
289 232
129 468
459 250
237 429
32 121
113 474
5 196
155 446
258 481
291 324
373 317
132 428
191 43
60 443
469 320
217 331
126 446
336 331
363 361
241 381
408 297
222 457
218 489
119 19
276 403
281 471
307 458
263 421
41 363
37 244
385 58
332 46
350 295
143 351
175 390
469 193
435 228
115 297
395 481
311 246
186 330
214 10
490 299
237 216
395 72
166 494
277 487
42 214
435 330
322 483
441 160
233 205
413 304
451 324
296 269
75 82
76 368
5 444
224 93
273 205
352 252
128 169
215 192
479 297
212 275
359 393
39 27
209 473
476 12
452 165
178 421
369 329
44 119
277 68
131 304
498 243
392 72
220 295
378 446
356 126
111 192
61 92
114 56
360 162
62 64
207 121
486 271
489 32
151 433
14 138
439 295
213 47
46 327
188 412
213 16
263 103
347 493
283 74
66 420
235 249
431 472
461 110
300 423
223 146
4 43
262 57
217 349
248 27
260 299
70 442
340 225
314 111
329 392
3 81
317 282
498 485
239 102
352 101
224 493
94 306
423 205
234 44
385 323
3 106
238 87
38 292
256 242
30 424
351 344
432 134
467 431
488 88
161 30
419 199
111 263
333 89
98 199
45 450
373 391
49 208
408 242
423 15
220 499
176 171
427 449
440 496
156 13
83 118
144 252
28 129
411 441
48 348
472 326
232 489
474 11
220 208
378 60
9 228
257 165
269 8
79 207
426 145
352 38
450 268
327 418
347 398
286 56
373 73
397 299
35 83
476 438
370 235
314 140
399 496
125 15
213 8
481 0
474 443
498 312
33 371
259 150
324 343
414 34
151 315
237 33
493 257
306 241
121 129
150 18
339 484
143 371
198 209
290 323
398 385
161 493
143 187
480 9
439 460
426 411
85 387
324 13
225 348
414 350
325 163
386 426
177 36
289 435
424 158
195 69
210 302
108 349
27 14
343 19
185 232
490 85
384 450
214 19
422 85
223 81
12 98
425 479
237 117
448 443
130 240
29 41
51 238
301 391
245 20
377 152
315 198
443 68
125 302
7 485
468 223
341 393
477 101
389 348
46 335
410 165
138 42
75 393
413 247
368 100
141 480
247 438
79 337
129 271
380 214
396 461
166 200
227 32
427 325
12 430
81 73
51 425
256 126
282 495
20 418
63 178
154 109
133 438
105 55
345 425
405 253
338 496
183 459
462 385
434 363
465 205
427 404
56 254
453 500
198 319
314 320
304 218
119 303
448 95
500 350
373 165
84 443
268 310
452 190
57 375
123 68
491 137
263 76
184 164
183 122
342 309
23 461
33 277
189 493
274 136
285 375
185 378
253 353
119 286
243 330
170 234
446 289
242 165
367 443
368 485
337 165
10 457
305 272
410 310
1 365
490 252
147 451
421 140
462 324
62 93
60 438
36 23
429 198
392 475
147 173
12 93
294 463
258 259
176 309
185 325
321 342
22 500
0 25
412 130
494 329
175 235
400 111
270 142
267 232
208 252
179 15
179 445
238 269
43 47
266 365
134 143
249 392
208 17
56 410
317 383
492 231
179 316
72 483
341 102
474 168
305 27
247 53
414 206
377 261
437 146
249 2
110 308
343 57
490 329
214 191
246 226
336 357
66 460
61 364
426 274
233 277
497 487
404 104
103 160
124 172
3 334
394 183
41 61
208 195
382 328
145 495
408 405
98 485
175 466
364 472
14 97
128 155
255 440
213 205
174 498
45 252
186 401
320 232
357 311
269 393
376 159
405 149
209 495
14 296
214 496
408 445
220 313
186 116
85 382
389 320
181 106
449 266
1 395
120 425
121 166
473 84
41 349
33 411
112 413
388 399
158 224
358 212
468 449
400 330
220 484
42 356
319 349
494 30
220 265
64 365
182 26
109 351
324 370
156 491
396 67
99 388
349 234
243 382
64 175
301 122
280 328
407 302
86 446
271 415
88 355
95 382
336 84
365 26
159 377
469 188
376 318
392 169
358 439
197 80
251 450
252 243
410 83
173 280
338 48
301 98
247 457
282 174
336 247
318 161
197 415
16 443
433 40
183 153
162 76
311 366
386 215
164 128
92 302
315 109
215 448
164 244
57 297
350 91
163 353
66 342
322 294
356 280
454 238
462 11
279 398
500 7
44 392
117 220
493 200
400 97
383 213
452 70
250 408
413 101
413 229
111 224
234 446
167 59
39 91
50 75
301 262
275 455
365 124
254 423
79 226
369 459
301 255
486 133
175 219
406 475
14 454
388 310
418 225
109 125
322 217
470 462
313 457
51 384
203 104
385 175
469 115
322 236
274 276
414 133
253 309
465 488
491 31
58 181
59 453
242 485
86 455
20 316
61 59
298 204
463 84
320 295
167 496
303 443
173 335
387 477
265 480
188 322
336 365
450 264
453 110
150 180
231 106
9 279
379 61
328 108
172 205
397 343
232 356
2 214
200 375
436 266
268 415
302 238
188 138
211 36
429 170
228 350
486 238
293 212
111 454
206 354
346 10
97 467
403 427
476 209
50 146
396 427
129 290
183 314
281 349
161 130
161 330
262 321
286 369
153 199
72 62
336 408
77 454
302 199
100 390
89 290
107 308
400 84
371 342
366 112
197 87
383 165
288 433
6 421
321 287
411 82
199 211
271 57
61 159
9 133
346 16
414 289
104 23
142 413
448 318
408 252
274 172
36 137
203 440
358 423
336 349
337 101
255 60
322 316
7 344
358 202
212 106
113 439
360 259
3 55
436 214
187 255
309 472
109 189
1 335
300 124
321 217
316 80
188 221
368 8
247 20
34 210
370 179
132 496
262 248
96 258
467 295
369 12
262 398
240 500
37 164
484 453
193 371
286 243
122 201
176 492
82 324
304 221
273 360
47 457
341 258
69 79
250 375
411 138
85 210
336 429
346 68
3 178
21 152
419 402
130 105
276 6
350 226
228 221
8 72
420 191
389 45
382 408
320 138
19 438
68 96
209 6
277 314
329 371
462 288
188 134
249 272
398 453
453 368
55 219
148 287
416 477
314 317
81 493
107 7
418 209
4 146
59 66
169 463
469 160
356 411
250 318
467 218
344 314
339 464
38 357
447 427
246 279
363 316
407 389
480 339
93 241
388 480
85 16
419 391
217 397
427 486
110 230
401 300
368 482
169 494
335 133
99 460
207 329
297 168
91 446
27 128
236 328
469 389
361 451
299 215
151 302
403 374
332 155
32 158
442 317
417 260
438 170
127 180
232 477
224 43
84 26
254 202
403 244
396 391
331 366
287 436
395 271
271 421
245 412
186 268
216 31
254 291
193 285
389 378
441 180
250 185
211 274
325 337
364 34
438 397
79 431
299 498
405 82
457 373
8 420
121 333
382 119
145 9
183 259
474 170
107 470
450 402
295 377
353 78
440 413
135 447
65 300
315 70
148 61
492 323
467 211
252 49
218 485
426 478
421 19
142 167
298 132
373 416
231 95
2 318
268 184
332 449
453 324
47 114
66 65
115 407
414 474
473 22
64 382
8 472
137 355
227 170
407 102
403 213
288 417
176 447
72 440
54 484
325 402
127 446
443 416
470 74
197 208
302 226
302 455
255 439
445 467
381 311
382 395
375 252
384 286
86 127
174 194
373 186
378 409
408 159
100 95
388 52
178 283
359 59
167 383
485 50
162 124
269 141
5 298
414 94
164 245
268 286
78 438
166 97
348 278
466 460
391 419
406 366
438 493
330 351
54 433
339 339
5 401
241 394
373 114
67 393
90 432
192 348
143 155
269 8
292 489
150 372
356 9
248 126
226 371
434 87
38 388
32 425
375 339
47 166
64 302
175 285
191 56
421 345
473 333
141 80
254 369
421 67
460 189
43 287
83 277
378 497
236 160
57 80
213 395
423 443
487 484
435 9
183 67
121 375
275 98
456 122
54 221
468 449
426 333
330 41
67 18
492 215
390 374
248 494
98 460
146 370
30 259
479 493
385 215
308 212
70 321
432 330
82 181
448 155
220 371
474 442
99 70
285 453
80 449
78 244
338 8
418 360
227 430
238 98
122 19
113 15
164 462
277 418
273 376
292 447
319 349
279 440
362 372
44 261
483 372
246 411
97 409
202 293
26 9
484 413
167 287
251 433
426 438
189 315
250 164
463 360
94 175
443 185
431 308
377 157
85 227
58 19
298 327
132 255
382 394
370 253
297 22
176 426
372 144
78 416
35 410
421 370
379 102
400 468
75 452
390 347
423 225
346 252
103 290
190 98
85 259
154 437
218 103
251 98
197 9
402 283
148 258
36 486
419 65
253 121
288 397
278 439
279 210
208 136
395 451
220 236
437 153
274 140
148 0
414 97
137 354
452 224
302 342
133 306
105 62
347 55
40 426
32 307
251 138
182 367
287 116
80 265
233 90
261 16
18 134
237 124
96 85
393 199
231 281
105 142
454 440
294 477
276 144
113 210
392 180
240 63
382 438
267 131
168 277
470 236
7 312
38 361
160 170
409 191
78 302
244 299
70 379
476 499
2 407
367 442
297 126
84 170
253 9
306 357
290 231
1 91
474 24
150 200
12 346
226 248
250 144
497 214
386 190
283 100
111 452
205 305
99 414
390 209
207 67
436 459
381 79
137 178
438 145
67 246
277 256
63 196
57 343
297 251
441 345
136 270
314 200
91 242
344 470
121 245
500 274
104 374
120 456
443 346
329 494
268 471
116 158
463 26
15 63
15 19
239 446
253 465
231 26
107 444
390 112
312 495
39 434
149 440
159 422
63 401
421 52
366 400
495 498
246 329
89 21
99 464
73 91
97 140
213 180
496 365
198 349
316 450
393 201
89 228
415 213
423 104
469 336
464 281
131 43
323 141
89 343
134 294
54 372
381 97
97 260
304 146
24 264
466 382
57 156
257 211
338 165
287 449
14 357
205 166
255 384
430 437
189 348
263 421
207 487
50 209
492 407
181 374
433 294
384 298
357 119
305 263
90 190
126 222
273 492
201 4
8 264
411 467
487 199
66 311
196 215
318 89
379 480
371 388
270 411
104 497
248 151
293 87
207 319
20 230
55 132
87 314
203 487
267 375
92 319
18 250
270 114
95 463
463 464
117 71
306 250
167 480
461 351
449 396
170 382
422 310
239 209
321 106
478 78
159 63
89 268
108 364
196 306
445 192
269 200
440 457
106 45
196 480
426 40
217 18
165 270
198 399
65 267
327 106
497 380
473 43
97 124
388 172
200 49
441 58
381 55
491 386
321 369
22 252
400 76
492 141
210 174
449 396
233 221
96 474
389 467
104 66
297 34
175 181
273 77
199 369
209 79
6 215
311 40
123 363
380 423
382 124
498 384
48 58
252 124
235 307
301 443
386 63
443 283
148 61
177 38
6 192
423 38
179 176
478 16
73 325
442 378
187 380
485 307
156 438
5 36
17 395
471 121
104 65
457 35
64 191
379 457
441 45
13 160
218 94
63 264
208 331
201 27
485 231
489 369
20 335
106 496
445 180
188 318
369 124
394 215
247 199
478 172
315 272
33 497
181 410
54 307
431 311
300 40
388 483
22 285
460 42
244 147
90 374
420 188
244 247
423 333
258 382
34 270
338 190
216 361
346 388
367 275
457 57
237 471
281 470
86 466
108 234
339 136
67 183
4 409
176 18
183 151
198 293
438 359
422 446
358 363
90 28
384 390
417 244
494 47
448 22
