183 499
322 364
249 255
246 40
439 283
299 359
234 470
110 14
388 277
126 61
219 102
313 224
248 105
241 223
342 28
244 269
423 144
234 427
105 405
426 315
207 218
239 298
372 112
98 147
467 252
68 401
244 217
239 203
279 394
89 116
320 134
403 128
74 483
280 413
121 112
10 9
210 195
460 287
64 420
377 418
383 89
59 27
246 20
463 115
444 92
194 360
89 314
260 450
174 300
264 61
86 254
365 275
441 226
478 111
418 14
500 434
236 361
285 72
211 43
103 191
183 352
486 376
267 227
37 54
62 409
179 264
285 473
157 106
328 473
24 350
27 416
454 487
375 305
343 106
140 174
111 424
62 211
267 123
465 60
415 277
308 484
255 99
306 340
187 332
458 2
205 63
470 254
381 173
382 412
395 135
342 32
25 262
156 487
233 170
277 412
296 430
250 165
248 155
202 132
192 447
61 84
323 132
192 228
180 144
128 227
183 247
4 86
2 288
320 283
357 148
343 437
313 84
88 277
13 98
74 207
454 396
291 318
352 0
135 403
150 37
209 347
270 154
77 190
323 153
494 438
22 156
369 326
139 443
496 121
469 160
458 352
159 119
340 22
25 297
432 425
500 69
364 200
157 0
338 24
177 187
357 225
442 124
445 489
153 26
43 305
70 94
161 122
47 12
181 225
463 194
27 412
155 108
281 452
274 22
125 98
54 309
473 264
108 483
120 105
33 95
350 120
131 372
281 110
284 194
260 146
276 21
176 314
293 251
89 365
187 189
496 298
308 174
209 439
449 497
232 443
230 24
231 32
171 47
106 358
95 318
18 282
138 21
328 394
125 425
279 248
193 258
467 78
210 345
256 211
0 44
355 92
178 484
25 392
239 262
318 47
193 481
435 190
93 4
392 489
494 286
61 0
401 26
488 331
135 345
58 99
451 489
197 166
379 192
25 127
178 122
56 393
91 26
410 354
44 233
173 234
123 247
429 243
407 458
17 431
397 469
362 79
52 326
116 476
426 184
42 462
456 400
334 21
129 250
311 279
221 144
23 102
314 120
80 282
419 362
418 70
277 192
393 468
213 154
206 268
499 60
30 18
254 419
233 96
76 465
348 196
419 370
266 205
364 183
191 122
371 487
291 160
250 489
214 37
5 34
209 350
323 127
386 358
124 285
3 169
284 111
6 305
114 4
458 412
245 376
48 422
33 338
262 421
475 34
193 166
13 413
468 66
170 385
458 386
187 421
268 122
142 105
303 232
441 109
404 24
215 149
34 60
341 121
197 221
203 128
428 124
462 483
361 463
87 384
398 392
74 356
138 79
246 41
236 378
164 182
76 112
402 269
341 301
51 13
198 31
374 12
74 451
400 277
298 224
165 473
98 198
18 451
481 127
202 257
291 143
280 432
304 119
169 191
297 351
381 367
70 18
227 164
339 477
59 152
32 220
360 224
299 286
365 345
142 273
435 365
396 174
336 272
12 339
468 427
469 48
295 205
228 152
493 182
287 298
106 411
43 171
156 264
108 426
434 433
6 227
24 329
110 291
456 420
364 165
344 372
378 329
171 309
306 217
157 156
85 187
52 274
323 126
265 233
90 50
265 216
173 433
90 479
132 329
373 464
455 101
478 394
2 306
460 418
127 185
39 462
329 441
452 376
174 117
478 168
218 332
299 205
152 124
320 300
433 211
332 255
500 287
442 124
377 241
388 362
92 362
146 387
68 382
317 14
18 231
327 217
451 304
250 111
17 447
495 354
102 128
194 351
490 387
164 1
396 333
156 242
433 441
289 187
391 133
397 115
321 20
449 1
250 97
271 336
156 398
474 425
252 424
241 49
216 59
411 40
30 1
99 107
369 402
455 169
70 471
192 43
305 81
347 129
204 20
42 354
452 60
175 3
202 206
18 302
264 367
396 192
20 138
380 25
204 390
243 231
308 165
82 425
203 432
361 81
84 400
306 148
197 436
141 178
9 40
438 398
340 480
435 279
462 228
150 203
417 32
271 300
485 192
13 256
286 300
420 303
133 137
281 223
78 113
299 332
51 115
456 18
339 409
10 427
116 230
194 318
94 64
247 218
339 178
213 63
234 466
380 34
475 386
357 462
166 90
457 433
238 206
279 392
343 16
183 271
119 328
498 152
181 454
167 375
431 144
445 194
486 337
293 348
159 355
380 91
228 462
27 298
304 498
389 197
186 469
116 388
360 463
234 240
498 333
400 194
393 403
264 382
396 162
181 459
397 38
102 395
477 90
281 199
204 314
94 181
366 85
448 389
430 206
256 218
100 27
488 35
428 222
334 31
444 471
191 442
474 431
180 97
22 333
256 379
252 33
410 370
393 76
333 312
213 200
353 69
233 301
120 116
186 388
203 25
472 29
272 477
8 44
239 268
424 307
235 282
224 232
98 193
363 379
474 359
408 39
156 62
8 344
274 27
434 497
179 294
346 84
150 317
349 319
238 124
426 135
463 128
185 353
479 204
57 0
476 154
143 430
218 277
396 186
387 218
259 149
8 313
136 372
210 183
408 429
275 159
17 241
280 243
283 351
354 210
250 17
314 10
152 220
437 123
417 2
312 451
237 17
143 146
437 496
229 25
245 275
184 422
78 422
450 292
427 367
118 362
354 157
451 475
22 197
265 178
458 299
68 428
200 217
56 361
155 377
283 121
416 328
383 158
220 136
356 287
401 320
243 496
82 88
374 352
16 161
1 488
226 410
432 260
160 314
393 62
351 72
416 381
159 495
320 66
66 253
392 344
281 403
104 422
132 349
490 190
241 70
357 346
240 355
192 149
134 107
273 121
126 263
493 255
307 340
273 111
453 328
396 427
222 187
497 284
232 485
4 333
215 111
499 410
253 440
475 235
414 335
373 410
492 494
354 123
240 268
70 120
172 274
496 409
16 188
154 404
177 269
492 292
262 201
57 437
141 296
403 3
472 14
363 70
372 372
481 91
464 129
290 13
396 338
245 245
189 86
487 369
267 383
459 204
164 287
148 356
498 41
273 7
189 129
410 334
241 373
318 201
379 9
413 460
307 250
15 455
307 79
222 281
375 409
39 151
438 409
31 490
473 10
110 376
364 33
400 287
400 96
347 72
405 255
89 494
139 28
280 460
313 105
60 100
445 454
0 224
26 18
73 491
375 390
411 67
404 288
105 234
152 172
378 102
3 177
478 102
160 382
298 29
276 233
67 303
127 286
96 149
284 366
434 214
435 414
317 289
216 432
464 318
442 269
120 51
22 235
226 288
46 201
171 354
418 455
313 426
344 145
47 275
211 201
134 131
343 338
424 333
315 377
17 381
207 268
63 437
375 184
146 180
484 160
147 107
333 121
418 390
342 57
463 285
477 29
495 414
96 239
98 299
157 331
306 462
363 490
313 453
170 467
295 176
460 477
158 139
260 428
366 394
149 52
262 0
195 308
500 456
36 143
103 61
114 74
192 265
128 460
69 48
121 172
284 251
211 60
358 243
278 97
172 363
150 9
232 58
224 493
143 355
419 255
413 178
250 352
34 395
368 58
19 309
29 449
94 260
314 74
172 199
244 206
462 305
58 425
209 477
182 339
104 463
288 116
222 113
370 447
462 297
295 379
341 387
146 485
499 258
315 340
350 346
351 132
52 155
326 474
420 113
177 357
10 167
8 196
56 499
40 346
333 326
420 420
386 59
467 102
373 280
81 442
401 3
304 202
184 121
224 96
327 416
1 205
289 289
123 441
19 133
494 318
331 237
288 118
418 65
127 256
108 237
247 288
452 365
163 297
450 137
360 433
394 336
470 43
116 150
212 2
106 352
61 42
332 222
185 441
63 34
411 17
260 448
426 58
474 95
64 73
329 431
386 321
286 486
479 20
260 297
63 237
439 278
240 466
358 80
107 282
351 241
183 247
272 55
305 369
276 77
5 138
84 429
53 208
121 185
134 488
427 374
419 320
358 257
487 312
106 212
434 387
229 334
4 422
301 487
148 440
223 152
433 349
6 324
494 426
384 493
260 81
107 375
158 491
174 188
373 350
161 228
328 302
410 162
261 390
455 153
301 391
84 417
37 301
179 267
218 8
276 284
417 289
486 278
228 266
442 36
498 316
347 349
158 281
402 29
410 88
183 92
349 362
215 230
241 44
307 108
291 58
363 226
262 197
320 256
291 24
366 306
171 50
123 414
498 360
212 57
301 12
178 290
400 185
53 87
475 470
135 434
73 450
151 226
125 358
477 245
2 435
32 76
104 396
126 104
6 416
354 124
2 252
277 165
323 215
429 332
198 187
70 157
62 23
80 61
88 436
103 316
451 316
125 363
257 15
180 387
327 222
434 95
131 180
109 221
235 103
85 303
193 404
239 379
388 365
84 348
410 382
237 487
74 361
338 48
270 236
227 222
193 352
146 130
381 430
321 114
176 84
374 416
147 8
222 379
346 181
378 332
213 390
205 241
260 457
371 166
481 142
422 101
247 327
449 313
429 167
229 302
389 210
283 373
58 435
270 427
137 12
215 494
351 93
326 64
140 270
352 34
486 500
34 426
287 496
319 50
230 219
52 149
48 344
187 81
192 116
475 162
385 296
95 498
31 295
295 244
322 40
59 107
179 276
404 117
198 217
168 205
48 177
375 180
446 370
153 173
395 316
31 302
265 426
340 268
249 434
366 228
198 156
231 218
224 269
331 442
438 422
37 143
345 301
215 90
213 368
322 241
148 312
342 198
184 500
391 118
238 141
87 466
48 53
336 278
92 399
182 183
217 42
59 231
212 153
297 113
372 26
306 236
245 56
453 157
263 306
335 332
129 440
317 323
325 249
150 120
223 348
227 414
121 65
2 30
131 413
235 29
333 290
458 191
217 408
121 486
220 90
172 449
187 39
177 386
84 200
314 111
147 443
281 0
325 309
290 333
113 467
257 70
294 98
381 64
225 252
38 225
322 271
82 303
145 197
326 296
138 111
481 213
6 452
369 440
338 299
446 354
80 139
320 393
247 32
187 449
469 147
202 169
389 321
454 27
265 132
322 56
299 356
372 67
347 222
349 330
10 27
374 262
38 20
443 45
337 260
81 371
220 48
55 202
448 312
88 113
119 418
83 393
217 143
27 39
493 408
494 147
144 411
500 108
487 301
348 6
181 387
487 425
312 495
249 146
169 123
199 425
199 147
26 205
105 430
339 170
372 464
378 277
443 240
196 271
330 345
87 395
305 43
410 452
303 85
119 204
254 77
396 56
287 19
378 439
378 47
318 248
77 457
24 388
331 300
408 476
388 260
151 286
278 498
99 11
333 433
188 261
132 188
250 396
479 167
441 36
436 43
214 458
43 443
169 346
258 324
358 382
62 449
391 76
329 255
261 257
318 188
489 33
72 129
260 33
152 13
68 398
217 311
296 461
379 253
64 454
154 388
164 394
426 121
51 15
334 440
83 164
69 492
431 495
14 251
325 402
113 60
1 196
19 27
311 442
103 209
271 375
144 211
100 438
79 53
30 140
278 368
94 141
224 259
496 353
41 496
65 73
248 405
377 355
369 44
150 353
95 188
267 415
445 336
113 500
348 175
91 59
448 372
2 185
111 193
234 291
305 66
246 107
157 119
390 500
480 53
47 331
172 72
250 22
299 340
447 71
162 314
422 133
47 246
338 366
346 90
411 227
24 321
147 49
488 63
383 400
120 93
69 223
476 280
407 127
276 493
254 112
17 169
201 305
84 427
469 29
307 17
374 223
376 427
141 122
121 108
46 303
488 265
168 134
97 255
70 411
172 281
350 203
358 473
218 12
100 467
392 386
378 52
298 403
19 112
459 480
213 188
293 4
208 10
417 414
493 20
248 191
227 325
493 350
128 447
359 348
104 131
357 494
321 212
54 132
269 437
266 470
365 387
18 56
439 18
181 313
262 38
438 440
383 72
152 184
453 118
44 263
98 185
71 91
122 231
171 310
147 431
430 420
24 309
151 343
267 339
76 491
117 221
470 20
63 317
458 111
244 291
34 153
279 459
442 55
117 153
18 405
169 51
364 467
253 327
109 380
130 450
232 48
247 412
168 305
1 380
167 500
426 392
470 112
75 255
154 189
434 215
487 207
252 7
251 293
256 314
113 119
101 40
491 255
415 161
348 454
104 58
10 323
73 153
191 190
462 473
24 345
51 169
80 218
381 98
443 49
183 239
457 494
224 89
216 42
193 275
398 322
150 374
364 230
69 406
107 424
420 211
395 234
413 199
178 139
104 234
394 51
48 453
468 388
2 368
40 327
343 57
326 465
107 260
234 168
136 378
37 457
227 66
112 421
446 38
265 114
87 471
216 494
441 344
370 72
432 437
191 291
264 304
146 455
468 156
408 128
477 401
353 17
397 335
313 234
14 19
75 97
103 345
49 135
190 115
308 427
167 339
462 65
336 441
177 358
90 166
326 299
489 421
236 473
420 100
243 19
33 298
114 316
380 214
49 156
256 162
100 263
229 25
367 492
463 492
88 176
278 111
248 460
122 300
492 390
430 273
272 257
109 426
57 280
483 267
105 384
270 232
441 289
71 441
394 45
23 173
285 294
416 311
104 97
243 22
391 39
252 310
158 154
173 4
273 367
279 45
317 294
320 381
388 441
277 333
498 107
323 233
443 203
70 396
12 462
280 380
402 466
189 111
7 201
147 203
328 327
402 285
338 156
69 444
475 130
15 336
370 231
246 469
244 17
49 65
423 76
493 498
227 491
307 201
487 408
201 13
93 25
438 334
96 442
457 85
32 206
372 67
391 500
282 315
297 467
434 287
160 110
322 306
53 375
464 247
237 124
62 71
9 155
29 9
390 215
343 52
345 1
496 324
192 211
298 297
126 461
332 385
163 419
233 342
162 412
187 466
372 306
383 280
251 127
281 131
144 310
185 149
215 11
271 342
215 293
289 74
31 404
178 290
440 188
356 89
492 493
351 432
494 231
139 261
113 411
356 405
23 369
377 138
270 141
414 440
273 287
385 188
160 183
188 242
495 33
355 64
331 273
385 461
269 314
150 399
465 201
239 430
179 287
178 213
218 497
476 176
149 125
50 279
147 215
408 56
3 316
444 30
167 294
42 261
5 269
295 350
153 336
76 39
176 119
153 147
488 25
0 499
55 60
161 358
462 102
442 143
377 182
493 487
15 302
396 264
294 477
375 125
190 198
443 163
39 397
202 43
197 104
359 199
204 482
208 75
83 266
113 52
49 345
478 207
297 3
397 332
419 138
405 65
380 7
497 464
107 127
230 386
375 161
355 475
243 46
128 273
242 456
190 152
222 356
24 27
406 51
134 450
329 152
416 276
199 52
423 351
77 470
287 258
101 252
117 384
61 227
488 214
364 21
152 322
319 283
214 331
480 449
81 325
455 306
111 336
317 252
241 321
405 173
329 114
188 50
483 290
355 208
256 444
133 313
150 469
487 66
113 390
1 134
163 422
252 100
208 117
128 485
160 330
138 36
154 464
437 37
389 375
408 245
1 383
170 41
405 198
350 8
330 226
307 236
140 35
242 384
132 215
470 454
145 43
97 26
258 345
94 9
346 123
166 343
461 11
166 162
308 496
70 208
422 119
46 177
234 460
49 104
356 492
392 254
465 117
16 486
298 420
425 442
345 323
426 408
247 462
27 496
203 391
485 264
320 74
452 456
11 34
498 345
327 468
422 91
439 499
289 355
250 221
171 368
383 226
415 405
366 446
128 79
153 96
276 204
73 130
365 239
492 231
168 391
103 105
213 353
317 455
53 82
56 206
222 72
456 339
178 370
30 185
316 11
454 34
204 486
225 464
309 217
350 374
187 106
457 11
4 235
352 494
361 330
382 242
237 322
159 70
26 487
321 489
444 364
198 348
59 421
471 404
67 394
273 194
233 90
427 170
177 217
412 138
244 438
385 235
208 398
458 479
450 407
414 38
413 431
251 113
341 222
326 482
500 182
374 354
186 14
171 163
430 156
389 130
105 30
170 53
190 182
259 195
357 294
245 483
257 41
238 439
282 411
155 2
163 440
8 294
234 288
219 295
349 2
176 357
57 256
336 472
36 321
242 193
203 119
74 161
259 467
428 334
252 340
262 289
194 404
336 199
102 336
270 305
146 368
105 492
425 349
82 202
176 213
21 365
252 210
428 144
408 257
123 19
72 469
16 265
143 81
211 201
8 354
31 81
173 420
416 24
73 445
442 255
82 275
270 447
446 184
493 200
405 79
358 9
478 447
64 256
306 381
129 477
360 462
31 373
128 328
260 313
47 395
296 45
454 367
247 185
78 218
97 213
282 353
249 436
54 167
229 34
316 21
66 168
166 10
265 432
14 319
344 79
461 107
342 125
393 96
474 160
325 454
144 254
448 302
487 178
163 195
238 359
28 41
253 404
70 317
134 182
269 153
313 78
441 91
452 325
22 468
96 283
85 341
66 410
481 159
472 362
372 365
187 279
26 430
425 140
352 320
188 402
91 319
433 304
313 454
106 93
162 316
217 486
392 139
52 67
315 147
158 431
490 439
117 181
212 47
83 207
173 308
132 184
478 309
155 265
364 413
312 265
234 234
397 496
141 226
2 302
106 130
384 260
224 420
279 454
460 111
261 194
166 18
365 263
364 265
344 196
92 374
263 135
166 206
483 354
77 296
271 199
430 384
4 465
160 0
222 370
230 254
349 38
498 171
164 401
117 3
436 342
146 33
492 378
220 39
287 124
419 428
212 6
192 319
34 310
331 198
83 9
497 150
52 132
485 98
79 275
220 52
128 262
412 286
412 51
122 334
38 233
294 388
467 383
204 106
319 165
285 180
49 48
366 169
8 46
330 302
103 273
428 197
142 33
452 473
240 47
354 203
171 295
467 327
57 361
144 312
227 438
156 413
476 44
363 474
377 135
169 155
445 479
70 263
182 375
44 254
19 134
345 302
36 129
166 472
362 193
431 386
415 395
483 292
96 437
272 141
387 335
173 178
26 417
295 315
98 177
463 36
404 292
66 196
135 348
271 22
396 41
341 451
109 241
371 417
143 79
377 478
242 434
48 340
430 404
397 179
272 86
474 78
366 439
102 281
308 16
420 495
141 152
84 22
283 156
82 46
451 342
161 307
111 271
66 421
137 239
158 7
353 29
252 271
147 452
28 93
246 445
450 411
324 256
429 255
419 329
140 242
475 14
445 485
287 132
76 92
314 384
302 305
352 125
217 108
326 416
116 317
261 430
12 423
6 8
473 394
247 371
194 28
356 331
162 459
213 282
35 451
273 285
292 419
107 230
86 66
488 390
466 201
197 316
111 458
122 229
430 306
56 157
462 175
251 161
362 50
491 7
8 200
307 217
253 158
67 124
403 128
341 52
359 32
215 144
349 104
376 168
183 237
418 294
181 61
144 54
81 359
206 195
192 285
60 328
218 215
12 219
471 328
138 360
98 290
343 399
266 164
493 234
389 229
454 229
118 481
337 183
151 384
165 80
274 406
341 266
397 221
376 409
194 162
149 25
165 301
94 306
50 312
369 112
190 217
285 246
74 241
104 107
485 205
201 167
334 141
52 187
45 492
305 330
10 464
230 95
31 282
414 13
3 283
26 170
426 235
239 110
5 165
406 436
88 445
408 54
320 155
251 138
424 313
145 152
315 166
188 442
491 409
474 88
227 337
218 266
337 70
481 191
70 156
492 209
483 321
387 240
473 76
215 111
315 33
158 338
348 499
426 129
126 3
268 126
283 440
53 329
302 374
278 167
31 304
175 29
345 184
363 440
203 194
205 161
154 286
254 36
391 340
19 237
70 163
215 91
378 449
332 84
75 312
302 35
495 487
213 55
467 416
186 106
132 479
330 226
48 67
482 292
399 380
275 470
1 362
115 139
15 288
182 24
457 299
445 222
219 174
131 21
500 465
376 318
195 107
195 370
231 211
376 139
122 210
233 81
328 387
222 38
296 372
198 181
238 201
24 193
174 234
101 75
284 41
167 388
429 159
335 75
277 336
168 110
150 236
423 383
122 441
106 2
496 201
398 387
361 59
479 258
121 416
66 153
24 394
105 22
358 334
110 274
198 308
254 38
56 143
239 55
152 89
28 8
218 119
457 284
237 94
324 400
298 126
8 391
233 487
188 471
331 108
452 117
320 375
413 157
381 171
425 63
495 112
7 127
154 13
245 76
26 368
192 228
405 349
455 379
421 283
475 348
484 156
447 465
74 206
414 409
104 486
177 195
90 96
148 245
112 485
320 102
84 359
444 236
180 6
483 166
349 91
272 157
193 310
413 324
346 139
255 208
195 273
235 73
219 481
49 236
409 356
462 282
243 199
430 188
253 197
123 171
292 378
495 377
56 34
171 292
282 56
460 472
464 159
379 395
270 390
325 242
126 403
238 477
2 145
199 95
355 476
82 164
134 378
317 73
394 5
281 495
251 486
359 491
309 238
211 296
278 287
177 78
160 118
89 107
477 438
297 130
94 300
410 497
195 167
262 343
77 297
414 372
180 59
88 201
424 475
59 477
197 412
147 384
240 312
93 113
363 24
412 453
333 185
367 277
334 141
313 173
284 433
97 294
86 149
347 124
103 34
191 398
248 45
171 163
114 478
97 325
50 423
82 424
126 42
47 209
34 404
220 18
475 444
459 215
271 360
228 165
31 426
368 107
148 157
53 203
92 412
108 350
262 70
226 355
397 153
152 13
220 76
35 21
452 190
500 339
231 470
180 40
168 263
196 8
294 278
320 265
94 11
196 138
339 443
472 9
347 100
208 416
420 398
407 176
110 412
92 389
323 399
123 106
242 143
12 250
460 178
125 211
388 260
128 228
19 205
51 374
244 4
184 57
59 304
236 360
216 126
137 154
154 70
152 215
188 42
130 232
338 391
379 351
139 270
325 63
444 175
71 290
424 321
226 451
62 226
37 191
34 133
249 422
266 142
107 379
82 130
471 25
57 358
99 109
351 40
249 296
443 397
37 459
125 353
269 84
377 484
362 113
64 246
118 216
128 172
321 351
328 94
168 155
238 48
257 54
469 301
354 144
151 461
3 146
35 318
86 434
14 102
386 321
467 223
159 278
385 288
410 225
171 109
316 256
252 334
325 267
463 214
471 103
442 66
44 470
60 436
484 356
273 275
380 201
248 474
156 195
42 234
350 201
434 461
412 319
101 58
427 367
111 20
482 341
466 238
195 394
257 147
42 188
351 482
442 177
450 341
197 365
176 88
454 392
113 269
66 436
446 80
264 225
140 360
125 144
242 350
111 391
223 193
117 196
164 297
157 48
161 360
50 418
339 489
235 279
4 489
445 373
433 490
238 12
36 440
252 41
489 282
328 485
196 420
127 332
17 42
436 403
500 466
208 39
118 252
17 273
482 385
221 180
351 300
195 162
317 45
212 64
266 112
22 146
355 423
355 492
70 267
325 265
397 487
279 304
366 278
193 428
41 248
137 320
388 396
405 189
312 361
290 500
33 3
212 229
402 464
221 300
235 491
376 279
178 182
155 494
92 189
412 108
197 222
124 439
103 359
31 448
163 418
198 28
119 327
472 422
110 216
190 80
277 186
161 277
480 245
345 271
169 80
379 401
347 108
27 413
403 251
45 497
372 318
84 214
272 27
307 166
146 423
427 395
104 433
218 447
91 298
141 286
311 178
367 49
133 115
90 471
297 145
276 100
325 327
372 61
209 224
223 259
146 165
294 283
334 301
187 114
81 224
26 149
355 392
310 129
335 263
154 435
376 84
461 118
166 261
491 301
67 219
209 54
184 32
388 172
50 215
5 430
124 378
180 235
181 336
313 241
304 460
139 438
449 470
288 15
499 421
11 94
345 422
241 423
254 371
390 188
320 232
140 467
266 474
69 454
279 108
335 39
370 236
481 86
497 187
64 222
354 279
95 94
48 286
259 467
99 23
261 314
444 69
244 408
440 100
201 114
269 126
144 248
464 294
339 103
473 76
233 258
45 360
54 112
496 439
170 47
164 383
351 385
328 319
245 84
94 454
129 216
119 209
379 305
241 45
391 125
326 469
212 292
9 186
367 71
81 416
187 168
263 96
118 0
407 156
436 445
264 46
406 182
407 69
20 231
14 344
438 178
175 396
474 297
379 412
272 463
44 407
28 379
27 85
107 299
45 480
224 488
95 285
445 233
463 266
148 338
317 337
108 82
58 117
123 216
424 160
237 34
257 170
249 486
383 331
198 263
108 260
4 398
140 357
213 421
466 371
91 344
23 265
300 45
108 328
339 115
76 228
48 23
173 309
323 433
146 369
427 392
419 117
47 372
270 476
125 240
35 359
456 124
235 245
103 3
490 15
270 331
224 309
60 322
228 457
204 70
9 422
95 273
142 346
407 10
445 118
223 252
183 71
268 198
262 415
253 299
174 150
164 52
500 450
189 449
55 167
32 90
331 405
141 402
66 268
378 241
192 228
169 224
25 387
217 148
248 345
15 109
398 212
439 397
47 164
243 222
262 395
387 10
392 163
333 384
333 322
337 494
29 405
74 386
267 137
59 404
104 276
451 452
372 326
484 8
450 400
210 240
62 345
42 348
486 372
60 467
455 356
378 303
165 364
350 203
10 447
1 497
86 132
247 199
99 491
403 116
218 24
117 365
456 234
151 422
158 95
329 215
126 338
358 425
171 96
132 285
306 267
130 412
277 25
244 413
196 42
394 2
142 206
492 281
296 138
387 130
223 145
368 250
419 449
16 307
217 13
395 228
238 154
132 18
486 74
149 492
211 422
118 476
110 17
189 224
44 44
452 140
19 199
416 205
237 281
256 283
169 30
6 88
123 115
73 252
64 7
62 386
338 252
390 465
90 134
303 140
17 491
0 247
334 434
374 453
451 167
99 253
32 399
462 392
448 374
214 42
226 53
164 40
70 126
324 311
52 317
129 382
473 315
393 379
252 338
327 466
142 207
380 128
271 173
141 304
279 328
479 429
161 243
143 449
433 232
497 453
382 182
498 389
305 232
270 421
33 151
259 390
222 365
141 101
364 380
199 181
471 102
444 301
398 26
76 159
235 462
220 400
489 415
419 226
288 319
31 187
4 104
325 163
438 409
445 159
233 474
271 119
372 308
337 473
360 329
222 237
489 151
364 86
99 481
465 424
463 333
140 313
336 92
385 342
76 255
489 387
166 499
381 417
394 444
328 334
447 22
19 9
56 345
10 339
257 268
353 314
152 354
222 455
149 421
19 182
58 231
427 394
323 85
78 452
407 491
485 381
218 219
471 342
61 69
82 132
396 452
40 211
248 336
284 363
121 486
399 274
476 185
498 76
278 20
26 391
461 389
310 122
193 255
454 125
348 240
276 368
142 259
0 227
139 489
395 83
128 137
388 266
54 405
30 312
269 323
65 290
138 397
484 316
6 316
132 367
366 124
54 393
455 263
203 392
248 170
180 91
462 163
369 425
53 340
470 137
261 367
395 367
355 192
354 288
2 421
375 497
373 227
49 393
12 130
72 482
440 8
262 423
335 245
407 34
72 288
296 396
328 151
112 415
399 305
483 262
311 70
78 218
476 368
4 439
81 247
48 417
466 130
340 216
106 306
169 118
63 294
408 291
491 179
361 15
124 21
340 126
233 328
392 499
64 202
221 394
280 379
112 246
370 171
373 472
183 67
27 158
429 238
20 473
158 20
204 467
59 494
446 49
318 309
276 459
139 404
1 405
317 56
164 470
399 223
385 457
124 412
46 88
146 107
232 157
245 71
162 18
310 136
148 179
146 14
53 401
444 237
274 380
428 5
301 54
296 260
48 296
492 17
186 499
493 264
311 87
306 230
479 26
97 438
142 8
125 63
97 99
348 88
421 227
290 258
291 487
130 209
228 325
385 470
111 359
426 67
150 408
16 313
406 449
6 454
279 396
450 73
162 115
6 323
56 328
38 453
377 368
212 97
408 159
75 296
436 407
325 363
127 114
265 194
498 273
18 444
225 105
315 1
29 406
410 453
219 31
291 334
284 63
335 174
343 392
193 30
162 329
455 262
278 156
211 369
157 1
239 475
271 419
155 56
264 21
485 355
400 246
428 386
424 450
68 221
226 17
15 320
449 22
362 125
24 241
458 93
400 450
400 343
104 31
43 496
433 458
41 114
180 305
52 493
85 439
371 239
404 472
214 342
250 414
266 239
471 493
483 401
256 372
266 7
293 345
429 278
290 137
115 182
317 188
249 464
322 456
132 15
30 446
245 434
500 320
278 182
159 53
20 263
143 421
223 162
137 56
362 93
339 212
62 435
379 217
456 469
320 211
410 396
421 300
314 464
162 9
442 135
460 10
428 476
0 298
157 160
118 67
284 209
108 37
407 390
186 47
458 62
478 259
303 331
163 440
39 313
59 209
421 58
460 423
311 148
384 420
442 313
77 229
47 203
367 232
146 231
478 108
148 324
206 243
396 238
96 348
111 4
487 425
313 109
477 430
167 382
128 342
494 63
359 262
205 40
216 283
482 298
494 145
378 368
442 17
33 152
243 278
481 283
414 421
210 225
441 178
489 454
432 59
137 145
55 379
135 77
160 304
313 60
192 201
178 17
194 252
162 266
19 230
162 10
72 277
265 450
462 115
440 390
212 79
363 29
358 419
17 8
478 113
327 483
499 8
153 29
254 338
439 196
234 30
335 296
374 185
483 96
411 234
326 175
432 329
491 381
64 334
169 319
6 409
100 268
222 279
192 273
338 197
345 378
127 241
402 211
221 138
124 49
167 83
152 1
387 406
19 44
319 14
44 398
258 278
53 367
332 322
183 468
255 30
482 243
65 68
167 410
233 434
89 358
439 406
401 475
71 445
451 462
449 331
61 144
453 28
302 201
470 280
381 362
136 357
37 357
328 451
162 417
318 473
132 6
231 121
288 420
311 247
119 413
269 142
139 81
35 21
434 353
40 164
42 452
462 294
48 271
323 265
355 197
486 183
293 283
277 172
403 338
312 355
51 265
15 306
159 170
66 394
308 482
449 288
303 110
421 358
350 120
234 426
309 456
385 141
465 361
314 500
479 60
282 414
180 465
380 30
0 109
113 231
435 33
181 2
419 444
256 208
182 48
179 191
138 496
380 481
197 470
467 341
108 278
128 469
168 194
412 290
422 454
224 395
370 393
425 387
461 302
251 6
326 318
113 153
251 193
286 264
310 495
135 239
270 287
337 95
67 402
440 169
155 170
58 442
349 480
24 401
289 342
275 89
422 302
185 126
44 343
69 271
56 69
176 275
370 77
31 233
330 171
127 323
115 346
475 382
437 142
258 104
402 8
120 369
244 96
8 279
238 262
336 393
55 267
83 236
321 346
390 175
123 27
113 413
463 247
131 351
45 229
124 255
252 181
152 194
345 241
274 481
41 79
228 81
335 180
261 134
216 294
273 178
486 474
340 240
251 50
15 40
216 484
336 135
269 154
174 371
6 274
293 424
218 114
8 462
33 456
434 410
202 169
123 69
120 91
33 16
204 355
450 33
229 297
286 186
487 404
282 415
416 150
366 265
195 387
482 427
220 61
108 5
59 273
77 387
50 289
290 373
482 320
269 269
100 403
207 139
117 247
94 171
361 74
235 442
63 98
75 376
364 57
329 368
32 130
349 269
393 420
27 46
105 295
308 472
172 499
265 77
114 222
296 394
145 98
298 199
44 117
228 16
450 456
260 460
403 387
165 246
19 315
453 164
191 460
410 358
177 359
145 187
375 167
171 100
154 445
74 140
359 316
58 233
64 302
315 211
463 199
56 491
80 151
73 333
155 410
378 341
463 256
24 235
356 437
292 346
278 200
496 465
403 188
79 344
160 372
493 75
386 233
35 47
110 63
376 46
140 229
315 250
84 312
371 493
221 102
251 389
252 138
52 457
307 207
298 309
68 234
187 19
21 484
96 109
322 106
50 91
307 318
306 137
368 396
141 340
11 359
461 319
140 257
90 277
114 475
159 370
302 189
22 272
191 188
254 408
350 20
220 15
258 174
248 250
498 115
303 1
441 445
105 384
177 226
339 491
249 380
83 218
401 472
286 103
146 165
306 258
466 57
269 415
488 54
222 11
176 260
257 301
355 195
1 129
191 155
111 68
332 499
481 332
294 109
284 55
346 241
244 194
418 86
429 25
375 180
176 278
302 463
297 496
403 287
112 486
254 203
74 3
435 160
440 389
375 41
183 276
38 472
166 261
80 136
219 18
418 275
463 443
39 278
172 21
62 323
271 255
407 253
234 373
404 77
91 229
65 200
486 34
49 317
153 43
24 369
405 386
52 415
136 399
263 65
145 178
209 287
102 64
250 446
304 8
132 328
175 117
323 233
50 56
267 98
429 333
302 46
333 342
37 54
78 200
98 331
212 436
413 423
13 482
192 53
8 430
96 229
327 453
481 71
407 493
57 109
135 86
251 236
436 473
174 114
28 485
391 426
254 432
217 260
190 185
446 159
90 100
106 396
254 440
234 446
129 45
268 335
14 338
431 346
294 215
248 101
347 144
346 429
334 347
278 130
141 432
345 210
257 164
351 360
382 102
78 452
133 108
157 170
3 50
225 164
252 140
380 396
319 461
275 26
353 42
402 58
277 213
445 22
293 21
405 217
421 177
418 380
297 454
495 361
58 192
55 334
214 63
386 300
30 432
126 278
332 50
98 225
462 352
454 324
254 379
249 123
88 447
439 448
255 31
336 314
60 283
96 424
432 330
75 448
340 8
202 432
367 373
466 411
272 72
394 348
44 20
400 9
32 496
3 384
459 291
334 218
394 4
270 207
237 257
404 267
476 440
235 7
258 88
157 391
380 1
122 444
255 383
387 320
346 0
361 16
204 387
331 105
370 156
23 463
195 402
160 159
305 134
15 105
346 209
360 371
11 178
377 88
307 107
116 124
141 325
173 432
100 376
203 279
69 493
446 399
363 451
9 103
302 395
426 197
181 64
229 301
409 463
27 420
47 133
238 315
189 395
423 142
434 247
343 357
93 403
422 12
6 217
417 66
89 443
463 3
402 97
131 27
97 278
277 185
135 433
472 185
148 134
444 121
96 25
303 179
305 116
55 87
467 147
139 198
407 199
142 219
496 78
282 341
141 71
191 207
240 402
437 449
444 40
193 437
379 413
167 481
99 447
348 412
230 39
151 37
127 82
103 281
90 456
460 18
245 74
497 4
440 459
47 407
487 115
349 169
211 262
426 356
402 466
251 154
285 233
337 65
83 411
361 370
15 488
72 221
473 392
212 8
87 403
305 151
49 446
433 2
481 165
197 83
22 187
20 348
24 1
247 251
343 42
65 175
466 286
305 105
391 385
450 93
99 219
135 76
125 350
464 204
163 498
130 283
193 296
282 450
139 255
0 372
482 335
305 271
16 192
65 232
420 483
118 380
349 126
233 408
442 495
323 313
263 365
97 249
490 194
364 82
58 312
272 299
260 38
125 450
296 374
182 152
423 191
382 356
315 221
305 368
383 496
107 207
158 431
0 340
493 319
357 165
98 222
228 32
401 420
490 163
11 441
166 477
35 358
269 450
157 373
99 346
314 50
37 491
92 336
158 170
182 43
154 1
410 362
163 500
405 115
401 143
84 67
258 239
386 9
56 167
134 494
492 195
487 427
225 433
170 144
415 353
466 283
308 463
118 319
380 24
427 410
328 69
430 109
308 257
239 295
28 302
189 285
176 457
80 202
451 34
35 444
162 336
82 235
377 90
315 416
76 254
66 341
366 442
471 382
166 97
119 278
164 132
467 76
163 474
247 257
65 369
40 190
133 134
477 276
162 475
20 472
226 301
125 480
466 278
346 80
160 224
366 469
386 223
495 359
445 368
173 249
369 50
454 205
275 28
268 411
118 50
56 261
417 357
450 8
355 241
159 256
70 328
123 247
340 246
49 146
173 302
256 315
484 384
165 484
118 266
245 445
10 51
379 55
352 379
318 106
12 12
44 371
44 256
282 112
97 292
375 195
398 214
261 121
131 258
126 343
44 51
176 340
277 233
248 215
253 64
478 488
119 473
13 304
50 482
200 299
394 39
80 5
386 185
200 436
316 408
401 409
303 45
450 483
253 474
439 384
195 86
461 358
86 385
25 101
191 48
81 29
2 210
211 119
451 61
58 183
61 138
186 163
89 50
97 470
107 443
39 455
176 414
52 434
130 58
377 300
250 428
348 253
237 249
159 318
161 353
405 4
354 358
217 352
321 410
313 373
261 300
436 208
90 171
162 40
315 500
181 321
427 115
425 398
449 102
228 276
38 339
346 327
106 129
184 161
164 482
29 321
203 178
5 113
221 88
361 46
10 267
378 286
432 192
222 264
321 350
455 153
279 269
382 75
91 255
303 342
223 345
34 29
270 314
2 179
73 407
72 129
58 26
104 41
327 22
354 292
186 376
80 383
372 55
304 249
436 90
456 115
42 212
204 157
87 238
356 11
47 52
319 412
378 190
303 429
220 433
162 116
241 122
115 132
306 407
78 462
336 392
337 114
83 310
307 250
464 335
211 440
174 448
447 77
115 183
179 124
176 399
119 196
151 212
147 385
283 70
453 33
69 490
99 199
256 169
258 236
407 354
275 91
317 167
380 488
37 134
445 47
371 442
210 53
21 428
15 96
342 112
309 395
82 101
19 8
291 28
38 179
493 306
282 487
64 399
168 402
42 455
197 337
73 437
499 133
116 384
293 290
451 187
324 298
142 187
167 5
300 27
463 239
75 6
257 375
383 493
360 423
203 67
196 183
405 46
444 460
81 252
396 0
357 170
366 369
304 198
37 15
407 447
243 15
335 323
241 185
410 97
455 136
34 144
325 431
470 153
209 124
456 401
330 353
422 385
387 371
410 413
97 53
221 278
106 208
388 312
192 52
85 65
324 204
312 30
351 277
243 116
140 125
231 265
79 433
431 325
346 407
301 330
223 335
491 66
349 143
457 205
215 182
114 421
63 44
280 316
13 80
473 438
9 440
315 235
437 146
433 274
364 442
325 287
158 340
353 11
239 421
39 447
457 106
156 210
216 433
2 258
473 23
360 420
439 16
457 300
63 121
412 114
477 230
132 144
52 178
293 369
144 330
116 344
20 150
97 185
186 378
167 391
258 329
240 367
172 24
464 82
121 465
287 470
5 360
413 252
6 165
150 260
214 103
215 142
57 477
113 329
70 286
144 200
12 32
86 346
454 86
433 138
437 88
485 362
293 338
288 180
305 322
197 48
167 334
15 266
466 319
186 262
13 345
113 144
297 123
479 1
177 312
180 177
204 148
110 223
239 272
373 88
334 283
276 324
494 365
168 410
161 11
351 393
327 181
54 135
228 185
0 23
224 4
142 72
495 259
231 24
262 255
63 62
29 186
206 22
258 365
384 187
343 115
311 449
397 22
474 309
382 317
437 119
458 64
102 106
320 159
331 60
336 133
217 46
442 279
211 202
65 482
220 284
304 69
164 142
100 256
221 45
63 274
408 379
154 461
71 276
306 456
446 179
172 80
225 468
500 474
186 243
385 346
3 286
139 189
103 5
252 349
101 73
257 193
95 412
397 172
485 175
419 286
304 146
201 272
301 370
96 257
230 257
220 105
355 177
23 323
212 223
224 146
31 99
448 252
77 354
253 1
466 38
270 365
488 203
77 154
388 108
443 385
149 412
279 116
491 198
237 19
382 315
450 496
333 485
55 49
71 152
218 158
186 416
472 125
65 209
450 60
130 217
248 473
341 228
429 286
222 396
368 119
345 116
291 445
474 390
71 94
438 438
288 439
125 365
124 341
362 128
285 334
3 475
282 425
491 401
239 339
262 245
159 445
61 485
69 98
267 453
366 261
74 499
380 148
265 80
19 143
151 36
297 234
442 144
368 415
349 231
449 225
210 309
89 48
96 407
237 147
212 397
261 223
41 76
323 252
245 494
90 226
360 427
155 10
389 223
135 225
461 267
229 349
23 85
158 14
278 182
276 9
44 498
103 319
251 153
348 3
335 55
111 241
87 256
434 369
296 48
351 256
266 496
101 274
413 118
271 136
21 21
239 484
307 397
8 246
66 205
163 214
326 302
28 21
218 10
35 303
282 495
51 386
88 319
436 416
136 370
52 43
20 491
168 282
137 438
380 77
263 81
497 12
339 452
13 50
400 418
484 44
113 220
489 461
379 137
170 165
339 103
272 328
287 414
173 276
352 496
426 58
332 364
277 248
463 167
139 49
115 430
69 369
206 168
147 283
174 392
198 295
72 350
8 412
423 164
76 258
439 373
331 34
472 6
311 40
500 21
275 428
362 498
20 147
179 2
479 315
14 5
123 159
82 293
299 322
209 30
142 332
408 171
20 12
35 305
184 205
40 117
123 137
325 222
374 243
115 86
460 51
244 172
172 173
475 134
101 268
51 253
49 389
99 180
383 427
240 172
163 407
258 37
350 411
367 280
29 110
183 291
330 202
333 417
81 393
324 34
237 146
484 444
28 97
88 447
410 170
453 245
286 5
316 236
309 244
214 304
69 477
442 267
445 447
215 41
308 217
361 483
309 306
222 366
6 494
203 22
250 484
258 18
386 246
162 4
465 413
117 111
248 266
136 95
445 122
333 20
474 192
73 362
459 127
97 209
36 406
400 467
400 195
491 396
496 106
381 415
224 249
289 143
382 269
157 413
233 350
68 367
474 476
233 392
185 123
293 297
244 167
3 498
98 367
14 425
451 181
492 142
277 289
368 210
39 196
167 134
499 435
70 341
80 142
412 226
179 439
385 353
429 382
419 103
7 449
475 5
25 139
231 150
183 178
500 310
70 355
441 415
483 340
494 42
267 465
406 117
54 320
322 52
208 363
161 119
56 478
124 495
249 24
211 365
234 361
237 154
330 380
337 374
401 261
371 112
55 284
495 382
100 349
462 388
63 46
494 466
468 56
33 151
417 450
44 250
293 451
249 426
402 480
286 383
387 219
359 96
212 286
256 430
411 288
413 36
79 147
327 198
194 40
325 409
364 444
333 455
411 99
210 3
237 258
434 376
394 55
43 103
146 269
427 181
164 213
135 33
339 396
444 439
393 407
379 95
28 270
453 374
264 261
413 69
130 329
174 405
185 200
234 187
97 233
411 97
310 484
267 121
437 247
377 237
116 107
60 157
353 457
80 409
261 55
120 124
280 163
229 185
451 244
483 319
47 71
330 71
16 350
174 272
93 495
214 54
53 19
385 492
438 342
396 359
496 208
424 180
481 485
201 456
466 249
14 88
313 487
481 137
218 479
65 227
436 84
254 280
258 134
470 357
42 88
351 371
95 491
108 319
88 368
340 301
336 39
492 398
70 500
102 237
435 143
14 90
336 433
37 451
167 450
34 259
51 68
112 270
220 201
16 441
188 344
133 208
285 33
60 179
193 47
437 271
96 94
177 46
81 245
123 72
354 168
302 185
96 257
326 401
39 216
294 21
5 118
392 87
394 337
78 32
418 126
331 381
98 59
57 221
410 207
269 435
204 192
414 441
342 165
271 46
186 318
7 116
454 293
62 231
35 468
29 66
280 271
475 188
106 86
322 244
448 385
492 99
438 30
261 6
494 370
424 351
66 206
448 495
139 209
235 468
366 142
369 427
458 478
373 301
466 71
495 244
136 442
155 481
41 411
293 243
2 478
53 15
52 329
55 241
174 173
169 457
77 477
170 192
342 141
155 422
139 487
313 21
116 57
315 345
258 277
487 424
57 356
11 133
116 57
303 152
76 126
426 367
59 103
479 144
83 257
135 270
373 423
368 402
284 79
437 234
257 449
236 472
62 105
435 440
301 325
479 91
475 224
211 252
224 145
96 56
91 487
162 206
89 194
49 48
25 342
173 185
51 25
410 399
127 15
86 388
462 371
140 127
11 152
10 21
41 306
23 25
78 478
157 452
465 11
400 416
435 83
436 418
461 362
345 284
322 296
315 407
140 201
124 492
208 28
206 460
262 266
435 372
220 179
452 47
174 118
133 456
339 405
97 290
481 273
255 340
346 391
58 283
156 149
413 188
388 161
440 285
14 248
87 499
318 229
342 52
84 221
491 338
417 218
99 474
458 403
86 359
453 76
455 41
388 160
163 180
255 198
4 435
453 455
18 358
445 14
282 455
326 291
397 319
278 374
439 291
166 366
212 106
326 441
129 468
219 386
294 337
377 438
430 125
409 341
381 441
38 480
201 32
317 403
319 118
323 107
357 315
399 29
84 388
163 43
81 72
287 50
378 39
87 369
413 110
243 450
364 186
331 284
441 357
371 65
391 24
230 237
374 253
305 393
65 193
413 203
331 439
444 28
370 261
369 479
342 13
66 175
232 188
312 292
431 174
222 207
76 46
18 84
196 291
83 19
452 484
12 256
441 105
492 262
55 173
366 100
395 48
325 414
320 207
50 453
318 182
346 426
127 256
194 283
304 428
364 231
496 187
495 357
494 251
64 176
101 368
289 274
433 275
8 114
99 385
371 200
266 429
92 99
245 36
239 452
211 368
72 347
398 62
210 237
280 368
110 119
464 464
123 183
228 137
118 145
470 72
67 381
262 358
22 54
429 202
62 297
325 320
204 432
178 14
314 417
128 90
81 361
407 454
249 468
367 43
49 96
442 316
204 121
207 234
68 464
55 0
294 455
272 481
409 175
153 444
29 232
239 261
444 420
499 213
262 125
317 127
304 157
144 332
187 93
375 407
88 91
448 32
61 144
422 496
413 17
315 194
11 155
328 96
374 21
267 122
312 74
469 69
58 181
68 119
155 212
367 126
174 406
112 223
439 14
110 40
211 377
129 96
167 344
125 275
168 291
157 412
133 167
433 161
339 457
199 211
434 292
342 352
50 159
73 211
172 269
285 38
352 227
477 132
410 419
278 169
281 92
31 197
495 156
163 135
252 142
403 387
182 71
383 317
412 312
369 114
467 177
65 400
20 114
3 289
159 121
396 86
378 303
363 72
11 32
413 490
238 136
156 89
392 271
9 416
284 415
221 20
141 54
86 491
290 129
42 143
425 271
183 173
84 171
311 333
160 140
6 278
22 413
291 419
341 259
436 160
61 269
125 23
92 253
385 144
462 427
277 185
479 71
482 486
151 361
436 483
386 178
15 399
443 63
171 121
490 230
266 108
13 332
294 109
87 229
394 225
290 282
397 169
314 125
149 158
204 400
334 286
398 442
385 220
23 409
101 178
157 1
201 314
278 198
180 185
153 463
312 172
365 369
347 183
230 401
417 334
86 159
99 153
128 429
56 348
88 352
233 369
221 189
13 454
409 321
354 92
462 253
20 265
206 400
37 426
107 186
462 323
383 440
272 67
260 332
305 493
110 52
74 121
324 149
162 216
250 485
331 404
417 418
422 392
401 83
109 246
336 483
386 484
284 6
382 387
368 144
351 452
457 214
169 420
321 154
45 196
441 83
430 406
175 266
30 491
422 317
372 287
118 259
232 278
76 16
77 48
367 498
118 183
226 149
362 41
254 228
262 99
102 232
415 38
355 169
217 46
335 306
454 228
116 9
22 262
84 325
492 353
466 276
28 463
479 299
218 434
68 104
235 259
218 266
445 108
475 195
136 110
244 307
343 241
316 346
139 168
303 94
342 434
176 245
231 465
107 335
203 94
246 103
427 338
326 106
369 163
361 109
430 165
257 446
284 333
486 244
82 293
492 168
19 249
29 170
94 311
215 404
350 5
291 463
393 450
288 472
57 157
148 154
349 151
345 347
475 279
234 310
339 101
264 106
476 134
134 323
78 63
160 179
485 353
267 213
487 263
166 195
238 256
405 246
337 277
318 72
377 376
88 350
286 366
6 131
410 354
129 177
460 402
258 213
140 402
25 158
152 127
391 352
78 251
354 269
175 100
304 272
207 68
447 201
117 16
462 314
277 346
183 202
36 362
156 243
263 177
109 76
36 126
48 399
71 133
239 314
366 441
366 483
63 417
32 364
204 37
4 187
161 80
290 227
378 477
351 116
480 297
375 313
302 292
137 261
140 281
289 204
438 242
211 465
263 339
396 108
369 292
200 302
286 190
373 269
467 253
280 300
317 391
307 276
303 46
242 186
108 37
149 199
221 253
480 87
384 252
206 177
399 169
415 0
64 346
189 197
379 158
186 122
452 202
162 150
172 18
112 91
29 270
314 379
99 452
270 399
114 45
395 430
35 220
279 201
256 265
421 448
476 487
413 95
187 68
133 73
47 396
500 398
14 469
31 343
364 411
201 367
364 207
176 20
191 237
13 316
99 322
206 360
380 175
10 15
199 158
485 469
104 147
473 160
335 198
492 444
97 377
353 70
134 419
138 171
344 9
476 132
269 214
422 258
262 230
414 90
144 314
37 457
186 56
189 81
112 144
132 252
465 149
417 484
286 82
324 410
6 355
196 281
177 41
166 414
309 318
231 276
142 2
32 344
8 247
208 348
220 28
439 63
71 359
455 362
9 159
232 405
263 254
192 411
123 195
144 226
441 106
173 47
470 310
169 2
200 499
471 290
21 128
462 436
228 99
48 153
2 275
335 177
179 73
132 245
410 452
128 89
316 77
303 297
356 361
153 241
400 398
259 417
27 140
366 297
14 167
414 372
379 8
164 129
382 184
192 153
399 398
421 436
34 173
359 400
247 469
353 432
0 107
240 60
491 311
414 150
16 272
355 167
321 197
391 92
127 280
55 160
154 416
118 371
182 313
436 33
311 68
65 139
226 187
202 157
44 394
416 16
323 492
171 132
476 26
159 429
11 140
269 320
271 391
481 402
346 253
409 371
422 306
487 233
299 100
465 87
27 376
200 224
23 433
4 230
114 402
49 333
486 322
239 41
117 401
468 254
258 346
291 406
208 332
423 255
38 264
364 404
384 262
346 85
338 61
498 334
237 193
379 351
439 44
166 259
173 422
26 178
328 225
394 304
180 146
39 115
362 403
74 58
402 209
299 160
108 293
225 39
321 451
397 498
360 262
14 449
178 222
108 358
422 138
401 119
123 151
338 271
203 486
450 296
125 241
11 435
171 265
93 499
488 334
174 31
312 206
261 173
43 114
357 263
180 344
57 245
201 436
410 313
0 342
328 450
205 140
304 406
367 319
41 301
188 182
445 246
279 385
391 401
12 280
407 388
425 217
379 15
204 106
486 38
296 433
284 360
478 310
307 406
269 56
365 316
494 442
339 455
185 371
77 117
186 171
306 236
399 185
404 362
367 367
18 208
54 367
122 351
342 93
164 81
162 165
60 314
401 482
315 187
121 149
52 431
182 73
335 409
15 154
161 85
37 55
75 164
86 5
188 263
297 295
120 441
264 489
77 366
124 75
395 463
368 450
229 21
373 398
104 35
265 244
409 168
488 80
440 20
174 174
226 386
408 95
458 399
37 497
459 246
362 2
250 137
76 186
240 92
417 130
347 162
147 156
117 135
236 411
450 253
262 307
123 389
285 246
407 326
419 153
6 458
153 137
64 277
413 137
440 494
156 225
126 263
379 411
206 0
481 243
86 421
328 271
218 224
44 103
32 133
472 441
301 268
41 493
231 368
418 6
281 317
154 62
343 458
20 289
471 400
12 462
179 86
418 40
481 58
454 33
70 28
251 402
222 448
367 318
358 270
36 43
267 36
323 412
488 424
191 113
356 209
346 150
139 420
313 430
244 271
396 57
178 77
488 268
128 78
350 386
65 399
394 432
215 34
241 409
162 435
71 302
166 424
172 14
316 201
132 119
278 384
409 381
45 466
438 355
264 325
370 486
245 144
420 108
187 126
140 12
332 9
237 223
245 113
439 252
473 480
138 302
131 44
340 118
2 322
362 4
319 422
212 274
103 223
283 90
50 127
408 405
275 247
419 230
301 292
233 336
233 414
250 249
152 20
103 428
350 30
52 494
485 435
243 444
173 166
126 294
176 18
172 177
40 450
49 434
105 398
183 344
135 460
310 279
401 140
82 364
325 389
202 218
362 194
459 482
69 157
219 344
273 386
226 387
350 331
378 137
78 160
313 44
269 158
293 24
484 240
189 367
293 368
396 379
300 74
310 277
213 83
20 165
344 301
268 294
174 15
163 389
485 124
6 417
105 146
202 421
335 329
393 31
399 332
222 350
235 206
406 114
304 56
103 125
310 119
198 196
95 351
489 325
391 284
88 117
198 448
211 79
31 69
477 302
241 163
281 14
274 356
317 136
442 359
64 131
173 8
133 281
19 343
15 50
437 33
500 284
337 153
388 335
466 198
490 104
320 468
442 80
68 71
62 56
62 294
401 41
219 130
84 27
60 27
28 90
68 305
268 210
351 53
68 392
430 90
223 179
227 87
444 386
385 313
375 230
330 485
341 312
229 72
155 250
142 432
45 181
246 450
249 230
306 159
116 211
21 315
499 46
322 142
17 153
123 289
398 324
269 441
467 398
223 9
194 33
62 411
430 377
138 173
216 276
500 480
231 483
241 109
326 404
193 233
327 23
265 99
137 49
60 268
269 110
23 316
216 440
139 78
193 352
254 155
354 259
166 464
20 466
237 42
124 461
332 227
376 112
240 488
199 10
110 106
189 187
388 483
149 242
461 262
242 465
382 254
32 267
30 240
343 121
135 414
102 192
457 142
207 214
362 435
485 261
185 346
119 254
499 310
2 348
157 297
403 220
294 410
300 326
443 359
347 192
185 302
233 395
136 416
332 269
315 165
249 445
124 404
341 32
80 196
142 450
239 84
395 428
121 0
214 284
129 208
30 219
420 482
175 79
187 238
105 416
406 485
267 143
188 353
301 331
416 346
34 427
336 318
156 59
144 208
224 0
142 156
311 387
470 18
280 68
231 315
161 441
223 190
220 202
435 210
104 243
175 280
187 141
229 368
297 218
226 73
450 23
17 233
389 389
154 453
254 402
123 139
66 276
167 269
64 439
250 6
308 129
268 372
278 225
174 112
361 454
225 309
411 186
34 455
93 395
208 387
58 394
232 3
34 200
422 408
38 353
420 192
261 177
56 224
254 303
410 407
384 390
221 150
67 0
342 4
74 397
147 163
96 97
190 86
280 145
393 56
439 325
317 261
41 27
271 346
497 406
159 106
270 169
200 363
492 304
369 209
80 303
63 340
260 179
202 487
177 195
289 371
374 115
136 105
459 493
467 144
91 326
136 118
447 393
90 296
496 104
287 485
403 470
471 347
373 75
482 22
339 55
374 291
442 145
378 221
331 157
419 202
194 285
329 54
224 195
34 82
235 484
323 374
64 15
441 438
83 442
283 483
467 125
372 326
126 209
249 266
238 139
279 85
412 223
432 284
491 249
344 457
28 466
128 284
13 346
96 389
308 256
485 112
436 137
361 316
125 325
260 98
157 169
158 175
116 215
105 324
214 430
267 350
64 64
179 264
147 296
96 424
292 106
160 454
272 439
96 352
110 276
468 409
260 189
442 294
75 326
475 278
450 162
407 18
226 414
473 231
16 95
412 167
158 178
1 361
396 203
435 132
129 40
16 361
494 238
62 330
367 165
276 429
466 84
290 298
116 115
369 152
109 61
417 137
429 229
227 157
253 292
4 143
18 335
22 197
466 151
180 99
440 34
476 499
62 167
401 262
345 283
256 489
181 225
191 360
448 81
113 483
490 169
228 394
207 70
418 419
186 433
0 426
323 65
307 127
6 156
281 465
478 201
289 373
415 82
206 384
248 325
442 250
364 197
254 4
126 265
53 489
334 429
466 65
410 276
419 472
375 376
94 334
436 33
436 93
453 369
86 275
334 341
162 18
438 60
436 268
81 324
20 387
326 399
150 412
3 23
444 132
317 204
298 115
283 438
253 132
212 463
369 369
453 470
211 234
135 62
406 23
217 119
456 194
480 404
201 96
118 365
317 239
208 97
109 393
16 157
98 32
19 219
335 153
66 404
76 98
410 60
52 447
462 355
75 361
223 400
380 174
27 267
483 321
295 140
57 165
441 204
440 64
151 446
147 430
302 491
289 15
250 393
314 395
308 354
460 441
487 455
120 83
183 462
489 20
182 121
333 18
467 155
424 472
111 46
311 265
365 47
255 283
459 70
107 380
50 309
79 191
321 38
266 47
323 6
463 471
398 397
339 102
74 248
40 12
78 387
260 115
54 385
331 255
124 211
263 444
71 55
252 23
50 357
25 270
425 2
99 223
262 72
263 252
491 464
108 304
257 31
426 274
125 74
438 458
344 55
23 370
278 314
497 33
25 150
400 493
102 283
227 285
201 250
107 319
480 409
31 493
498 185
42 418
120 177
332 94
154 178
299 280
261 450
252 221
234 284
99 325
440 132
10 104
442 425
488 43
140 233
218 67
400 353
41 220
222 63
246 105
49 385
42 311
401 284
43 79
97 114
73 252
266 346
373 480
458 45
380 1
266 192
116 225
469 61
76 360
205 150
98 187
444 262
364 274
110 370
79 8
439 228
231 6
109 346
99 394
298 443
178 212
408 477
329 273
365 325
80 132
415 53
156 204
414 477
439 383
84 456
47 117
250 178
76 15
36 444
458 440
213 335
297 363
392 249
253 399
447 444
437 215
236 460
207 322
114 68
104 144
61 324
217 199
322 445
441 171
414 438
98 282
275 132
382 199
344 156
279 8
378 91
248 117
476 492
244 452
65 169
356 404
207 110
463 341
225 483
295 481
180 343
142 49
130 96
242 226
211 404
353 156
420 497
27 171
452 442
492 200
76 55
139 303
457 392
415 208
260 476
137 75
484 344
233 193
159 39
490 141
486 169
404 252
416 90
369 315
399 9
26 95
155 402
477 427
385 408
59 128
454 163
7 39
95 328
250 300
276 442
22 17
348 389
231 160
461 287
429 145
314 227
152 310
367 480
108 461
248 17
175 352
190 106
263 457
404 128
29 391
12 25
358 366
426 8
29 323
326 68
424 84
245 84
378 280
389 130
414 422
166 83
394 102
44 362
68 70
374 42
334 84
128 474
477 339
349 258
312 428
441 433
335 242
326 45
353 357
102 83
482 3
242 235
474 376
210 367
180 353
109 9
93 458
107 267
355 321
110 478
94 326
130 295
149 378
120 329
236 194
225 485
321 316
303 480
237 384
238 176
466 382
451 432
72 223
27 153
12 266
37 97
262 89
0 205
109 409
448 263
342 326
448 401
142 292
104 102
198 31
85 491
147 123
291 23
2 231
496 259
337 466
441 416
205 339
56 312
8 219
342 461
211 476
168 131
497 88
242 329
295 287
379 197
71 147
81 165
19 118
8 305
398 370
414 120
396 205
291 202
263 296
65 343
19 40
330 186
181 340
476 51
45 382
181 373
175 129
55 153
313 418
477 486
343 397
235 176
86 232
29 308
37 124
216 295
459 276
340 146
381 325
217 467
123 40
198 500
310 230
137 420
121 136
327 481
313 121
310 317
408 134
65 130
301 91
499 314
104 470
65 360
119 230
326 100
109 474
389 227
237 73
20 329
154 217
128 318
250 340
402 327
404 23
74 58
125 486
240 246
162 23
313 220
427 257
359 433
27 397
14 139
178 371
248 218
113 434
187 91
194 132
147 49
473 212
253 90
292 408
106 353
317 384
403 58
95 61
303 104
47 170
254 59
65 230
207 371
400 375
83 409
79 381
278 453
460 378
16 97
202 322
216 487
489 247
201 307
17 473
6 275
117 101
309 74
345 79
438 229
422 252
282 408
3 235
241 339
173 313
398 325
444 376
489 21
69 69
39 328
301 70
302 446
252 349
364 304
378 220
19 498
170 55
151 35
121 372
17 240
449 14
37 400
428 309
233 192
456 41
31 289
365 130
471 400
374 317
19 214
329 388
379 485
1 63
186 246
411 356
497 372
412 86
365 63
286 326
393 131
231 447
419 129
435 306
393 154
322 156
141 294
294 337
393 173
169 140
395 477
453 9
305 491
495 326
336 7
359 197
494 64
75 61
249 150
445 138
416 387
377 359
410 281
431 36
156 179
413 175
322 304
442 269
91 443
59 259
95 386
77 455
327 340
122 245
412 255
281 492
65 181
18 469
319 311
396 402
495 217
198 357
253 219
270 181
318 148
16 236
288 14
288 294
269 453
195 401
324 324
439 473
390 128
62 86
84 348
53 347
178 466
435 446
186 438
447 26
204 347
76 100
345 7
204 93
67 2
344 237
221 467
87 59
291 56
418 453
200 481
456 83
374 161
102 479
97 391
165 1
386 414
57 172
384 485
152 41
428 7
457 79
191 318
400 352
498 9
335 462
472 452
255 217
295 71
218 453
150 201
494 233
385 222
186 180
341 240
389 412
118 234
188 172
269 232
121 137
104 86
471 97
459 498
456 373
32 479
278 427
100 485
103 302
28 178
67 360
342 476
312 175
476 167
357 75
147 89
178 464
249 486
215 13
113 245
325 190
63 499
485 250
299 9
456 204
343 490
317 92
260 28
219 13
389 109
221 85
174 344
67 37
416 177
169 84
204 458
381 327
403 240
367 464
253 422
430 302
380 348
185 2
28 8
120 245
322 25
235 132
245 236
359 143
498 183
404 493
19 400
497 462
206 345
379 472
20 360
358 209
370 311
75 325
241 455
347 308
361 489
75 344
383 427
483 497
32 300
496 197
121 370
451 199
392 54
116 188
128 271
304 97
251 409
460 434
333 157
55 347
243 272
64 152
340 86
165 87
310 208
206 143
327 232
278 298
178 171
435 79
439 104
244 239
128 343
359 258
99 251
438 148
86 136
2 380
388 412
346 327
267 39
475 64
33 276
116 468
65 125
23 177
494 497
484 442
62 4
216 156
268 304
211 493
86 160
45 221
409 246
385 85
91 190
159 175
121 419
65 131
143 373
63 334
55 331
81 70
277 98
295 319
4 500
274 31
247 483
289 205
339 44
241 331
222 337
334 58
7 89
472 491
62 69
53 38
46 274
442 201
356 277
22 338
20 95
43 401
228 463
477 483
277 123
484 450
53 75
334 461
152 456
331 401
29 244
162 162
328 419
327 47
350 104
358 239
462 224
94 308
360 394
467 312
470 415
487 343
408 323
253 245
45 155
398 101
287 366
381 266
159 466
456 91
305 125
321 320
261 29
499 97
229 150
378 313
173 92
467 416
104 396
243 379
142 87
415 334
366 336
158 110
190 372
396 126
222 199
187 131
146 181
373 276
314 144
493 413
352 256
470 170
476 257
148 302
283 330
452 337
476 100
204 196
303 230
473 35
160 8
174 375
292 107
390 404
459 64
4 177
456 319
31 426
466 149
111 62
469 344
294 247
289 264
3 339
401 370
411 328
80 184
466 49
196 451
143 192
108 31
222 267
386 335
498 396
266 415
484 400
344 38
270 149
174 148
374 169
21 104
173 374
256 435
411 14
388 50
216 204
308 110
362 387
379 19
324 246
49 450
262 18
389 20
289 118
233 446
438 289
304 75
176 115
316 410
161 313
478 353
192 399
240 216
169 178
258 102
153 427
476 26
267 14
377 179
126 274
174 238
136 129
334 171
290 489
7 100
65 342
327 473
234 448
464 39
11 92
356 338
19 497
94 443
443 35
22 206
360 365
355 386
79 245
451 81
0 476
336 281
41 189
361 273
23 104
422 336
470 265
297 466
171 465
224 136
360 405
356 121
329 466
373 201
324 265
216 11
456 365
10 450
487 172
88 97
250 260
466 41
449 109
160 185
477 398
458 5
142 288
446 54
7 359
332 326
351 447
218 264
269 364
318 374
180 287
492 280
239 389
481 383
462 265
252 122
99 241
378 403
168 98
104 122
287 270
308 71
238 374
324 172
22 236
145 133
378 119
433 81
170 28
29 243
477 381
43 116
101 284
410 12
277 245
320 330
358 310
187 208
180 21
452 73
49 204
362 285
106 279
207 218
41 377
461 390
89 242
85 6
494 231
103 374
182 99
310 490
169 300
416 353
70 372
351 193
313 413
217 106
113 143
395 93
79 151
316 338
72 281
10 67
92 402
289 264
396 457
488 31
408 164
161 438
338 365
50 241
326 81
19 313
257 365
407 127
158 292
322 276
381 243
322 297
47 327
487 52
128 82
167 130
293 405
299 212
68 124
315 35
381 127
184 252
248 218
331 156
164 489
62 276
198 38
117 37
194 157
253 136
78 213
44 148
190 84
413 391
462 37
471 435
94 4
477 77
282 87
380 241
84 218
227 226
467 336
351 399
18 358
330 417
311 438
483 280
16 123
347 435
346 126
43 275
274 339
96 172
51 396
135 156
163 11
233 392
239 225
4 268
127 430
465 225
66 246
428 194
167 376
38 446
485 378
355 109
114 71
167 231
341 492
312 58
87 457
216 484
490 111
134 49
118 116
126 339
268 475
391 3
126 494
168 319
171 395
344 339
191 453
317 106
182 470
455 55
176 119
233 486
336 237
173 60
95 386
209 407
13 223
74 412
143 498
475 328
104 5
92 318
66 139
78 171
156 110
456 304
332 275
233 496
391 373
112 258
51 212
57 283
270 376
316 165
164 383
3 451
29 25
79 193
405 409
307 221
490 282
187 342
205 91
492 453
41 411
344 222
11 178
251 111
273 173
487 38
1 177
332 458
320 82
372 361
29 95
134 214
186 160
13 416
27 383
128 409
486 296
444 486
150 266
475 87
460 496
233 36
43 139
85 9
478 248
223 32
41 399
216 15
482 60
40 73
30 100
206 59
135 497
307 50
248 11
133 177
437 411
27 351
9 247
140 39
8 272
335 392
392 349
133 377
287 251
286 461
222 426
465 176
160 200
4 356
323 24
399 85
335 464
496 135
65 367
109 91
258 136
476 195
382 467
25 415
191 448
93 440
391 225
18 19
138 311
267 53
60 455
347 352
343 99
498 412
470 479
347 184
93 369
313 34
195 92
344 254
255 202
74 103
42 163
294 90
379 122
259 105
115 335
214 364
212 264
295 215
439 13
365 290
40 184
363 462
326 287
360 202
210 25
88 57
184 500
302 285
408 244
299 218
358 461
466 396
414 3
419 171
289 485
271 37
283 372
43 436
373 224
69 446
88 499
361 437
351 483
49 419
132 161
184 417
47 443
149 48
487 270
81 258
292 89
476 281
402 178
249 110
105 421
418 480
232 44
39 474
252 410
37 38
101 100
280 137
7 175
158 258
302 153
97 56
198 57
420 250
310 326
309 135
153 335
179 76
409 463
252 102
310 285
289 328
341 405
381 342
259 199
272 252
151 359
437 86
443 30
33 141
294 347
185 279
139 241
8 40
234 256
365 97
143 73
432 392
61 174
405 134
25 88
346 233
146 112
108 499
359 429
240 437
319 209
246 64
120 109
136 150
365 235
161 365
155 290
413 307
66 441
80 426
280 85
468 343
34 214
157 221
376 115
254 130
443 424
241 270
147 129
180 342
110 483
419 378
101 397
4 175
315 257
84 497
173 461
483 120
33 396
498 145
135 479
92 374
390 489
209 253
105 94
496 393
196 97
413 1
230 350
321 104
224 126
121 184
138 96
316 23
380 170
494 277
125 246
465 78
315 136
417 387
202 259
469 224
173 490
370 94
99 129
199 259
440 457
410 107
357 361
127 334
162 440
298 428
306 190
197 446
401 247
471 218
85 139
45 152
284 396
173 291
398 452
268 106
260 90
434 263
223 95
455 50
216 221
118 283
352 300
433 59
381 433
257 6
23 165
212 50
252 84
491 233
392 22
79 296
384 333
41 62
482 351
33 300
331 225
16 249
369 346
464 432
310 21
346 138
12 299
328 442
24 19
293 260
252 147
55 209
406 344
1 338
186 145
8 79
203 130
149 160
155 153
366 167
383 25
330 278
3 444
321 113
396 216
264 66
206 237
377 11
361 166
80 246
426 46
193 380
360 423
203 349
493 414
338 175
312 254
258 428
31 140
128 296
313 273
394 292
260 399
308 263
90 141
183 95
432 110
478 499
281 492
362 53
143 145
463 261
279 81
126 231
370 126
6 342
495 487
31 200
302 371
267 151
203 128
237 465
494 368
438 274
46 191
389 67
212 320
293 459
154 156
97 135
52 226
469 44
96 252
108 387
450 38
367 83
405 136
323 160
406 496
0 440
240 358
200 235
182 285
397 164
196 194
298 141
188 33
101 53
395 353
346 189
306 284
123 347
336 261
153 251
311 475
190 121
281 497
380 479
38 165
155 360
173 393
368 242
305 292
287 302
124 321
88 437
473 418
234 301
108 116
16 381
316 384
12 246
465 10
186 388
78 311
310 110
490 401
267 315
393 104
0 399
391 212
467 155
109 326
234 131
87 279
315 328
101 482
388 224
63 139
313 212
378 359
219 258
173 430
387 407
187 47
145 444
257 189
183 72
227 374
269 117
441 354
49 243
424 460
197 231
296 192
128 149
331 81
26 257
464 431
163 204
104 365
479 20
448 171
152 342
133 319
399 143
432 436
47 45
478 93
153 259
201 404
30 298
151 475
374 109
293 411
308 291
263 50
402 4
11 289
62 115
464 298
62 79
325 349
409 8
331 448
332 150
444 178
368 297
178 139
242 233
340 239
296 436
495 90
409 298
57 210
148 96
345 4
342 269
84 264
195 390
260 412
320 401
401 461
382 246
339 447
431 438
201 265
163 70
405 129
262 374
113 427
303 390
33 393
383 438
366 201
18 314
464 98
437 124
351 302
414 193
268 88
223 220
66 438
253 21
420 442
4 11
225 484
114 103
418 191
183 449
172 310
251 67
20 78
316 338
392 473
222 10
240 350
411 179
447 480
283 435
225 232
168 412
143 232
366 40
72 312
375 142
65 42
243 278
296 30
397 135
224 192
129 436
490 477
358 449
119 289
293 190
426 153
457 309
124 45
99 57
91 173
79 242
177 99
42 352
304 195
294 47
7 424
238 99
43 381
93 17
347 264
186 143
306 286
165 413
261 193
134 470
346 191
61 475
412 387
198 142
374 157
329 231
232 55
206 498
49 491
103 273
379 53
92 70
310 268
336 311
114 271
67 202
315 463
385 250
274 416
394 86
21 363
82 365
309 10
327 193
356 9
73 95
63 124
132 11
194 424
243 164
233 448
133 224
67 406
358 479
470 88
132 434
474 15
279 445
82 295
105 272
440 345
61 119
103 40
238 172
43 246
266 27
142 102
79 219
19 97
295 295
1 458
69 494
129 487
55 204
144 346
15 321
291 154
344 357
280 156
497 178
160 428
230 396
192 244
31 284
283 43
271 340
81 459
176 424
331 356
175 55
432 393
205 261
101 288
329 227
92 467
307 467
297 276
210 496
369 390
139 244
462 105
374 455
383 475
495 218
51 13
285 61
483 316
372 7
266 34
366 481
475 310
179 285
448 40
447 455
391 16
243 317
279 391
428 213
440 298
470 422
328 154
46 223
378 345
393 431
418 30
472 21
90 446
1 235
131 121
265 321
421 93
306 172
300 388
23 57
102 346
7 463
422 465
344 484
335 446
382 356
154 438
439 474
375 106
199 166
321 448
194 136
185 153
438 177
420 165
478 258
299 331
337 291
176 194
211 466
134 253
9 384
371 219
346 440
213 166
98 101
302 350
121 247
237 330
274 339
20 53
365 495
230 149
387 70
188 373
187 156
94 346
46 45
264 70
385 464
119 99
316 191
455 187
232 3
42 480
156 153
40 368
255 206
94 454
223 265
480 205
296 441
79 285
138 246
251 362
174 338
248 177
412 406
79 419
149 39
27 344
207 18
387 229
348 132
274 375
162 63
244 355
434 204
453 83
105 129
197 263
329 56
120 117
406 427
196 379
283 266
38 284
4 208
479 61
298 327
36 67
343 32
387 496
111 9
10 156
401 91
308 136
283 5
155 16
7 221
399 68
320 21
283 161
484 237
141 422
89 465
250 82
430 378
321 468
450 152
63 178
441 141
258 6
378 414
396 487
351 182
272 409
364 246
133 110
341 126
108 126
177 324
6 157
395 187
187 398
52 133
396 223
61 66
335 438
88 375
200 312
441 287
73 130
94 123
337 197
137 163
475 438
366 382
369 142
340 275
320 155
293 109
282 359
423 180
117 495
349 379
326 261
395 11
66 354
96 475
152 258
135 307
409 302
179 276
113 290
17 193
103 71
377 441
259 159
202 130
259 37
253 398
423 458
276 7
337 374
450 316
365 13
163 137
28 170
272 344
417 78
114 246
213 70
344 21
102 54
456 457
250 32
127 218
100 387
238 46
358 175
62 13
328 99
107 438
376 123
69 485
334 253
262 213
415 74
474 138
379 400
230 234
35 56
299 478
396 137
473 379
355 89
490 345
157 436
359 285
259 404
211 111
23 465
26 121
248 411
196 0
326 473
495 391
228 428
470 14
14 421
211 344
174 327
214 172
323 95
249 116
261 245
202 460
273 7
211 129
111 430
496 164
346 107
229 437
448 449
59 392
268 400
462 98
365 438
416 359
220 286
226 240
360 484
66 401
214 333
442 282
304 390
309 223
147 129
246 293
375 117
452 356
318 360
235 218
44 142
462 153
44 50
50 241
341 427
161 177
32 162
132 468
437 49
54 216
197 359
305 132
372 278
271 372
257 349
183 121
324 448
324 318
192 207
58 293
46 264
287 431
291 101
429 131
67 28
19 271
28 442
288 133
130 140
425 189
31 205
57 356
439 151
428 143
363 436
414 121
479 202
408 52
374 297
274 73
393 315
168 90
324 173
317 63
84 442
476 14
272 223
86 397
460 460
219 161
263 77
222 34
189 455
453 191
365 365
261 454
360 396
22 355
186 434
47 68
399 368
455 158
215 438
87 484
92 295
274 303
144 359
112 160
49 95
339 440
500 330
356 432
176 343
72 91
323 207
301 409
8 242
322 443
204 113
473 94
67 246
379 466
161 118
334 370
313 447
242 135
45 83
0 125
422 184
437 206
111 241
462 16
116 188
313 10
6 317
253 324
351 186
246 199
59 345
78 110
125 323
109 48
362 474
80 299
167 207
462 379
42 162
89 451
108 188
458 120
80 122
50 351
200 394
157 412
273 391
144 166
111 274
354 35
44 33
432 189
205 127
363 437
100 308
397 337
246 383
395 447
472 344
177 471
147 305
179 156
448 265
346 38
410 381
147 11
163 74
203 335
380 3
92 225
4 305
66 397
132 267
199 478
172 90
182 381
47 26
413 40
403 295
64 204
218 476
446 10
149 340
371 84
245 297
283 278
444 35
102 2
306 300
70 477
477 475
384 76
457 276
494 160
81 484
273 146
272 302
200 248
159 224
1 227
385 425
100 49
33 42
489 263
261 43
192 233
300 149
255 390
360 303
149 371
44 297
14 200
230 255
295 463
194 368
24 134
340 49
359 305
379 411
66 37
180 247
395 437
246 400
123 277
396 487
167 163
148 338
385 175
178 84
76 11
76 7
363 202
361 419
159 364
427 374
280 121
463 275
412 328
373 292
99 361
65 244
353 361
34 404
260 459
112 194
367 243
330 357
460 17
449 271
401 330
398 368
487 429
330 69
236 137
142 482
359 153
247 160
139 69
186 449
141 167
375 361
106 338
286 57
387 272
205 113
41 183
331 387
91 103
425 218
473 264
418 470
303 200
257 4
445 13
108 268
388 62
421 473
186 177
243 100
166 131
139 10
144 266
215 243
89 475
405 199
174 465
330 18
24 174
498 132
375 44
467 290
464 202
93 363
410 404
224 480
331 72
255 105
96 139
326 166
473 301
150 183
150 226
229 418
354 448
74 60
104 19
458 244
248 290
215 338
411 365
349 212
360 386
266 343
144 398
380 457
103 125
192 98
30 379
492 364
9 351
56 75
54 76
286 224
489 279
391 122
337 109
271 350
308 70
304 146
200 316
437 134
368 31
168 269
282 376
200 282
364 415
22 275
339 373
279 436
300 145
409 1
370 47
162 185
0 488
181 280
120 475
283 318
27 71
97 320
225 258
397 159
320 42
446 218
493 215
272 31
257 244
330 143
422 451
187 347
154 334
150 238
26 207
289 41
105 461
32 387
393 448
365 459
495 416
136 447
450 484
302 13
198 83
148 237
449 329
418 45
98 167
245 11
464 274
59 132
346 216
337 156
362 479
230 216
32 108
63 394
258 373
361 265
317 123
474 289
89 476
406 144
453 1
487 464
329 235
269 250
144 487
273 378
16 360
346 99
282 400
483 46
348 307
61 79
417 393
466 229
449 376
66 300
314 434
336 423
390 455
226 370
6 278
255 404
236 41
92 316
81 327
345 102
428 350
445 191
339 483
247 296
290 167
307 199
266 48
173 280
243 402
345 429
413 215
428 49
131 452
288 477
60 247
153 417
495 77
307 466
261 20
406 402
207 442
351 371
495 179
404 247
249 96
383 161
443 201
139 398
361 4
336 268
117 119
47 255
365 72
270 427
392 337
492 266
449 91
107 47
42 500
1 274
482 43
144 166
368 252
200 312
246 64
117 39
62 296
392 412
62 161
456 62
439 19
462 246
428 166
300 344
473 38
362 481
128 105
25 358
485 183
328 354
40 304
90 51
100 450
217 277
204 196
47 380
423 295
368 455
328 359
395 389
136 417
68 400
252 422
7 421
360 436
293 304
299 266
401 498
60 279
108 334
482 40
61 349
260 22
179 139
384 189
363 111
497 140
251 98
190 323
408 395
54 144
248 276
358 153
134 424
169 28
138 95
283 357
244 430
141 28
259 4
114 355
252 307
310 254
216 277
3 438
100 376
40 121
292 89
430 65
356 321
69 258
256 154
294 226
344 404
215 73
147 394
26 465
388 158
61 447
140 172
476 350
169 67
123 317
498 272
291 103
167 427
327 497
223 71
183 172
399 460
463 437
204 394
254 446
336 31
496 421
150 305
133 350
135 70
392 171
287 168
213 39
445 23
12 420
56 201
15 38
487 0
142 476
266 454
45 403
459 57
391 243
354 150
404 379
424 220
381 476
448 214
255 105
129 203
368 486
371 314
266 476
377 417
1 188
35 110
184 287
287 51
418 227
267 379
273 154
434 342
468 179
121 417
486 408
391 493
414 93
386 16
440 17
229 422
355 93
152 325
329 141
117 180
65 473
461 96
457 259
330 461
279 242
87 485
342 130
282 15
144 201
188 204
10 218
45 11
107 97
312 397
498 484
237 356
192 214
143 351
367 202
446 169
381 52
370 500
76 71
251 496
358 150
80 331
362 468
5 383
53 149
142 189
326 98
268 491
464 90
188 424
62 283
310 120
152 114
452 45
446 43
93 256
85 179
5 238
498 281
428 450
367 445
117 216
397 166
41 257
90 466
234 372
53 375
380 367
92 174
470 279
68 19
359 251
42 372
428 113
261 197
31 144
176 246
328 108
259 256
61 117
483 183
216 471
345 103
249 324
421 397
153 383
448 249
216 314
371 272
107 318
360 230
123 171
220 208
174 246
329 242
198 137
331 199
40 306
173 190
3 83
195 64
461 443
178 452
92 476
47 279
98 274
314 377
5 302
401 304
411 72
132 275
65 87
41 260
287 478
492 249
107 460
107 93
339 319
371 391
197 346
250 360
373 207
65 37
303 320
171 11
58 423
60 239
433 96
176 182
164 459
449 317
339 306
75 84
88 164
214 93
73 469
46 279
28 197
339 484
395 196
462 362
459 275
2 469
283 497
329 287
424 156
311 296
25 174
478 426
353 163
83 154
252 50
176 207
276 209
254 227
114 336
492 277
9 227
305 13
16 167
197 52
31 86
243 200
333 3
437 252
280 116
23 266
227 12
161 280
92 341
112 266
299 423
415 455
406 183
285 228
1 392
186 306
390 349
447 109
393 244
459 22
359 45
421 281
115 71
415 269
201 196
106 293
168 124
444 178
58 245
71 240
404 327
112 24
402 39
295 227
417 106
437 186
320 85
288 220
492 69
127 463
78 494
472 409
491 292
126 166
489 486
423 119
251 73
99 124
340 97
131 425
259 16
332 184
341 382
454 339
295 69
265 450
170 10
66 303
125 307
254 111
265 226
21 174
465 88
273 92
42 113
430 28
97 332
160 278
171 143
324 332
130 261
399 60
431 375
321 24
291 209
112 152
469 278
377 128
276 107
355 440
147 125
198 257
450 459
166 228
394 0
408 76
309 248
465 175
416 175
32 52
481 368
238 126
255 249
480 263
4 485
496 76
98 188
160 253
223 218
185 46
222 165
275 470
366 21
407 54
496 491
152 5
412 60
418 316
425 177
121 315
237 307
424 95
367 88
168 456
384 358
274 239
38 104
283 359
304 22
250 65
346 67
192 266
149 54
88 137
7 396
470 33
137 370
173 49
176 7
20 120
94 131
215 266
489 333
416 426
161 200
262 379
447 217
471 339
337 21
455 218
27 24
350 216
310 341
86 374
49 211
86 249
476 41
486 144
236 222
471 252
234 118
164 439
29 382
468 30
88 320
62 178
207 102
11 395
433 79
400 193
151 467
426 31
462 481
374 161
445 340
320 327
490 290
222 497
26 136
420 132
331 330
460 404
254 423
88 38
497 277
381 51
261 455
74 69
37 454
93 387
461 475
445 145
272 153
226 101
374 239
486 43
335 76
453 144
409 15
37 169
82 388
476 36
5 383
158 119
463 256
123 247
455 242
100 474
358 439
390 427
283 311
202 194
103 332
116 495
9 432
417 86
326 147
207 270
423 125
53 311
105 182
463 109
251 34
3 262
129 103
454 285
156 4
429 324
146 307
215 212
44 30
83 121
61 448
86 436
417 277
184 433
99 300
308 446
291 201
355 385
49 119
373 7
386 460
210 96
29 53
497 262
478 152
351 103
173 242
48 334
448 412
435 228
476 415
10 34
430 51
420 449
380 77
336 210
409 101
235 408
371 187
489 250
149 240
65 220
406 465
26 205
457 61
417 162
292 447
20 499
480 436
474 361
6 313
360 63
243 119
302 90
22 226
327 334
110 448
288 415
375 210
34 82
212 295
408 43
244 15
413 123
345 185
306 59
329 358
161 263
429 346
392 99
117 247
10 145
365 222
249 40
380 312
244 16
232 387
121 100
158 230
15 120
222 88
228 407
184 161
292 375
337 118
99 42
297 476
25 341
218 452
482 345
384 358
333 115
407 61
283 254
232 345
145 63
421 34
226 84
142 321
304 305
295 499
290 450
204 438
317 494
411 363
438 118
418 318
338 457
401 146
365 292
48 464
475 336
321 263
384 154
259 205
108 312
359 8
165 372
50 159
79 382
374 351
466 475
191 0
187 170
23 302
29 446
232 353
410 291
464 180
15 349
76 291
303 498
93 357
165 351
19 437
150 268
92 339
266 13
429 408
450 500
341 357
39 22
185 23
467 361
232 456
163 180
132 115
351 491
403 82
219 126
320 209
464 394
378 393
79 340
275 367
93 336
494 237
173 16
79 254
390 282
171 277
252 332
346 259
61 28
114 334
436 458
310 245
130 128
324 374
182 432
285 339
87 222
197 202
312 495
483 172
16 262
274 198
361 471
346 17
398 449
404 287
226 200
111 116
14 209
396 420
236 328
496 276
449 348
481 315
113 436
344 247
151 116
286 5
60 369
364 145
281 166
393 245
366 100
48 186
114 250
313 85
37 350
222 262
291 485
97 88
396 350
382 87
314 455
248 368
197 398
248 7
321 59
46 98
149 427
36 457
149 329
115 374
207 55
375 161
18 410
269 57
152 438
388 98
46 265
319 277
97 0
22 201
228 179
57 327
50 440
340 399
256 0
198 152
472 484
200 222
65 341
456 369
89 316
305 113
357 64
343 119
81 414
249 496
158 385
184 353
141 334
448 175
455 426
479 382
391 442
386 72
439 189
481 63
339 176
385 251
139 406
348 280
48 372
485 462
162 57
342 331
469 425
336 466
360 24
467 204
439 22
388 183
129 83
414 143
472 45
147 385
495 70
125 399
324 91
469 98
434 414
121 77
244 437
399 470
453 145
266 170
211 356
138 121
232 57
404 242
413 96
118 147
75 213
86 324
202 333
17 85
265 102
102 313
22 97
456 31
221 94
367 140
279 374
494 210
202 286
377 441
426 89
449 438
95 476
189 248
449 240
221 249
75 212
445 34
84 291
289 463
168 197
494 388
417 310
182 62
123 487
378 267
376 165
363 61
330 399
56 341
111 311
56 79
296 28
257 290
129 394
168 447
277 98
413 234
382 36
63 299
149 209
346 275
17 17
492 392
246 187
61 289
326 9
120 112
478 206
451 219
448 42
122 236
427 488
184 265
470 257
219 11
484 321
363 315
124 1
431 177
272 90
394 287
289 105
52 336
431 41
80 395
17 113
107 33
40 304
253 66
16 300
204 406
409 383
199 173
193 125
313 173
75 491
326 499
212 55
122 426
247 280
336 276
378 23
63 66
492 35
465 232
69 271
32 372
57 329
317 413
246 101
233 499
90 110
92 84
495 267
295 75
391 379
212 258
51 182
162 325
421 174
263 351
1 3
228 344
88 287
12 491
480 395
26 334
324 309
200 98
274 440
495 40
290 248
118 288
83 127
150 454
143 239
462 435
407 201
358 1
161 462
287 262
113 30
289 260
457 280
48 352
80 244
327 273
450 182
366 339
366 210
378 274
136 300
259 274
332 76
301 89
233 338
305 430
4 313
63 216
73 252
471 437
138 166
275 431
105 350
364 338
290 146
105 403
248 465
89 231
401 429
117 496
194 459
448 239
126 49
149 458
418 482
207 493
421 200
393 206
411 230
303 107
384 250
424 120
358 492
419 393
148 470
23 15
310 79
465 478
141 104
160 147
87 467
256 445
422 445
173 102
438 169
205 331
295 183
308 159
247 200
9 314
307 426
198 229
297 206
96 47
265 83
192 81
468 194
488 135
476 352
445 291
218 20
398 88
34 329
161 438
222 88
408 76
337 390
140 112
265 51
478 161
183 325
324 53
157 417
282 338
304 369
268 107
323 117
231 420
407 449
240 261
323 66
13 77
373 339
424 468
33 125
29 252
157 35
314 90
181 172
361 43
485 99
394 344
434 350
304 165
63 70
160 224
166 468
230 137
292 167
273 167
309 358
141 90
129 22
442 460
333 198
393 21
338 119
7 332
74 52
110 356
241 284
124 106
375 98
424 412
68 472
299 384
471 111
462 46
104 189
30 286
369 175
424 439
455 407
425 311
268 296
266 188
222 418
31 84
234 364
110 236
183 441
167 300
412 32
257 192
259 479
404 215
63 217
175 464
304 13
175 349
136 453
43 353
202 201
408 8
332 186
418 465
60 325
226 298
65 146
208 296
3 263
389 4
204 49
150 95
318 32
202 290
117 231
54 457
247 33
437 14
338 231
423 291
272 59
332 314
207 221
142 151
9 361
101 53
334 93
335 126
288 10
356 332
117 71
126 280
1 442
276 209
149 282
436 261
148 398
147 188
226 444
166 443
348 191
31 361
349 205
63 339
69 191
450 302
66 12
326 465
490 371
396 406
419 55
361 92
221 441
267 112
104 1
186 313
399 18
451 67
243 383
42 491
161 138
149 332
42 352
379 356
323 127
45 426
135 424
343 389
69 375
31 93
43 433
360 325
9 425
2 318
99 226
290 240
138 95
466 216
117 33
41 290
403 125
166 109
24 156
367 125
386 453
17 63
190 315
382 200
88 256
407 346
399 361
63 317
283 288
309 93
122 146
31 379
452 64
405 152
80 115
291 16
357 395
249 149
434 50
105 129
169 211
68 320
368 46
246 73
162 297
211 311
438 254
84 129
171 279
271 450
123 388
426 284
186 134
71 29
444 434
362 493
480 36
427 83
262 3
103 401
482 67
420 498
182 191
307 288
290 446
223 449
16 264
205 165
86 312
364 471
330 386
32 249
164 453
314 186
452 71
277 289
319 304
195 4
379 323
237 70
409 434
129 0
496 375
355 329
42 247
352 122
344 186
124 483
206 244
354 153
66 293
420 165
462 69
378 231
46 62
194 72
38 226
297 207
334 127
480 16
314 329
210 35
226 120
342 377
0 221
210 440
323 156
76 378
353 62
221 270
393 330
284 196
383 264
284 235
276 232
346 4
210 210
189 458
496 75
449 196
46 490
156 467
491 85
19 413
64 452
288 159
386 216
143 395
294 373
217 331
218 238
381 467
382 456
197 442
409 447
96 11
295 98
147 486
412 42
384 259
218 43
159 488
96 314
186 152
129 131
438 367
131 422
252 405
157 452
277 362
224 92
78 278
372 191
38 152
141 104
206 106
188 93
144 307
299 294
151 166
60 261
439 359
316 266
42 158
417 493
232 257
8 478
320 280
412 484
278 437
204 424
265 159
305 156
164 186
42 486
298 356
481 458
214 259
18 484
44 171
153 434
43 380
316 481
350 302
278 374
470 32
228 222
90 272
249 402
348 302
122 10
102 100
225 30
413 187
37 398
194 155
361 102
267 344
333 164
282 208
361 202
465 401
154 122
477 346
452 198
439 405
485 215
268 493
307 203
423 162
12 376
48 392
77 383
92 89
56 263
86 132
497 426
397 346
108 147
496 198
475 153
378 38
324 160
383 196
129 493
226 444
319 172
455 377
330 459
275 426
408 283
500 94
337 24
38 245
140 238
487 400
18 238
418 174
146 313
309 223
281 232
53 433
64 160
311 116
494 430
75 159
498 179
287 82
184 253
16 158
277 230
249 210
295 322
470 449
134 28
479 66
409 136
471 241
351 498
367 172
59 398
210 198
172 352
476 55
188 450
69 281
276 231
70 415
124 73
301 103
187 148
61 128
120 30
152 291
298 242
197 162
361 42
274 26
396 477
133 280
176 80
241 225
398 210
243 116
171 99
257 51
497 482
357 483
150 16
481 462
475 63
93 421
444 59
309 421
167 183
232 225
24 99
32 280
437 63
202 370
417 424
11 227
57 38
291 404
190 384
65 85
324 214
271 321
372 383
203 236
453 371
14 417
104 169
464 441
49 318
408 316
402 229
467 148
338 387
66 437
109 206
157 335
303 146
394 464
299 369
409 259
216 322
367 467
232 160
308 20
432 38
16 82
152 254
52 115
188 143
465 369
59 428
112 266
155 439
12 252
487 77
165 434
136 147
187 307
436 416
370 4
188 227
273 99
37 142
492 155
318 94
327 337
132 368
310 8
303 97
133 47
497 467
189 171
46 195
474 78
184 135
74 375
185 132
179 385
362 49
353 287
203 191
71 343
99 224
339 490
228 225
79 179
72 183
212 11
259 31
346 218
442 238
314 291
93 10
410 493
130 493
57 409
228 468
214 165
108 275
210 207
410 390
68 47
111 298
181 226
194 160
251 478
14 116
482 447
257 27
343 500
330 175
490 344
429 290
56 132
24 288
82 451
228 302
453 116
247 355
286 222
179 371
136 98
272 76
471 156
383 14
479 229
392 286
275 262
225 311
277 361
68 459
105 393
5 136
498 0
446 289
484 265
318 359
338 313
266 160
351 267
308 453
227 437
150 118
218 349
339 62
438 92
323 130
79 68
322 47
101 15
3 101
189 309
20 457
168 143
416 53
311 350
480 353
270 498
136 384
147 78
286 284
99 211
170 182
260 135
495 186
328 29
32 410
347 88
255 291
427 257
162 122
228 63
198 314
7 233
101 295
384 305
250 310
17 483
446 312
229 7
440 129
111 73
185 36
385 183
207 288
123 266
111 480
470 41
39 210
232 87
222 287
306 13
253 90
12 136
144 88
331 170
23 449
156 409
323 265
388 278
334 474
435 126
114 125
489 394
124 202
31 470
360 47
327 13
257 404
202 156
395 294
107 273
478 370
247 487
456 93
289 155
308 245
391 435
384 193
334 404
83 472
94 462
383 353
302 3
411 172
111 481
148 143
111 115
312 162
21 221
38 264
151 370
66 13
158 6
354 177
472 473
449 221
58 432
435 145
449 291
369 329
194 300
278 483
476 24
471 498
204 445
71 112
237 336
273 286
365 85
429 271
324 268
278 133
464 387
177 416
35 188
68 283
430 277
387 151
143 423
254 394
240 492
150 264
451 80
87 64
201 6
256 272
16 198
281 326
363 357
99 14
477 450
12 121
143 31
356 26
180 405
379 325
208 329
441 409
171 308
91 167
470 295
206 301
476 65
306 184
318 173
408 403
243 55
155 342
269 406
460 211
389 332
314 318
346 200
126 427
36 432
74 168
472 8
288 49
238 474
212 103
96 107
251 259
473 105
175 420
221 427
187 399
282 480
305 413
336 108
279 366
348 233
469 278
7 214
476 426
46 122
37 296
230 31
316 331
136 436
23 3
372 146
154 191
327 473
8 231
277 2
290 23
64 398
383 257
364 120
433 344
344 174
80 472
296 278
97 384
88 477
457 118
152 179
439 192
328 281
410 388
301 385
194 431
452 310
18 115
356 160
351 82
266 337
19 136
447 443
144 43
90 421
76 318
313 235
436 61
243 250
152 186
64 465
45 353
411 108
17 313
230 9
332 488
471 477
352 151
436 124
213 411
1 222
331 344
184 336
11 114
439 466
21 300
276 280
497 188
375 126
292 17
183 471
78 402
385 44
229 330
66 255
5 432
299 374
211 321
122 129
56 158
296 275
383 13
201 337
78 119
255 287
405 406
402 72
282 248
155 47
164 259
380 79
288 464
18 222
23 90
382 153
465 220
322 448
488 393
111 99
260 112
432 4
411 302
232 483
164 469
35 233
280 100
61 475
430 428
356 422
416 162
47 453
172 47
262 241
486 58
185 164
281 129
342 324
473 389
306 249
286 291
415 384
301 22
399 84
360 93
477 433
3 400
153 76
57 404
342 317
481 223
141 393
368 30
198 295
70 129
359 261
212 141
261 76
48 94
87 280
98 474
10 202
4 5
218 310
205 229
313 399
11 7
284 134
110 439
217 206
420 225
15 51
323 56
445 317
48 445
427 170
228 134
395 396
364 7
237 218
288 379
478 123
224 235
443 160
451 493
476 343
131 423
86 421
193 92
200 420
180 481
73 402
427 426
423 77
488 311
260 284
231 99
154 368
39 380
348 143
114 426
464 246
457 365
368 158
358 328
399 220
351 495
376 377
150 391
186 28
247 298
44 229
52 220
438 399
247 112
200 82
94 429
186 313
297 414
65 146
127 112
92 478
375 181
456 164
261 191
157 246
189 354
43 306
77 256
97 312
113 2
145 42
478 93
463 374
117 350
34 378
461 466
409 59
348 222
143 133
139 317
84 52
268 108
387 244
43 455
311 191
450 500
113 309
63 258
443 172
341 258
224 334
264 175
260 132
341 117
138 23
21 227
143 187
291 16
83 72
401 299
325 199
339 377
402 474
121 358
253 50
139 430
5 298
458 353
294 341
74 288
11 248
190 176
39 313
203 191
200 338
17 90
223 336
164 21
155 451
380 301
390 105
347 495
278 352
466 157
454 122
357 46
184 373
108 205
41 365
357 84
329 124
283 255
33 199
96 306
62 338
141 483
166 384
118 436
180 6
469 305
135 82
80 477
46 251
139 69
184 367
118 353
239 138
482 292
231 354
198 378
295 268
472 45
272 6
340 147
269 274
413 426
221 294
34 57
192 383
242 311
116 156
291 473
320 241
166 125
440 266
495 114
39 438
401 98
396 14
495 374
15 425
427 476
263 443
414 84
181 119
142 444
0 68
387 382
348 287
287 417
460 107
58 171
252 287
20 36
309 3
263 33
189 432
229 168
145 242
73 442
90 27
140 244
301 342
471 249
420 429
202 11
384 21
174 357
324 179
141 350
202 101
255 365
192 342
417 481
291 210
467 129
157 31
457 50
5 173
381 422
63 105
102 201
465 198
242 246
186 225
218 269
273 315
132 113
140 150
238 233
109 416
398 156
433 38
85 401
1 340
487 342
235 383
423 376
343 362
203 89
60 359
422 315
83 42
109 240
95 20
494 255
228 245
262 269
73 343
274 356
350 30
52 91
310 250
442 66
99 440
309 293
93 35
252 330
430 101
360 339
294 42
76 381
59 230
190 224
362 312
451 277
447 145
6 40
337 36
47 339
282 109
353 276
258 302
51 8
72 105
321 89
403 240
217 340
178 439
153 180
327 85
164 370
444 216
195 374
427 178
235 316
325 462
130 398
207 256
94 144
192 376
55 315
378 286
317 108
112 41
163 121
55 416
389 375
383 331
79 171
327 350
38 178
178 214
414 11
446 363
2 143
169 314
350 53
49 253
232 120
50 263
216 5
193 424
362 412
214 201
322 345
273 245
349 345
340 452
168 8
85 381
333 500
299 37
129 78
454 485
119 62
198 405
166 262
54 308
210 185
114 92
270 459
116 220
256 102
140 241
158 362
24 333
161 440
354 367
273 371
251 129
231 109
314 396
315 414
437 377
243 185
328 18
457 474
409 393
425 260
464 111
195 452
375 50
283 424
226 432
464 255
399 220
429 391
388 465
107 211
194 245
3 408
477 232
74 155
75 90
273 97
87 167
155 437
49 93
219 495
385 253
141 427
469 268
330 355
419 362
303 89
144 239
333 284
335 19
489 228
70 74
291 283
344 307
89 162
370 28
472 252
429 31
37 83
188 161
90 221
305 94
405 207
136 486
158 290
208 315
295 232
270 345
163 383
375 397
209 409
385 212
193 223
457 480
57 257
231 60
349 297
399 433
86 283
351 448
484 188
219 32
145 258
471 219
405 145
492 16
45 102
42 182
15 256
439 205
323 281
143 62
188 69
108 339
206 107
254 260
325 399
210 209
329 280
405 75
380 55
333 189
349 93
401 131
28 454
54 13
246 491
208 493
0 427
320 22
99 120
27 461
392 442
225 246
498 111
351 465
332 405
111 337
47 262
478 363
32 383
61 99
47 339
57 10
469 206
264 220
14 435
299 225
355 198
298 143
10 475
155 295
14 32
386 31
253 151
380 341
345 378
336 246
18 262
275 61
461 458
37 350
320 104
217 166
428 152
42 71
455 400
272 76
304 35
267 291
228 153
235 190
102 131
38 323
0 430
93 32
445 20
300 298
292 61
454 7
259 476
66 225
267 28
301 65
179 10
146 199
60 167
378 196
333 84
478 296
295 118
286 292
483 463
156 71
252 492
263 189
160 119
330 11
402 216
457 324
460 168
59 346
217 10
332 258
80 374
444 30
94 18
116 23
203 400
24 146
201 123
58 259
495 401
361 12
379 84
106 89
280 471
217 446
37 185
366 63
498 144
104 435
429 108
455 128
21 359
422 40
300 422
500 121
36 147
96 194
366 152
404 24
77 13
23 261
77 494
451 345
93 281
185 191
81 426
3 273
493 127
4 410
28 404
153 131
345 115
387 391
77 289
116 45
337 375
135 173
444 173
50 279
431 262
418 204
51 45
29 351
120 400
389 313
24 47
424 301
205 494
340 225
363 194
258 343
355 317
174 235
126 416
417 279
181 290
136 489
435 15
471 332
185 304
269 350
392 10
53 163
262 312
64 204
483 135
359 462
37 478
370 188
88 236
498 91
445 325
30 10
310 283
115 57
354 246
48 230
27 194
200 2
94 282
477 228
389 302
45 98
497 8
386 152
243 268
37 293
388 124
406 286
251 323
316 375
12 119
413 464
35 349
241 470
432 341
361 376
35 90
422 247
253 332
363 421
388 387
265 468
324 371
178 368
484 53
230 414
408 135
101 173
305 188
318 25
205 198
402 82
354 462
79 131
295 103
119 418
453 223
43 302
358 69
464 65
339 377
497 150
442 173
396 499
31 257
33 453
84 365
114 219
108 462
438 65
329 259
448 52
461 307
168 482
280 53
330 392
337 381
0 473
281 28
371 103
206 216
419 375
413 90
336 390
221 153
232 490
260 248
4 120
434 206
29 415
253 160
319 59
405 235
179 227
383 213
412 314
328 439
55 246
214 156
307 130
237 358
388 103
153 286
432 311
441 220
8 49
163 495
7 218
170 248
134 70
79 395
309 160
463 52
442 467
107 209
161 382
298 3
38 430
216 224
98 137
434 278
23 189
197 35
239 10
464 488
66 11
22 428
286 12
305 104
43 88
51 201
433 149
128 403
359 497
237 174
210 26
395 41
203 373
366 254
45 81
127 494
232 183
236 284
498 138
141 182
260 112
26 149
227 392
344 18
304 14
172 218
359 495
92 125
128 96
376 218
421 417
215 113
157 150
188 183
95 440
313 161
366 147
460 277
195 93
7 133
165 176
428 151
266 177
432 365
80 224
108 361
98 6
245 290
314 229
181 89
430 403
341 5
84 293
22 175
355 298
70 72
90 10
183 495
377 449
444 465
279 405
204 155
427 215
195 161
35 278
76 322
385 384
441 436
462 308
208 436
449 133
454 65
183 79
56 259
412 289
429 445
255 270
259 200
233 161
365 347
263 435
24 160
161 28
307 447
451 204
186 32
201 230
460 362
478 219
272 311
411 332
414 190
403 403
114 26
470 412
393 376
294 242
306 380
188 196
322 437
157 423
3 336
199 309
391 126
421 463
436 217
293 392
159 333
112 201
2 387
368 399
448 471
81 218
219 443
457 437
43 147
235 222
365 61
292 119
460 167
241 13
157 471
77 456
222 231
92 472
302 187
496 55
94 234
431 440
479 279
411 306
480 52
164 172
400 229
106 202
458 31
197 317
399 214
149 166
283 225
28 125
287 172
183 126
444 95
207 289
299 294
422 387
278 454
329 173
283 42
482 465
206 109
163 185
386 500
162 385
139 168
236 143
339 194
422 376
499 242
255 125
238 135
256 323
24 41
427 143
424 302
165 363
395 345
184 407
138 3
120 24
430 50
245 293
101 244
387 269
474 100
73 57
430 311
427 193
41 394
68 24
264 415
422 157
151 246
375 391
225 189
178 159
381 48
205 254
496 338
53 289
499 148
183 340
155 321
498 237
119 45
363 327
28 488
11 4
245 17
325 193
24 114
322 412
468 438
127 217
172 283
325 274
369 92
115 239
127 131
22 272
297 265
325 5
41 68
397 13
482 392
196 37
47 29
479 412
107 83
0 496
360 66
289 427
208 15
375 233
320 41
490 216
90 437
67 392
306 141
243 303
46 97
91 77
292 112
341 34
217 237
376 436
300 119
416 207
163 154
411 218
316 395
484 405
75 211
194 310
125 202
314 234
307 58
464 247
342 448
403 110
71 500
365 374
452 26
398 379
376 400
347 474
197 275
492 213
239 375
353 1
120 300
229 204
188 21
107 50
339 81
69 167
139 330
381 282
5 359
409 297
409 303
339 469
343 294
64 495
204 263
220 207
371 162
104 179
322 228
254 85
397 200
468 42
57 332
110 338
160 59
162 492
343 40
358 458
215 18
489 478
445 377
200 6
12 150
229 231
373 385
25 341
214 190
58 317
42 248
308 146
48 69
8 409
336 446
330 149
208 278
225 114
225 60
174 356
155 64
206 109
348 196
432 411
234 295
227 439
144 41
19 483
16 371
465 80
275 209
212 88
119 305
457 58
443 197
338 264
152 368
150 221
147 417
18 152
349 20
446 20
423 260
43 409
340 315
429 352
485 431
326 377
465 339
364 348
258 170
470 160
360 135
360 398
434 415
496 364
496 311
170 133
177 61
375 7
165 177
91 170
10 346
311 440
388 268
85 394
386 15
4 230
404 341
137 77
213 159
79 328
466 35
494 132
23 238
116 77
336 287
425 150
478 457
320 37
119 41
318 62
466 356
304 245
412 175
222 47
291 97
2 439
336 388
491 267
327 390
172 439
198 234
143 255
33 162
379 61
208 94
243 261
78 44
197 342
497 233
114 14
217 55
19 419
161 218
384 72
275 301
24 307
398 451
100 376
434 47
282 294
259 304
396 457
371 90
341 469
214 372
154 282
364 405
298 170
167 475
422 7
458 225
233 490
313 353
79 352
56 14
270 232
279 273
171 78
158 426
290 225
470 52
342 195
99 171
320 88
135 124
464 434
30 357
74 189
206 16
352 377
374 68
67 64
97 29
98 268
295 229
209 178
215 235
54 226
132 462
186 337
190 98
29 70
73 364
298 385
405 32
275 20
216 448
461 20
91 138
182 131
329 402
444 340
448 426
58 76
240 475
20 395
383 103
337 359
355 167
53 374
346 361
316 80
248 328
165 330
155 499
200 370
484 157
88 204
6 46
293 108
360 390
85 96
57 20
84 229
440 259
199 323
464 356
395 133
179 131
253 377
289 280
126 338
294 54
57 452
474 70
489 96
449 375
379 122
420 456
103 35
159 314
499 319
252 276
273 14
325 485
287 329
330 150
132 359
400 351
471 144
69 417
63 284
272 50
79 498
268 8
288 474
188 499
215 128
440 57
421 133
492 180
394 158
92 356
421 337
380 98
28 27
348 75
28 330
55 263
23 435
319 240
430 179
187 221
347 322
277 253
208 437
184 249
129 379
162 186
31 369
423 200
87 91
35 31
254 240
331 150
184 402
307 279
158 115
249 416
33 248
233 220
370 18
53 36
446 77
175 199
7 89
65 347
296 463
484 236
458 391
151 30
447 203
334 156
63 421
222 98
142 340
100 143
156 470
327 439
202 339
463 242
400 290
331 237
457 68
263 187
451 97
35 151
438 233
392 264
50 227
31 294
172 359
5 158
384 131
186 344
397 67
73 445
451 50
24 312
276 257
403 165
149 361
170 276
3 248
178 66
200 188
149 140
464 121
328 97
103 463
360 284
31 286
479 225
401 35
363 384
42 415
216 488
379 27
348 245
15 59
442 329
482 261
438 478
27 18
129 267
45 46
64 432
445 316
450 435
31 176
306 147
400 395
254 337
298 167
333 46
426 147
236 386
385 12
186 345
415 157
369 385
395 340
362 148
299 459
339 132
146 452
366 408
164 296
95 165
238 461
454 294
82 270
63 180
116 482
30 355
185 436
328 500
310 349
423 264
129 66
146 269
279 50
289 357
44 306
413 238
12 43
151 223
367 449
416 200
158 74
222 271
4 132
211 311
97 19
70 165
436 185
480 438
240 368
319 282
305 59
347 130
56 51
169 66
238 110
456 320
379 124
450 368
61 284
202 192
496 68
430 129
419 492
237 220
206 35
354 477
425 66
291 170
52 154
238 297
322 244
494 462
41 410
25 206
374 287
396 338
239 28
78 69
314 138
142 60
330 231
340 68
347 377
373 277
93 180
373 33
325 9
67 377
269 154
343 416
411 215
198 302
344 413
430 327
221 242
87 342
268 160
226 459
26 145
11 451
309 311
51 444
24 396
129 21
194 391
272 346
152 390
242 129
63 7
156 65
120 258
268 294
345 359
324 370
176 318
427 315
391 52
421 291
376 100
415 199
42 321
127 321
277 400
233 209
384 212
476 483
435 310
73 359
365 421
56 416
30 453
65 129
72 164
404 42
380 357
5 483
461 483
350 47
314 379
28 164
325 457
122 273
258 144
37 429
398 229
292 253
363 458
349 53
300 430
252 177
119 431
56 106
284 261
47 414
235 66
417 177
353 220
242 43
351 45
231 408
124 318
489 63
318 260
237 462
76 171
278 387
443 14
95 93
198 80
152 395
182 252
332 408
320 396
262 495
477 25
469 227
388 207
489 142
326 72
269 18
169 216
258 31
134 218
382 61
197 145
180 148
225 144
285 167
395 142
349 294
308 281
173 278
112 414
382 464
303 94
258 499
378 220
300 227
426 194
475 500
138 265
112 380
61 10
157 171
460 402
161 348
53 220
29 280
155 242
40 380
57 178
121 45
496 431
297 460
275 311
474 315
55 414
424 95
20 40
467 382
419 182
332 88
164 496
292 169
309 84
343 5
255 33
201 492
399 233
256 497
175 305
257 429
99 290
289 32
242 238
311 466
93 408
349 70
311 293
324 31
396 169
467 14
33 432
118 55
9 426
165 319
38 444
313 399
265 28
233 389
371 394
89 108
48 325
53 52
270 215
404 413
349 363
376 475
482 104
406 475
198 472
85 202
298 474
493 367
27 300
361 426
209 489
420 242
2 18
437 401
345 172
165 346
397 301
345 134
175 431
111 458
55 67
90 423
53 316
428 248
445 172
332 103
172 183
469 92
204 353
490 48
225 71
37 265
38 98
205 404
190 299
284 183
36 409
463 107
413 316
134 434
277 73
86 351
71 264
310 253
319 212
351 445
168 200
459 6
486 319
151 90
90 99
181 201
417 449
421 42
420 73
282 130
417 213
251 237
41 96
359 478
355 14
321 452
64 274
85 390
110 427
150 302
22 212
256 345
59 221
348 268
273 28
425 43
480 147
154 396
32 202
126 309
101 463
141 375
49 81
365 353
476 171
482 415
299 82
482 12
195 470
64 46
489 159
468 332
41 114
426 361
391 55
229 309
15 329
70 143
343 461
80 458
267 114
21 413
155 72
292 187
477 356
51 253
418 310
131 407
274 61
356 473
134 375
112 387
453 484
271 84
461 78
249 350
249 104
380 469
27 183
263 372
442 4
258 83
34 50
380 80
212 163
353 235
480 432
348 396
311 353
456 266
59 375
339 119
18 80
241 68
353 210
383 47
47 230
7 220
265 72
47 478
138 257
235 433
456 421
188 375
273 23
56 444
47 496
432 325
227 267
287 148
300 291
416 499
252 364
373 202
385 438
222 175
289 435
440 183
272 47
389 313
260 255
324 160
232 33
478 455
105 208
251 51
183 439
92 388
268 17
361 256
223 71
59 110
28 284
120 14
288 288
33 230
250 89
117 437
427 358
357 353
123 313
204 296
359 201
219 325
448 141
484 266
137 480
446 336
95 202
24 155
137 15
330 96
474 36
446 227
47 102
169 419
100 61
435 345
17 410
3 377
272 448
480 23
29 28
202 458
50 275
159 300
408 38
221 401
487 239
374 360
8 241
237 90
42 319
99 30
160 470
129 129
52 224
202 282
102 319
68 23
261 301
429 284
37 1
344 496
388 10
440 452
285 437
168 252
190 157
264 183
203 264
458 376
336 435
149 357
384 62
399 439
230 28
369 129
149 273
396 187
446 225
320 30
386 218
298 349
346 377
480 171
250 263
339 394
83 470
188 23
124 216
149 486
455 375
224 85
383 365
494 89
439 364
25 465
462 141
261 292
96 270
358 447
233 397
95 496
387 99
226 364
1 167
500 481
311 237
8 101
227 303
114 168
377 2
222 189
380 332
79 494
438 348
53 232
438 338
478 224
323 391
92 394
16 42
258 17
286 213
284 359
344 29
1 483
380 88
170 240
141 132
156 166
309 408
188 225
126 247
270 352
437 174
238 154
405 305
92 291
60 89
403 100
439 89
366 409
453 242
257 425
475 424
429 383
197 112
2 424
297 153
103 160
56 391
167 233
442 408
160 141
29 312
83 405
331 233
281 410
40 150
407 267
216 263
302 308
400 87
465 463
390 185
269 330
425 374
288 166
188 33
231 434
350 289
99 105
443 76
181 478
376 471
198 61
36 411
375 441
72 87
23 259
435 490
15 406
213 466
179 432
163 217
337 197
318 207
218 32
65 35
215 157
105 218
414 444
359 10
44 418
254 104
349 372
24 365
379 369
36 28
219 458
281 388
146 285
462 373
416 474
374 381
367 418
394 310
266 95
88 84
304 411
407 182
1 91
410 448
459 424
225 137
86 24
162 401
324 36
413 171
310 271
210 72
391 99
300 471
208 286
74 274
5 299
380 188
469 238
54 317
331 431
309 412
265 448
108 324
275 258
464 343
404 422
290 28
22 269
337 162
137 392
482 51
205 403
205 97
321 96
144 298
363 451
201 473
499 21
236 63
177 129
150 499
354 9
409 282
442 370
425 293
417 102
306 176
146 43
130 443
424 253
310 84
162 347
482 185
95 141
94 433
46 307
267 383
125 326
156 25
117 136
246 175
3 431
412 257
250 218
191 234
357 172
5 286
164 358
344 168
193 165
257 153
72 172
107 278
353 485
220 454
233 279
182 37
448 410
446 434
468 253
302 47
85 216
359 281
135 378
457 97
53 359
479 7
266 248
73 100
293 44
291 196
139 335
29 183
403 279
362 374
87 133
312 23
192 295
422 152
109 8
314 404
100 196
209 424
183 285
335 19
202 354
405 270
319 496
187 225
474 178
92 412
452 27
326 142
73 191
251 276
262 470
105 109
67 115
140 1
454 500
3 411
85 311
454 390
445 187
318 326
201 39
484 262
356 237
121 336
281 195
122 77
382 186
70 206
116 235
2 6
337 448
175 27
87 336
105 193
416 204
20 206
442 1
149 75
180 167
176 340
223 500
476 306
236 326
423 411
295 117
147 361
324 240
253 349
375 289
238 478
238 240
373 147
91 26
319 63
41 209
238 185
161 38
256 236
68 403
42 370
408 63
17 315
186 420
145 138
426 37
94 221
207 361
191 122
183 251
488 148
115 244
493 403
101 399
111 288
361 327
308 89
41 17
1 43
421 141
474 201
458 332
198 177
426 290
56 34
351 69
74 169
384 323
125 379
371 196
124 236
57 473
266 114
178 179
77 302
275 176
118 494
150 112
143 330
82 372
2 451
48 219
175 36
41 120
125 260
196 147
236 23
8 268
303 259
56 433
357 61
277 403
176 43
35 420
350 21
253 212
93 124
341 487
188 350
394 447
438 79
481 65
228 349
336 452
179 24
227 315
375 203
352 345
480 255
172 47
391 356
213 446
289 465
98 41
63 495
55 238
339 316
454 26
219 212
31 194
74 97
331 393
433 316
473 164
113 493
389 347
103 201
432 89
330 325
228 81
208 469
218 309
206 172
335 427
197 268
379 217
500 295
148 77
290 369
256 219
150 289
359 428
400 374
272 384
258 448
431 149
419 362
419 363
486 350
472 38
365 294
40 32
37 416
500 90
244 398
62 77
11 373
205 388
218 77
391 288
57 456
319 63
152 350
331 19
302 440
59 218
265 325
461 129
168 239
150 487
279 344
345 330
306 19
477 464
249 324
284 243
293 85
56 335
115 476
124 330
369 382
268 66
109 199
149 330
364 324
438 43
259 44
484 142
295 111
149 343
169 165
415 123
400 236
396 270
285 36
467 20
35 453
68 56
342 53
162 225
448 71
315 376
348 269
38 399
92 95
424 79
217 353
246 282
494 421
52 306
175 163
171 3
226 452
356 48
75 24
268 235
104 319
255 363
364 306
293 320
490 425
233 473
191 102
129 442
323 259
158 499
256 302
495 388
352 379
377 128
201 70
70 39
94 37
471 416
234 239
169 380
190 492
188 64
88 218
222 390
337 465
127 188
17 131
142 55
421 61
319 463
405 151
310 92
96 421
31 68
290 397
380 442
20 453
44 155
32 143
285 488
204 312
284 300
193 192
136 482
90 210
3 211
435 247
50 421
196 353
371 335
342 274
411 166
438 455
178 24
36 77
310 324
375 16
186 252
417 99
464 112
268 364
39 130
240 316
316 279
257 281
389 215
440 24
222 169
471 121
173 473
42 400
82 93
491 211
325 187
258 474
254 312
426 6
95 34
435 107
119 141
314 281
187 152
184 117
109 455
138 268
397 240
105 90
126 152
419 129
113 135
124 228
72 149
220 104
407 92
126 9
165 204
341 334
430 114
193 1
40 378
114 350
23 111
436 210
71 461
494 497
179 184
126 338
452 247
120 72
93 488
202 431
283 321
3 149
22 439
115 450
447 149
396 425
446 186
273 186
276 84
356 459
195 442
287 397
327 297
96 232
51 361
412 281
134 359
401 269
276 137
47 450
295 180
12 166
421 460
54 326
363 118
3 285
321 137
308 244
221 377
127 486
254 39
37 436
39 31
123 84
161 250
71 392
279 497
345 181
23 205
423 250
393 24
175 1
128 196
240 287
469 92
214 6
278 161
19 158
500 485
178 231
447 423
136 48
25 75
381 447
242 335
356 298
190 327
258 437
192 110
291 22
337 139
74 422
400 89
48 318
304 275
488 335
274 445
110 201
155 179
244 26
464 55
29 180
224 226
203 459
106 393
110 362
191 127
61 54
343 121
410 334
21 44
364 145
140 325
205 0
136 137
238 263
300 0
172 85
368 41
244 315
286 187
317 225
231 53
12 466
419 370
415 325
376 430
86 204
314 91
415 469
34 467
112 55
450 272
416 417
71 205
46 447
418 109
458 426
235 72
247 119
285 445
480 373
360 416
407 31
204 456
447 303
9 271
83 68
274 132
126 131
475 406
71 133
56 10
236 191
89 35
36 342
394 491
160 438
408 13
71 365
393 45
196 6
189 125
38 273
280 161
425 384
178 494
77 470
14 343
315 28
296 241
20 121
350 345
216 333
255 107
347 243
327 333
73 371
2 292
325 493
354 368
129 210
98 94
14 269
467 448
207 61
351 404
170 375
43 290
211 223
314 264
251 381
83 89
139 337
296 235
119 15
337 123
42 235
458 416
240 130
239 373
495 272
274 18
327 247
140 15
310 465
293 276
487 234
385 68
28 48
224 135
238 488
460 124
352 476
372 428
13 475
441 159
417 254
143 172
44 137
65 15
144 329
318 360
226 410
307 138
132 318
387 279
360 102
485 20
248 487
209 451
95 235
18 365
196 476
227 367
180 146
159 408
113 196
312 156
375 49
231 41
330 487
402 108
141 361
159 434
344 213
31 417
181 146
401 198
117 54
322 494
260 239
185 441
25 13
61 33
241 124
236 438
115 489
235 275
321 444
342 67
105 82
385 470
219 261
164 23
147 172
64 99
190 425
477 281
38 465
378 85
168 7
142 315
495 268
334 390
449 392
213 308
35 393
289 352
