371 184
46 39
82 74
496 193
93 241
440 53
486 200
421 458
396 104
327 153
343 399
323 227
278 66
92 209
19 138
449 93
242 185
416 134
290 158
393 180
298 405
107 267
359 386
267 254
134 450
191 84
482 377
2 68
458 182
85 482
476 374
221 46
371 401
193 151
454 151
383 277
301 371
206 154
351 218
381 124
312 135
397 480
224 246
491 275
36 91
399 65
376 54
52 456
246 498
327 382
280 406
454 376
305 157
341 66
63 435
290 460
352 70
111 48
118 447
29 111
330 370
458 165
154 212
417 295
281 25
111 157
358 120
180 241
268 441
159 348
201 469
57 153
69 157
446 236
243 176
226 59
6 400
84 162
483 161
212 264
195 210
146 373
256 311
38 109
49 292
443 99
216 364
91 79
36 332
200 179
62 481
472 290
435 104
220 395
18 31
425 320
302 499
140 359
500 446
395 457
361 72
11 235
252 173
292 270
467 488
37 1
265 47
351 29
500 48
168 391
347 85
302 440
454 369
449 460
244 26
135 340
126 125
142 402
36 435
466 167
105 78
122 285
378 294
84 410
159 33
361 6
95 153
67 296
20 150
62 356
399 27
449 280
10 289
251 303
292 254
335 173
68 349
377 437
264 8
388 299
232 184
178 232
52 80
18 145
26 86
429 381
331 86
9 168
408 113
134 469
435 77
129 11
87 194
1 234
214 267
488 346
86 186
336 452
253 495
491 470
138 414
88 224
209 442
257 184
271 105
382 166
204 124
380 484
248 34
105 133
392 196
134 319
395 335
68 53
204 432
52 203
329 21
115 75
100 222
307 361
12 420
91 416
152 163
121 314
79 311
243 420
70 37
397 292
200 291
60 43
448 56
80 497
286 4
257 399
271 367
31 188
183 131
69 170
63 480
447 13
133 359
463 384
297 387
468 104
331 441
261 385
93 429
192 326
443 415
140 372
188 403
453 371
212 458
444 210
164 338
74 290
23 361
425 177
495 455
30 25
276 14
398 190
82 415
21 162
450 288
128 177
324 342
322 418
463 210
443 261
224 46
434 29
237 384
268 282
202 193
183 318
222 210
56 333
431 355
491 217
379 385
13 2
170 77
412 277
406 368
251 382
359 132
356 257
459 324
368 192
15 275
124 0
445 378
153 431
413 64
448 178
305 120
489 55
171 31
359 378
100 14
123 120
322 175
344 394
399 354
315 219
375 306
343 420
201 95
363 17
335 251
307 101
325 0
278 420
485 479
177 62
205 370
372 457
397 240
245 245
491 303
135 24
167 278
58 78
414 356
491 93
331 96
361 298
389 48
301 85
98 452
162 248
172 500
253 439
215 0
341 459
252 280
104 385
409 194
3 99
323 67
302 436
148 195
87 350
435 80
284 491
411 310
193 448
425 174
324 495
243 485
85 329
328 408
323 279
348 233
448 54
302 469
404 282
82 356
23 291
168 406
98 340
164 206
328 146
363 186
48 82
153 229
240 165
495 408
273 91
207 373
100 45
93 301
287 350
257 425
272 488
284 398
248 403
189 75
93 370
276 65
433 328
477 206
192 427
152 348
257 60
296 44
127 295
384 379
346 113
15 407
37 263
64 80
321 150
453 146
334 359
250 468
87 399
388 90
350 242
402 129
459 15
465 127
307 159
168 265
453 120
149 498
28 73
419 320
238 91
219 180
109 326
235 479
98 35
3 66
283 92
152 334
221 332
114 264
59 458
161 319
355 182
251 61
334 198
205 382
256 440
238 85
321 34
64 245
201 455
274 405
498 453
422 316
493 303
358 151
295 371
136 310
134 127
134 399
74 301
175 362
441 332
367 186
137 459
57 466
204 326
208 0
212 321
463 343
113 178
408 411
448 482
219 368
155 93
315 420
10 208
453 213
307 311
15 356
347 288
131 473
369 449
126 12
493 423
92 431
290 270
468 7
200 58
251 362
207 94
178 468
341 58
110 434
362 225
246 226
101 416
241 337
444 445
92 392
452 389
20 411
194 217
141 362
452 64
61 483
52 473
92 245
139 96
16 204
169 350
439 95
279 2
2 39
487 477
445 433
268 144
414 444
315 57
264 129
91 448
367 86
462 323
42 122
306 289
194 340
154 138
172 178
428 386
31 93
476 123
58 276
180 148
276 246
42 321
403 376
190 418
232 301
301 128
185 187
150 396
237 20
355 95
147 87
196 330
230 276
127 47
64 330
126 192
371 491
25 52
472 375
447 375
39 156
414 301
189 387
388 455
396 433
129 293
104 353
67 157
131 390
240 167
139 370
383 69
490 353
335 271
367 166
27 331
311 294
241 477
102 403
238 221
67 484
282 287
451 152
408 258
135 490
143 86
40 297
275 169
12 201
427 431
118 108
452 437
138 204
45 486
360 55
210 212
298 458
248 8
123 261
9 248
378 442
268 381
446 127
369 158
395 413
456 176
385 393
142 240
31 184
89 113
369 255
91 263
110 43
499 90
238 355
197 371
78 166
145 24
481 15
473 277
1 176
203 90
430 297
88 184
305 475
138 24
475 275
345 492
301 237
379 201
261 392
310 75
482 122
264 112
144 384
30 68
335 382
296 386
104 0
175 112
442 362
35 52
401 474
149 135
291 54
119 329
447 307
4 320
348 312
55 272
135 165
360 430
473 188
311 410
69 421
359 399
150 345
426 59
52 41
450 208
208 283
113 251
96 71
290 222
450 450
25 261
129 431
236 498
341 423
374 151
237 347
406 93
76 331
444 416
178 173
422 413
434 309
172 89
244 113
363 448
141 146
480 39
460 440
341 152
444 134
365 339
160 168
473 239
99 179
430 156
197 37
120 371
339 10
140 326
484 442
235 283
420 224
437 158
372 462
345 138
379 300
279 77
483 265
381 327
279 378
154 452
196 232
218 314
96 475
469 14
63 160
390 199
251 89
106 485
403 98
108 207
236 47
73 38
269 141
135 432
471 259
118 87
188 279
51 236
397 467
145 38
407 277
429 164
261 352
412 366
161 224
26 251
281 152
132 203
381 396
245 257
397 279
100 369
56 188
467 172
126 57
288 82
126 255
292 48
352 461
119 469
62 174
167 223
398 197
401 391
141 125
222 215
261 270
490 149
321 444
477 96
94 175
230 238
236 263
215 43
214 107
156 128
449 288
467 372
47 89
330 321
62 186
445 449
0 275
149 1
239 115
408 311
108 87
405 94
73 462
138 354
274 129
213 445
125 168
89 35
112 481
101 147
309 371
359 480
462 448
466 324
372 443
479 209
190 129
107 120
331 18
194 355
492 182
380 417
262 244
129 9
141 28
306 66
201 473
409 38
491 307
327 81
474 292
132 11
393 303
463 223
139 225
368 440
149 253
86 172
263 431
481 194
360 60
236 41
190 429
4 354
135 151
247 405
459 250
45 59
340 23
190 77
213 420
187 281
263 80
3 102
210 375
404 345
184 143
478 20
293 459
166 225
495 384
97 163
24 82
258 207
336 422
57 200
178 146
8 168
1 166
477 414
152 478
182 442
50 409
14 394
17 205
111 75
32 465
316 134
460 379
368 461
396 478
406 396
104 223
416 337
33 76
210 160
466 113
30 63
436 134
475 277
273 417
31 147
266 409
169 49
309 203
414 2
237 331
209 6
243 138
296 267
500 285
120 206
26 5
124 33
258 64
282 191
6 37
257 122
133 408
338 448
347 216
329 200
434 389
142 445
291 435
80 86
346 78
174 280
10 309
302 65
8 136
348 297
76 257
277 293
186 286
216 61
342 446
397 212
262 456
366 175
1 180
255 150
274 423
240 223
284 272
160 77
347 249
205 107
8 313
293 339
32 348
105 279
231 150
407 29
495 23
97 10
303 329
331 37
310 124
119 490
334 184
374 168
48 431
240 30
200 287
413 231
189 336
206 250
335 40
117 211
190 216
63 266
36 140
366 278
423 374
239 464
438 328
212 57
41 87
456 206
265 422
280 287
70 16
53 430
377 155
239 6
138 329
384 268
436 278
260 415
160 412
236 476
334 61
237 22
458 271
47 318
304 48
486 10
126 499
458 451
263 128
495 167
378 138
245 166
442 340
467 323
101 77
439 458
274 48
70 204
318 126
223 71
486 106
461 410
468 476
121 451
121 499
251 233
426 402
31 248
274 66
354 26
253 365
157 271
184 413
463 67
275 27
57 207
14 252
92 372
413 69
360 171
30 216
126 342
269 7
35 363
332 299
180 317
1 160
9 31
236 208
477 347
13 446
358 68
309 130
303 499
252 320
361 265
286 260
401 235
29 293
244 390
109 290
147 412
459 98
499 67
190 78
434 212
203 474
421 410
392 478
456 141
129 423
23 393
220 143
73 291
120 235
495 65
327 169
269 495
86 195
344 384
223 195
321 53
287 474
6 405
72 331
225 440
173 328
426 401
61 199
30 343
100 155
357 199
389 359
334 257
10 85
208 259
302 152
390 425
404 60
495 229
12 111
292 473
27 473
25 72
83 494
47 441
459 220
161 357
291 411
328 183
318 20
383 45
270 163
269 151
