338 346
308 243
49 220
204 92
19 416
484 448
92 347
377 321
236 126
144 277
283 63
304 261
266 62
175 338
32 420
125 228
0 285
163 388
445 218
486 430
347 440
401 384
303 428
301 500
218 203
204 436
59 22
216 473
422 225
362 330
18 86
433 152
82 231
169 204
287 204
149 470
286 130
50 168
457 372
382 173
358 201
137 473
452 319
140 44
398 270
332 239
464 358
188 404
326 192
344 68
458 357
224 120
197 322
312 299
332 56
401 111
196 37
398 242
480 283
490 82
278 467
186 22
428 154
327 219
13 478
447 456
134 446
293 144
473 9
288 431
301 466
306 267
257 241
499 298
100 74
363 412
36 83
247 218
342 59
173 0
134 158
442 156
158 246
373 103
391 235
122 374
100 453
282 382
111 468
103 117
101 232
98 254
136 252
27 338
386 377
211 443
489 31
200 179
165 88
432 475
317 258
136 176
385 172
414 195
282 85
134 136
403 417
278 141
363 163
285 347
161 65
227 13
36 254
274 224
250 495
461 292
127 208
356 80
295 219
315 497
187 211
30 425
80 227
421 392
148 438
457 112
378 344
257 320
497 285
315 382
340 324
56 184
225 433
480 347
227 198
253 233
334 379
161 29
496 272
406 175
84 480
50 223
150 235
330 344
131 414
64 416
24 255
306 209
273 340
72 57
199 190
230 316
144 175
109 468
271 90
201 384
407 9
382 264
98 441
434 202
368 116
273 131
279 311
168 131
447 73
144 240
86 382
12 262
473 29
60 264
347 485
294 253
95 23
111 116
302 119
102 322
413 279
351 214
117 27
92 52
359 173
363 18
234 294
377 179
162 111
167 205
88 389
441 399
181 429
451 277
14 341
266 87
369 447
103 442
56 84
430 489
125 65
444 26
496 91
471 428
19 380
177 210
447 468
76 465
379 108
125 327
271 124
381 321
496 395
76 133
286 245
342 113
26 7
252 210
19 388
223 173
160 420
274 383
452 110
382 182
314 286
401 223
378 314
247 463
64 280
228 48
56 109
473 137
357 351
301 370
322 81
384 346
351 398
267 371
422 437
303 159
428 130
250 93
456 276
467 400
201 403
19 428
123 442
317 246
188 108
240 84
228 132
156 113
386 21
408 309
307 191
366 425
77 474
383 88
113 372
293 321
272 258
35 21
209 399
192 336
422 225
85 121
369 358
15 140
484 95
309 425
274 391
435 492
10 418
190 425
159 216
123 279
88 138
330 190
113 107
212 178
96 411
71 439
207 127
8 256
118 333
93 384
497 350
390 330
456 462
354 443
264 123
445 62
60 193
73 143
493 162
377 213
422 486
441 404
158 409
252 90
481 489
18 446
434 424
383 471
263 273
71 180
379 294
485 76
134 194
69 365
189 225
93 488
92 125
399 0
11 84
185 130
422 462
200 160
80 258
229 119
373 392
287 441
234 332
403 26
429 387
15 167
447 372
163 201
452 176
236 56
407 80
401 272
67 29
112 106
320 27
453 483
194 451
324 412
7 292
174 18
64 299
452 181
344 5
331 383
300 59
51 148
124 351
408 212
136 365
219 311
416 357
303 79
402 207
217 211
304 155
421 223
221 273
355 80
81 120
251 241
29 76
83 451
233 79
323 120
336 361
373 356
76 385
352 306
411 290
334 139
482 41
164 46
184 230
319 88
88 122
477 387
431 120
442 478
158 262
109 91
162 119
351 353
405 495
488 492
84 11
228 36
115 202
449 128
444 11
431 310
66 40
247 293
32 441
492 387
212 215
465 297
431 312
33 259
456 285
342 232
286 414
437 158
414 99
67 355
223 63
468 148
151 386
385 198
80 384
347 116
288 310
499 74
113 471
268 489
103 226
485 333
226 302
405 366
452 313
93 313
350 435
383 416
263 42
174 479
131 157
417 217
43 397
425 454
205 142
354 51
385 409
23 406
423 298
387 403
7 454
473 232
325 89
56 21
60 294
348 85
142 65
165 185
337 32
115 317
411 188
356 33
34 33
211 128
88 22
184 258
92 201
356 81
356 470
11 189
109 426
285 197
326 382
142 12
153 342
241 316
369 142
98 46
448 390
88 447
468 138
224 117
306 228
274 39
204 281
60 283
87 436
401 425
309 453
99 190
426 304
157 387
252 152
268 339
4 225
356 299
136 48
51 447
130 459
488 198
483 142
397 138
391 353
183 206
269 381
484 472
423 449
358 28
328 277
340 442
462 483
178 145
111 67
398 293
344 121
246 200
248 479
390 208
399 370
327 414
338 295
77 56
337 316
360 236
140 413
274 344
305 51
393 460
329 380
478 421
167 369
165 341
159 393
260 201
76 287
447 378
32 349
50 106
43 382
455 98
63 0
152 472
406 29
338 136
249 82
89 163
219 419
68 14
246 307
294 329
218 122
251 472
486 179
203 53
288 270
377 297
141 196
21 288
372 113
190 123
409 295
352 445
426 394
258 220
361 355
1 201
483 356
38 311
4 401
95 296
319 321
388 225
460 454
72 44
465 139
331 155
99 157
135 280
118 364
101 346
92 266
156 440
142 465
204 181
154 384
183 457
74 244
391 265
108 234
438 404
413 21
459 61
85 475
212 317
333 61
215 204
231 240
369 0
491 234
40 9
42 432
115 80
439 47
353 120
129 120
234 282
307 173
360 131
73 255
6 231
339 356
484 339
431 236
452 144
241 123
43 468
391 84
88 219
329 52
228 392
52 20
205 151
208 289
202 19
153 182
418 403
403 259
251 41
282 71
479 154
499 259
6 86
255 464
390 399
88 28
462 246
386 310
320 260
289 111
407 200
341 302
233 391
250 456
410 156
102 375
357 32
258 381
328 130
461 384
160 354
16 350
113 202
44 12
163 204
3 12
8 202
200 209
113 271
31 219
59 402
180 171
397 209
291 74
357 42
493 179
123 255
277 486
174 107
134 492
43 461
393 422
406 201
50 362
297 339
279 494
445 120
160 215
41 412
20 181
258 425
408 416
110 353
293 397
334 405
323 488
3 287
242 162
415 66
216 156
163 47
245 374
90 57
232 248
104 199
25 256
348 90
263 483
30 317
401 46
448 257
457 75
149 40
462 308
374 94
8 195
340 12
49 44
184 19
43 203
445 234
53 16
483 223
118 416
83 390
205 422
369 240
218 190
413 26
314 72
438 58
449 3
93 348
238 56
40 477
191 343
201 127
221 360
447 20
400 368
159 69
356 321
333 490
263 458
346 345
302 493
74 356
473 203
381 341
435 70
304 25
493 38
112 353
34 442
370 106
413 8
444 455
409 84
55 124
468 351
208 347
401 219
182 488
154 0
222 470
102 486
241 465
55 479
110 162
433 387
358 414
170 75
142 121
470 476
244 228
153 27
268 258
28 363
111 21
67 196
321 430
269 54
298 270
402 17
444 383
380 447
254 481
193 437
204 191
42 383
278 418
464 272
135 328
228 430
77 407
448 344
245 455
409 133
337 333
259 375
246 370
288 367
390 286
213 7
368 459
210 16
417 59
97 384
48 156
338 280
147 291
420 457
434 330
124 14
64 349
367 460
439 154
43 126
485 241
292 92
60 382
137 284
176 26
361 468
146 388
32 333
274 476
159 456
461 115
186 213
60 464
43 262
395 279
318 60
28 379
217 208
293 175
354 222
234 389
215 14
23 327
225 220
421 149
427 230
205 52
28 467
206 102
476 299
84 357
195 257
430 376
361 192
73 322
10 401
211 333
50 2
329 20
352 426
342 46
127 124
122 304
133 492
331 100
43 62
131 416
189 246
496 397
239 267
253 47
7 334
341 324
309 54
61 357
400 460
384 175
309 387
384 395
463 485
60 396
46 463
440 382
296 384
449 169
500 104
422 312
355 90
114 445
321 385
390 227
333 7
304 39
8 141
309 200
461 237
181 222
168 257
98 122
258 210
123 10
158 438
416 192
397 391
313 430
500 209
316 45
39 61
325 397
266 123
461 306
256 183
405 266
458 108
80 313
429 34
200 286
53 273
432 325
476 312
263 247
318 322
56 81
168 479
301 244
184 191
245 326
100 263
477 17
269 379
45 248
500 95
50 364
307 317
176 50
368 481
46 81
465 341
178 338
416 153
6 124
209 2
222 13
70 451
237 259
277 419
329 402
167 397
481 393
165 336
112 437
146 487
444 45
343 391
178 250
305 362
341 75
304 125
426 418
493 106
248 146
196 280
7 251
437 244
395 301
30 394
46 286
292 381
439 60
220 384
296 130
406 480
133 127
172 374
490 215
481 99
129 89
395 25
110 182
146 184
478 76
381 162
323 327
322 94
93 442
459 195
213 399
180 167
394 379
202 345
39 162
308 290
335 484
42 13
271 237
337 393
118 406
111 146
376 287
432 4
481 208
198 337
129 324
11 431
396 126
500 99
386 436
185 497
403 29
398 487
24 5
211 79
66 229
447 343
402 438
190 472
58 205
176 73
314 299
69 204
406 181
458 202
458 296
134 322
424 465
385 166
90 221
323 391
488 142
313 450
423 336
408 45
305 64
226 361
191 98
149 21
74 405
495 426
200 424
152 489
104 346
164 350
445 122
397 47
410 322
91 271
454 231
366 283
50 18
58 162
274 79
221 382
260 405
125 68
152 191
156 300
202 389
367 315
173 495
93 497
232 170
74 369
53 186
201 159
250 408
22 492
469 220
191 372
198 40
320 68
81 309
324 275
420 248
437 412
365 224
184 78
86 7
468 437
390 390
406 294
340 359
216 493
353 162
256 217
46 60
363 347
302 145
333 340
417 360
349 322
341 82
180 115
69 180
41 69
208 296
329 84
110 226
401 305
194 133
137 106
92 456
308 208
75 143
384 312
89 34
425 20
72 467
459 91
125 13
92 204
454 28
208 133
188 50
473 394
366 369
198 310
11 51
66 349
269 111
11 20
171 57
138 99
32 114
444 447
274 175
183 71
87 181
428 281
237 209
404 386
274 117
247 435
85 447
235 243
116 89
168 462
92 457
420 10
216 309
465 113
312 148
412 107
440 281
232 332
454 376
228 371
394 422
272 204
459 428
160 479
277 99
95 284
487 239
419 489
173 291
213 64
60 477
322 63
59 371
187 472
499 207
252 497
158 162
289 232
28 272
483 488
352 6
297 91
56 288
467 358
475 50
171 16
296 312
390 463
221 426
317 312
43 124
98 115
44 58
333 220
403 397
437 131
39 218
11 440
147 133
213 430
316 15
249 410
262 404
179 424
161 423
473 387
285 248
15 442
248 299
334 489
289 148
289 125
260 494
190 167
377 396
486 290
54 421
33 288
343 8
282 40
409 274
7 161
52 294
136 175
105 210
29 80
231 231
475 242
94 244
206 216
416 6
282 343
134 433
275 346
152 79
270 307
352 213
2 358
166 170
36 293
376 262
136 14
323 96
281 24
90 12
21 339
473 46
70 488
92 61
214 165
268 482
269 346
488 177
112 343
179 224
13 366
265 326
451 162
231 39
81 324
43 288
431 193
16 406
421 136
79 356
13 477
92 94
112 114
333 310
378 453
207 277
388 361
105 327
374 74
365 497
360 359
355 325
102 117
184 87
297 412
113 22
138 136
400 394
289 390
472 180
417 287
53 383
392 260
95 13
104 29
291 305
317 378
104 409
446 148
478 348
129 148
359 390
258 305
498 111
366 235
144 27
124 272
146 387
270 476
122 2
104 444
55 95
290 96
113 464
476 155
476 469
70 423
176 274
315 58
135 38
497 147
289 38
239 239
74 146
203 443
417 108
18 346
221 355
219 25
267 238
86 494
242 236
73 235
424 46
414 109
458 391
31 383
430 197
380 391
68 94
474 440
69 153
449 20
142 134
284 323
163 310
45 106
57 73
429 306
369 159
240 434
427 419
343 90
65 358
356 158
32 500
143 254
86 5
327 283
38 307
232 368
334 137
468 223
447 438
269 405
287 27
29 258
150 177
276 298
294 414
497 460
347 146
357 466
448 335
155 16
36 495
222 334
140 1
458 30
94 92
411 354
305 499
440 477
144 364
101 223
123 88
449 262
50 383
131 383
293 366
476 366
485 317
73 400
103 73
163 271
62 195
37 215
491 380
400 398
125 290
129 416
179 449
197 468
81 33
252 488
496 394
312 186
215 229
346 382
388 363
459 400
354 308
491 295
193 107
472 491
227 217
484 245
89 40
133 433
18 402
159 29
216 444
336 110
479 31
325 429
378 449
132 183
377 449
381 165
353 182
397 378
283 378
354 339
224 423
85 163
115 430
446 280
8 165
90 384
162 76
416 331
401 335
336 91
181 399
44 238
203 320
460 397
344 341
209 192
401 395
10 170
480 95
163 154
437 307
46 367
386 269
127 356
321 418
389 162
402 187
147 124
169 58
170 312
179 406
156 362
255 474
370 197
370 272
153 282
399 490
162 442
174 490
342 164
152 246
457 80
450 233
354 210
267 174
23 409
230 27
260 41
353 302
180 154
170 382
388 211
442 72
294 383
89 337
318 109
324 195
470 215
240 218
31 73
82 461
307 246
368 192
93 399
263 155
267 393
317 276
245 484
437 267
497 220
485 404
459 163
123 366
240 77
138 65
78 175
173 262
360 67
460 105
459 423
113 203
180 167
461 434
412 207
201 304
47 279
8 404
487 289
106 107
383 344
255 232
131 304
490 495
218 287
227 44
425 191
56 74
185 411
284 304
127 74
22 121
11 318
425 46
229 295
238 295
193 39
407 438
353 469
196 391
428 480
57 94
185 74
309 297
277 242
291 108
27 466
211 108
437 207
347 157
398 28
217 289
356 133
26 159
482 1
119 443
52 52
350 378
215 313
108 500
220 2
128 266
398 141
263 410
441 490
167 395
240 262
473 181
120 440
82 159
82 1
122 290
427 107
373 196
488 75
464 55
20 307
420 310
489 119
288 481
19 149
105 255
343 419
231 427
485 56
25 402
75 454
499 459
266 355
266 349
62 244
187 55
322 53
475 338
249 498
65 448
164 310
331 83
121 371
90 55
138 11
385 480
14 211
344 444
296 56
106 345
409 499
178 243
174 230
255 100
206 109
390 200
342 365
265 39
462 452
349 445
250 264
492 424
313 405
210 56
412 401
409 400
139 211
469 467
461 171
341 370
164 117
319 115
183 228
391 288
358 294
303 419
315 100
357 169
310 434
129 66
293 39
294 203
86 197
409 325
102 211
188 102
109 471
331 18
73 342
491 269
72 487
64 293
367 140
88 179
217 215
69 258
404 231
401 353
188 40
455 99
330 147
182 171
324 432
97 419
195 422
347 117
147 410
257 401
176 213
65 474
415 249
263 429
213 254
72 28
331 475
38 286
278 145
148 468
84 97
108 448
116 378
175 58
322 139
291 77
486 80
193 219
3 112
278 114
276 214
8 458
73 171
267 262
275 443
119 106
355 64
62 494
341 23
200 500
385 328
466 24
287 169
425 265
186 420
126 376
203 380
180 193
133 293
296 216
460 444
470 445
323 106
153 144
27 429
489 400
119 153
126 265
125 21
169 0
271 1
164 110
239 131
136 165
455 336
362 166
82 493
83 104
219 247
340 425
438 190
368 144
199 137
462 144
191 30
406 449
411 461
227 343
369 144
404 70
366 462
129 59
58 287
75 447
278 289
383 59
480 98
407 442
227 27
382 368
370 1
155 139
342 462
153 156
148 375
166 256
446 68
183 6
107 218
388 313
204 495
205 301
500 493
237 258
358 94
13 465
479 133
323 144
137 331
432 164
225 141
449 43
413 262
399 76
305 471
259 156
173 452
140 457
493 79
0 8
279 239
112 130
252 317
178 152
341 449
336 151
53 277
439 394
224 178
196 186
433 425
50 28
197 274
406 102
399 415
99 336
185 464
276 379
416 157
233 361
111 118
230 465
422 61
212 272
299 165
120 111
260 143
338 242
466 252
390 198
12 337
33 56
441 109
234 360
87 17
379 302
175 303
294 26
409 259
304 243
234 256
194 364
373 204
92 210
390 385
187 489
348 363
104 329
180 496
157 368
121 355
111 63
250 217
393 6
462 368
393 208
271 291
486 344
409 278
217 449
114 358
248 204
106 365
347 324
252 492
283 380
86 321
210 89
454 291
257 474
100 235
434 242
252 380
333 397
249 164
490 295
116 358
454 278
46 23
475 13
471 340
18 9
317 44
297 14
37 5
138 137
300 96
372 233
300 339
207 358
416 389
206 116
254 13
332 481
295 137
73 90
259 318
299 380
293 148
444 129
474 251
390 276
404 414
326 342
325 23
114 28
222 271
282 130
95 202
109 382
283 141
330 121
178 305
8 451
283 301
494 42
198 425
193 123
123 15
437 330
489 29
276 40
284 120
419 319
25 25
305 376
188 434
476 16
451 446
257 290
47 489
384 185
268 268
263 153
83 77
306 32
329 182
418 301
131 41
189 205
345 29
209 51
264 78
281 2
85 493
256 376
102 274
330 192
248 244
287 498
242 137
202 118
37 158
110 15
399 199
364 115
317 74
277 195
19 192
105 122
152 172
236 134
251 428
283 265
222 41
49 22
58 141
264 318
419 406
84 484
59 274
194 458
432 101
184 327
295 472
373 495
249 203
28 38
253 202
492 325
289 374
332 258
460 309
131 430
403 312
169 362
123 313
491 218
205 462
367 33
242 474
31 2
221 373
74 400
107 102
328 251
260 429
248 341
108 305
429 167
406 46
324 431
150 122
455 317
430 353
180 93
154 314
441 13
125 265
448 271
233 382
110 276
460 355
260 278
357 257
226 452
462 212
370 262
145 324
259 413
230 51
313 466
146 332
259 183
447 2
80 135
244 279
45 15
1 161
21 253
88 279
226 416
463 393
187 322
447 488
488 387
258 321
499 149
77 217
12 102
81 123
166 443
273 184
31 208
443 322
44 472
343 473
276 312
305 18
498 439
101 283
6 454
487 32
399 318
92 381
419 103
467 370
327 22
480 200
272 163
187 442
149 239
345 144
41 28
387 372
466 140
408 234
390 232
483 41
376 368
33 41
4 332
121 392
380 250
493 32
119 77
427 329
46 409
13 464
128 231
342 439
440 29
356 158
313 76
85 281
421 408
73 408
354 235
380 80
35 41
340 340
57 330
359 133
349 388
405 306
127 254
495 2
2 50
272 229
50 232
330 446
293 206
291 378
485 56
440 150
245 103
353 34
149 6
357 147
189 111
413 423
417 22
496 111
186 365
191 27
217 65
261 64
132 405
389 160
485 85
423 107
262 116
153 322
48 368
336 164
30 461
85 333
398 142
183 399
398 192
143 290
378 346
295 80
132 476
425 155
196 334
210 239
214 463
84 137
367 234
177 437
454 410
55 205
442 290
272 147
31 120
93 328
382 459
52 129
78 347
80 163
129 355
163 345
35 268
19 362
43 298
88 25
135 283
31 19
138 401
331 302
39 61
405 159
237 67
381 2
236 221
33 1
208 386
28 55
234 355
170 69
250 363
135 270
485 293
274 202
423 85
170 349
310 13
307 291
386 280
268 153
48 72
142 67
478 52
318 281
34 175
307 147
407 9
30 142
204 108
59 240
88 417
402 238
469 134
271 275
55 318
149 94
473 141
147 483
426 168
1 115
385 137
302 61
80 387
275 53
213 364
62 153
250 30
306 352
146 153
461 168
316 191
240 479
139 170
69 193
152 28
58 432
500 118
392 493
477 69
210 70
27 404
103 402
62 364
297 237
285 159
87 202
226 435
276 477
421 307
16 411
381 178
99 135
288 289
391 365
127 425
401 421
122 459
324 447
423 356
259 429
360 82
96 329
276 410
456 391
188 286
273 413
497 177
221 29
86 342
16 245
206 342
286 432
406 428
391 362
249 232
101 200
465 177
404 0
323 182
352 293
132 301
389 303
368 442
222 28
314 452
27 61
111 92
121 444
16 477
131 2
276 47
301 257
237 476
355 395
333 222
224 402
223 135
378 469
78 184
18 183
254 472
349 196
315 90
212 175
414 329
3 16
29 76
236 422
50 269
347 336
409 276
228 133
347 489
214 460
435 263
425 172
454 245
345 351
47 476
455 108
410 169
384 219
113 217
279 182
68 281
91 35
240 255
489 99
94 45
161 243
231 470
86 220
498 268
192 355
78 431
93 461
215 335
217 195
50 119
158 260
142 284
383 28
143 185
272 490
451 56
406 28
30 84
95 396
222 307
28 441
408 358
392 88
190 79
402 94
392 439
189 18
452 109
437 215
91 199
295 411
2 65
384 5
323 67
184 147
116 473
229 296
381 339
258 457
295 47
71 333
0 470
250 133
128 255
450 323
177 75
89 267
178 472
437 198
164 283
188 169
307 188
361 121
5 112
433 43
30 251
473 6
67 102
256 318
469 338
373 403
105 438
138 454
92 342
465 478
262 356
400 191
417 484
144 332
32 366
342 13
26 208
233 229
23 86
384 41
393 30
339 2
117 341
75 260
442 263
402 112
24 97
296 171
454 141
28 56
429 351
112 381
19 231
143 419
459 227
319 128
51 375
254 216
6 34
394 183
213 80
37 15
367 68
448 373
125 456
143 164
173 228
499 340
440 54
20 371
91 92
81 9
114 229
279 388
334 250
429 97
45 213
27 214
445 265
472 134
251 210
336 215
357 153
114 238
197 293
447 2
179 270
212 454
28 144
203 479
385 209
203 31
308 184
51 357
42 425
487 242
184 79
162 50
447 488
299 484
492 373
408 373
233 170
324 389
310 85
29 398
167 131
283 14
472 274
9 294
132 417
355 47
14 165
176 323
310 398
16 416
329 332
5 169
266 123
355 456
102 275
239 364
427 426
327 394
457 257
196 194
190 349
235 371
40 288
58 201
357 4
233 309
152 426
373 160
335 395
15 112
94 499
197 91
226 355
329 264
135 368
302 382
429 51
181 475
449 218
191 134
356 264
108 389
433 221
267 351
57 74
459 45
354 282
331 27
369 260
136 369
351 318
461 328
39 491
421 221
279 380
226 203
124 104
324 146
23 302
165 17
182 8
373 320
492 131
322 362
91 11
229 203
304 227
144 455
87 451
125 147
177 13
244 437
207 72
452 108
41 286
208 341
420 368
274 493
273 242
225 469
96 121
69 367
162 286
146 461
392 174
292 199
61 271
78 85
301 197
171 123
61 17
123 214
462 255
60 194
374 284
330 265
12 339
50 367
432 65
419 345
224 130
40 491
110 361
391 26
287 449
99 247
169 152
337 205
435 143
297 293
490 309
1 182
312 228
484 84
298 314
392 57
219 18
222 189
419 117
446 137
168 167
295 198
40 471
151 284
0 468
224 218
206 407
431 267
119 116
451 464
40 89
323 159
91 497
198 324
38 209
327 106
474 108
450 143
59 66
199 347
150 498
379 143
245 263
302 226
376 485
300 392
330 230
442 69
208 124
387 210
337 472
116 494
120 170
322 278
54 211
310 65
420 249
493 449
280 233
350 428
319 142
112 272
328 184
279 183
207 73
478 431
371 289
388 150
112 133
103 471
76 124
252 92
440 201
336 350
10 194
345 54
315 457
494 400
281 488
76 383
231 467
131 411
479 29
382 471
298 35
126 498
469 250
316 162
323 117
84 451
442 382
91 68
107 280
396 373
55 335
205 334
447 281
353 479
440 453
57 376
239 206
251 57
316 120
70 420
167 377
193 241
104 480
276 19
207 361
492 468
454 373
15 172
172 104
387 136
85 187
148 56
74 409
220 459
179 373
79 422
415 448
166 420
21 267
194 61
421 422
204 405
374 423
43 140
221 254
64 457
457 444
42 385
442 326
3 360
214 160
153 188
55 490
193 136
338 482
192 402
60 495
163 144
292 163
34 220
420 179
322 191
123 389
440 114
321 477
55 461
349 280
373 486
99 199
443 354
407 442
235 4
281 29
326 321
303 217
202 497
41 232
284 78
476 373
80 430
57 104
420 136
464 137
462 139
208 36
351 163
5 253
88 362
433 439
186 271
473 439
40 275
255 207
356 497
249 216
371 435
311 218
238 440
71 227
168 249
292 326
40 152
124 410
113 335
206 247
242 412
211 42
51 402
365 118
3 404
115 142
15 80
6 82
67 28
129 31
442 222
232 74
482 492
376 19
284 417
497 485
346 362
200 443
233 267
83 469
284 477
256 45
345 150
142 91
248 42
443 313
159 142
408 246
422 169
26 249
212 23
127 434
420 412
166 123
419 154
146 442
294 292
492 107
208 370
215 81
141 64
187 53
281 154
296 164
195 64
355 121
117 380
303 473
20 342
91 433
45 237
60 20
416 171
468 40
448 391
166 385
309 93
269 500
381 442
3 154
294 330
71 91
388 236
478 128
418 58
285 307
475 211
499 338
358 63
450 69
107 396
374 353
183 342
299 467
286 79
224 275
183 424
260 123
296 40
316 168
481 54
348 385
438 367
431 4
316 318
84 369
52 351
247 145
312 143
48 233
219 305
89 379
286 172
165 473
353 66
217 290
349 279
301 177
462 64
420 106
130 477
419 13
302 110
206 7
419 104
173 60
499 137
30 23
107 85
112 420
214 459
336 233
210 71
60 206
216 276
406 283
330 343
334 460
80 229
82 200
375 26
152 467
109 327
162 247
179 296
212 245
342 210
417 372
408 83
165 17
97 18
273 384
262 258
105 407
279 71
165 377
496 56
233 276
210 79
395 23
178 116
257 500
410 124
473 93
455 60
108 167
262 5
319 307
440 373
209 175
174 466
344 126
462 202
180 391
207 215
95 24
130 43
97 179
391 33
1 489
309 142
395 49
58 123
317 395
479 247
237 70
117 343
216 138
256 142
363 463
204 64
124 283
136 59
14 302
291 191
176 361
493 83
350 365
262 69
290 252
309 440
232 8
109 74
414 49
430 80
276 355
375 283
347 300
472 462
272 31
411 398
254 195
116 69
365 135
33 387
156 1
4 167
215 326
303 479
407 54
411 426
303 413
488 16
477 157
34 277
335 415
2 25
67 47
51 176
419 96
407 20
413 255
265 462
497 145
149 271
149 382
499 399
99 37
60 258
316 61
224 143
194 38
483 36
212 247
297 216
252 100
473 427
276 381
204 315
59 483
315 483
303 13
17 188
448 312
257 115
136 150
1 246
392 110
382 303
121 136
301 58
6 433
304 390
437 450
55 144
250 460
21 315
411 151
316 392
86 116
59 480
204 158
217 92
78 495
390 155
129 230
249 210
94 61
454 155
421 437
293 2
19 131
328 113
44 495
143 36
350 50
432 276
216 196
70 335
450 186
202 479
271 308
124 362
372 152
397 35
292 136
220 327
271 115
426 412
109 29
128 316
42 410
352 111
214 316
162 109
123 223
251 303
61 192
295 307
252 308
468 35
169 275
199 416
283 405
211 14
487 18
57 239
235 108
66 426
360 155
281 268
460 81
28 257
266 119
449 315
87 129
336 475
471 65
115 74
340 324
22 466
481 236
176 396
33 311
234 143
240 175
417 87
459 29
149 356
131 438
362 128
254 320
72 229
163 192
123 50
259 181
495 171
361 206
91 107
434 177
304 385
84 97
166 412
81 296
124 347
442 131
341 46
83 495
312 73
326 498
96 418
266 470
11 413
466 138
180 450
406 77
367 112
197 235
424 153
470 466
289 303
133 379
262 10
79 219
262 318
401 268
10 396
241 116
52 246
420 250
93 344
61 178
199 41
138 174
135 15
473 167
273 369
401 124
62 50
88 174
268 160
428 475
62 294
224 317
430 315
12 483
81 294
420 339
295 63
309 454
457 438
459 170
94 421
16 405
60 70
208 26
469 238
497 25
445 474
487 411
236 124
47 12
81 131
39 426
76 291
398 312
180 371
437 453
202 336
419 429
36 65
254 334
156 242
147 4
448 242
16 187
307 420
222 171
130 286
403 163
55 315
296 370
119 309
165 222
250 162
31 330
361 127
68 321
12 176
176 215
120 166
458 313
142 78
41 464
286 312
198 221
234 1
148 314
101 480
349 167
423 253
90 232
166 164
404 153
208 223
440 94
247 294
437 206
95 339
414 354
201 392
7 23
221 349
393 138
364 107
315 386
191 245
465 212
8 376
199 24
248 428
497 7
272 205
105 263
126 363
398 97
456 174
367 110
140 252
26 483
169 256
265 403
295 481
148 421
86 212
359 457
314 298
196 251
460 124
146 489
17 40
11 363
39 76
152 32
382 300
95 317
24 159
403 478
9 87
66 108
397 108
261 378
255 475
103 411
114 99
33 134
251 299
464 446
205 333
314 162
14 297
194 273
427 271
336 6
246 112
126 425
362 254
416 469
215 195
422 121
5 486
35 369
87 191
49 368
431 206
498 262
286 238
191 320
382 455
278 163
318 349
65 148
347 273
363 208
94 361
159 471
149 207
63 475
368 113
320 35
101 325
160 224
297 399
224 220
402 337
271 273
79 414
140 435
406 358
130 380
186 391
435 268
316 202
31 85
51 107
83 83
33 480
24 176
4 4
344 38
75 126
448 224
80 13
463 100
411 220
247 73
22 41
173 448
469 182
377 24
23 306
443 428
92 39
71 247
123 333
487 157
258 47
464 301
310 155
479 449
20 292
221 220
312 106
385 100
490 438
294 201
462 140
54 173
177 104
284 321
140 146
135 351
381 446
41 136
128 127
386 134
110 419
2 465
100 279
42 15
449 75
354 123
298 256
116 496
282 379
401 2
375 197
384 333
341 436
159 386
175 370
1 114
59 27
263 476
141 446
271 450
409 323
432 35
425 427
465 349
355 56
256 273
167 335
409 220
173 43
33 332
49 36
302 50
293 103
231 294
457 228
472 491
266 367
201 482
329 351
154 54
46 301
287 242
275 157
233 218
4 456
244 168
230 111
136 476
287 153
262 93
76 375
193 448
225 183
214 496
86 116
197 319
64 25
455 279
187 101
133 443
91 434
420 83
50 386
62 496
362 36
354 53
470 441
219 490
407 20
282 336
448 291
259 7
68 147
411 36
49 401
167 68
388 125
371 95
170 312
298 426
179 55
357 326
321 136
26 274
236 225
446 38
445 297
171 198
495 374
72 340
459 491
158 59
122 363
190 95
479 309
430 12
241 160
470 249
153 78
101 166
339 201
183 342
191 229
49 311
260 330
0 9
33 313
104 32
476 14
90 281
427 404
298 215
240 155
402 16
94 137
287 3
392 217
412 278
328 451
296 438
285 167
78 7
487 9
418 283
3 298
240 59
191 172
231 279
184 259
341 452
406 350
438 148
320 80
306 359
105 473
26 36
156 86
46 196
4 7
213 11
284 174
146 76
363 213
156 210
393 468
437 429
68 196
95 435
465 424
156 37
371 423
6 341
374 105
74 256
310 331
307 283
445 17
481 375
14 75
376 151
221 270
120 159
16 303
331 123
59 413
176 292
250 499
496 424
248 448
117 146
289 359
231 293
267 60
435 34
428 462
367 67
495 385
254 164
466 114
250 66
120 223
31 191
412 475
119 442
364 390
208 221
270 231
305 480
454 183
211 349
482 275
244 185
241 490
334 233
500 273
92 393
381 200
402 18
250 385
491 77
10 331
272 77
153 319
450 437
383 162
380 194
54 229
69 173
459 69
447 483
44 48
221 135
424 117
19 197
423 324
202 407
498 16
347 173
366 1
95 250
105 191
98 325
433 302
143 124
301 215
192 273
251 27
292 28
319 195
422 274
4 15
433 102
3 321
227 397
196 20
404 348
418 374
47 160
114 162
236 248
167 424
434 230
53 482
400 356
94 209
111 101
348 57
136 498
412 202
89 384
204 381
29 248
428 197
246 341
94 358
195 285
292 318
446 244
314 305
113 139
237 140
185 322
35 348
25 244
243 110
102 232
154 228
383 404
78 227
205 229
403 321
229 254
389 320
136 164
235 348
441 186
264 485
56 61
380 86
41 435
320 15
335 284
477 190
51 105
446 478
186 334
14 331
361 49
88 373
129 364
282 48
420 207
352 161
237 331
137 143
145 453
109 251
239 90
200 172
198 86
441 271
125 328
199 120
434 226
423 118
133 178
0 186
355 466
156 113
307 247
173 204
140 176
341 492
162 191
308 241
391 274
326 13
492 21
360 270
433 176
23 308
9 106
6 464
440 17
54 230
276 469
418 473
401 146
483 248
308 384
346 192
330 380
70 253
70 66
465 324
11 256
383 354
441 333
261 161
470 390
154 330
35 114
137 328
424 152
467 459
234 6
361 198
167 440
465 157
117 368
157 89
178 274
40 158
189 437
391 331
35 23
10 108
69 337
269 67
305 310
169 432
199 223
259 355
411 236
184 179
377 206
436 325
384 162
498 238
60 469
268 232
328 55
473 337
384 299
344 451
356 26
166 22
158 305
386 209
214 30
215 180
404 340
364 453
472 157
481 191
477 492
316 31
283 235
432 142
122 247
103 45
25 266
266 145
269 376
436 312
124 217
331 380
275 419
73 120
59 420
96 461
145 154
180 242
431 221
304 70
28 322
90 223
68 336
483 493
262 212
23 41
449 383
335 295
176 87
15 407
349 499
197 358
274 253
60 277
418 230
362 12
385 449
62 216
16 215
307 387
53 492
469 189
479 239
207 474
321 77
497 1
480 283
233 81
52 92
179 23
391 21
222 284
263 235
380 252
98 369
21 440
216 280
460 243
352 86
354 205
227 291
384 130
136 451
132 312
175 421
94 190
38 491
318 228
389 228
120 464
91 335
118 43
162 353
297 185
27 364
363 80
471 307
257 36
122 192
13 203
14 149
302 322
403 274
312 278
76 248
294 215
196 446
357 78
59 299
474 177
111 75
117 330
490 6
319 419
29 434
460 26
411 44
381 283
225 247
231 430
340 475
177 230
167 291
83 165
204 158
226 432
308 433
297 482
152 216
490 398
187 487
494 96
91 393
376 229
83 214
67 78
414 25
366 405
201 423
20 281
473 309
41 379
87 38
322 494
35 73
205 44
413 230
432 318
167 426
77 352
328 496
398 485
351 25
357 170
107 68
348 383
266 458
343 263
333 378
7 198
269 235
296 245
424 163
273 10
355 447
14 310
212 281
335 197
243 180
461 458
301 211
447 351
316 138
488 198
240 472
70 154
259 259
121 325
273 35
228 263
74 198
241 424
406 80
248 55
10 451
218 46
95 431
466 192
429 85
241 74
327 311
487 249
245 150
43 64
242 10
25 242
181 391
407 383
335 106
277 333
439 414
332 401
384 492
241 497
261 9
62 423
370 379
228 492
373 271
19 384
118 376
106 112
433 348
413 488
463 484
169 282
62 408
471 484
113 441
389 496
35 184
204 150
294 231
466 195
171 357
421 452
366 462
488 403
401 186
9 153
217 271
499 97
274 223
369 380
293 64
122 219
73 461
339 345
25 27
282 218
13 217
323 94
327 307
403 194
60 483
485 12
194 295
339 200
382 470
165 79
352 347
24 43
74 285
254 310
412 171
479 463
250 16
34 98
33 221
301 162
470 250
385 219
453 460
159 83
139 483
53 406
381 2
172 119
151 477
195 226
430 369
487 242
3 249
5 215
490 105
83 30
436 380
497 16
70 69
444 464
337 277
428 428
148 371
242 467
304 314
95 287
99 333
237 251
465 271
54 56
357 3
283 32
212 59
142 267
460 366
75 301
434 286
242 221
63 235
490 480
55 344
83 304
246 157
152 0
312 239
355 407
419 273
494 408
401 434
455 249
224 441
114 191
57 63
395 139
418 52
323 232
25 191
197 251
272 155
367 367
309 179
312 373
59 275
84 292
451 85
322 33
176 5
433 152
101 138
376 102
428 263
114 361
199 186
317 452
347 69
424 135
344 66
472 271
445 291
423 344
29 491
110 499
419 54
279 418
488 493
301 261
488 326
422 124
459 471
358 413
76 111
132 236
144 317
454 261
370 89
380 328
423 38
56 216
345 482
217 356
423 13
122 429
163 442
450 233
267 28
95 179
414 164
498 39
355 76
142 245
200 289
293 70
90 92
121 273
204 306
275 52
441 215
156 236
458 278
65 422
353 488
487 158
28 250
384 358
232 453
129 9
74 129
394 441
28 324
175 443
178 463
449 109
58 148
420 240
362 468
500 429
130 491
100 174
103 470
375 142
455 289
342 359
368 64
31 426
283 203
169 332
452 236
295 387
368 256
2 64
260 453
400 175
322 40
55 387
87 244
428 167
76 272
135 107
209 37
37 190
237 405
333 39
141 29
152 142
249 441
194 11
474 23
249 314
235 381
403 460
186 91
452 246
456 127
285 457
472 493
436 466
157 342
347 322
405 167
55 137
275 249
328 216
439 28
333 414
95 149
32 77
484 15
384 301
438 163
214 95
469 349
427 451
487 90
282 221
471 188
212 206
164 92
450 347
216 91
201 426
420 437
8 362
163 385
365 314
450 67
329 64
177 248
432 414
144 415
493 472
139 487
253 400
263 41
133 263
145 24
255 121
68 51
133 428
299 65
71 86
203 163
373 349
52 115
124 192
497 88
475 486
404 232
132 305
330 45
383 247
161 94
234 43
65 380
354 175
339 68
244 319
180 416
39 192
380 72
401 236
242 275
444 258
243 49
364 299
93 226
221 93
143 110
394 8
14 4
232 170
19 67
242 38
246 37
299 306
451 279
346 377
343 165
418 105
82 414
183 371
495 72
180 380
92 320
392 305
140 339
485 34
149 309
200 131
110 122
491 380
373 328
126 8
251 101
69 262
362 149
229 137
313 213
291 148
415 350
286 308
137 350
209 251
399 481
27 65
497 284
217 170
165 369
346 334
97 314
224 214
362 314
201 245
337 15
418 373
346 409
234 470
418 132
136 316
416 439
475 347
91 151
355 148
402 344
354 208
74 269
280 50
432 493
161 68
50 102
175 344
151 262
436 22
182 241
72 14
211 261
78 112
305 357
145 215
56 46
335 45
438 277
85 84
468 454
245 85
261 500
289 386
445 350
161 461
35 431
246 66
451 179
351 260
115 419
76 267
474 154
81 228
366 222
96 218
424 98
48 289
458 298
102 137
402 454
369 314
172 112
396 425
252 50
292 38
221 101
278 314
301 387
122 308
26 260
496 32
348 252
109 334
365 199
30 203
13 19
429 310
198 322
328 478
63 424
437 60
70 204
162 234
214 227
238 455
208 90
100 461
14 246
354 103
327 285
79 385
450 290
461 387
380 373
300 24
28 392
203 288
454 136
293 77
166 444
39 343
46 408
26 391
78 154
298 318
58 494
453 49
383 124
371 387
72 396
407 218
207 220
437 329
234 202
306 418
118 289
257 6
75 297
61 79
424 12
19 1
55 338
78 369
260 264
155 14
281 355
431 420
356 81
430 496
403 406
63 47
99 233
26 73
3 19
323 225
303 399
261 432
85 53
275 29
306 118
462 141
294 358
447 140
441 221
328 72
254 55
448 157
92 28
253 416
426 26
179 350
66 177
352 244
211 405
457 367
488 140
157 217
148 221
311 404
104 115
8 438
481 185
67 23
380 296
453 40
281 314
259 433
182 428
484 470
281 26
402 299
34 438
494 313
19 236
57 49
3 8
377 396
71 44
471 51
186 191
464 74
491 492
499 333
279 297
351 373
299 29
297 386
100 347
72 337
410 106
440 107
276 40
212 129
430 99
295 245
88 439
82 239
108 219
173 245
175 190
14 218
466 357
481 340
171 326
447 337
471 320
199 311
467 73
358 24
373 460
158 43
423 227
150 217
373 317
225 25
451 79
152 222
310 479
328 242
223 148
139 113
71 232
412 439
398 205
70 320
381 169
140 469
221 374
118 109
22 137
147 244
455 258
410 137
37 271
34 322
276 346
438 231
392 67
476 472
122 39
274 298
9 428
414 468
184 287
265 182
445 62
54 175
258 477
232 266
68 26
237 291
97 230
20 230
351 121
278 184
225 222
173 257
349 150
7 454
156 103
359 468
499 138
368 18
481 174
65 307
325 430
66 187
340 471
210 115
409 256
490 262
213 60
299 329
387 372
72 422
356 368
235 393
255 252
401 110
493 26
58 471
13 66
82 411
345 464
292 54
207 102
304 380
237 17
418 27
246 423
457 92
347 139
118 141
0 414
224 56
371 41
476 396
153 303
398 177
478 411
275 498
87 308
180 9
443 413
253 247
272 379
196 254
238 472
395 3
233 118
490 449
43 447
304 333
307 452
57 272
355 86
487 192
379 44
458 117
28 306
429 2
198 74
235 375
315 10
89 132
81 214
211 478
484 377
2 337
500 327
265 314
220 113
40 354
418 302
161 343
437 132
85 96
247 11
361 450
37 255
117 382
319 41
6 173
361 429
40 470
75 151
21 435
449 30
13 485
117 95
241 287
183 187
174 137
210 90
152 413
160 402
379 281
114 49
447 200
160 286
158 125
486 289
394 186
474 49
341 226
166 34
74 461
344 323
236 120
177 360
426 226
112 71
117 418
315 168
209 416
254 150
182 168
236 417
336 136
173 6
41 93
206 356
138 81
166 460
207 292
342 415
50 62
491 20
376 14
426 242
339 261
494 45
392 490
36 56
440 323
126 321
23 221
198 77
155 446
120 424
363 384
39 311
1 453
56 477
432 28
2 31
269 25
55 180
471 499
343 380
293 131
386 161
229 239
278 263
108 271
152 230
224 233
243 101
32 64
395 333
285 265
429 60
33 255
337 137
465 448
404 327
60 261
71 251
40 370
69 404
424 383
154 269
360 326
438 241
296 491
487 454
169 40
130 281
386 250
172 47
471 5
322 311
435 153
171 162
404 294
315 241
350 102
217 38
237 232
441 74
245 103
446 387
4 482
312 343
442 201
357 14
76 382
373 406
321 196
233 222
286 367
326 151
377 258
33 352
452 74
166 438
151 336
153 267
324 9
423 365
36 364
339 495
119 226
186 251
190 460
277 124
226 51
183 397
217 358
420 128
463 47
297 44
84 186
332 499
246 55
95 51
390 374
470 312
492 296
250 57
344 464
88 404
38 14
362 498
30 282
326 289
367 411
321 190
61 486
478 266
191 245
463 376
275 481
327 453
171 63
360 301
405 89
181 335
312 143
461 454
109 454
184 238
447 385
120 307
421 336
339 245
137 74
252 19
33 416
290 106
149 76
296 434
386 99
280 84
371 350
86 467
81 85
166 299
265 18
207 422
427 206
385 330
128 329
25 292
197 338
7 289
207 91
56 169
373 370
48 482
358 290
49 498
235 449
125 249
278 494
226 428
189 218
192 49
16 140
63 107
309 409
359 34
397 240
141 176
192 126
152 217
62 318
237 114
357 273
297 171
214 266
130 220
17 386
256 48
187 400
118 403
498 186
10 116
60 416
229 261
267 104
125 159
82 205
341 85
79 313
410 413
147 102
384 70
144 404
402 340
381 454
160 303
48 11
272 313
109 340
245 84
205 443
124 296
381 480
343 414
26 150
272 112
121 400
314 55
487 211
392 234
350 179
241 361
374 161
388 88
353 249
371 354
37 447
63 64
424 41
370 404
377 229
334 83
2 340
24 246
286 410
493 233
296 90
11 359
239 255
15 208
165 307
169 240
395 26
389 27
40 70
282 32
107 328
54 123
369 356
473 256
126 293
28 435
44 9
442 409
370 171
319 12
132 167
377 325
78 126
54 454
64 176
424 413
104 123
17 417
99 216
365 385
261 374
50 130
361 361
207 361
74 285
433 274
153 70
30 331
344 80
330 140
253 205
331 221
322 30
476 500
58 332
39 486
108 50
321 250
306 254
339 71
41 477
378 1
466 272
452 469
74 405
265 124
386 441
37 153
110 1
303 135
18 441
435 455
440 310
10 450
342 317
496 201
113 470
261 178
448 98
419 312
497 334
431 67
354 32
220 365
351 29
431 81
46 446
146 343
3 235
325 8
279 135
479 487
344 146
425 42
363 363
465 377
416 162
454 126
109 67
167 386
184 67
143 94
258 246
268 410
184 221
13 17
399 37
187 307
11 235
472 84
69 349
105 361
235 330
480 306
455 47
10 66
57 272
445 149
112 160
202 12
188 357
460 14
336 217
374 361
436 421
48 366
201 91
465 488
472 142
453 120
266 149
447 325
209 25
485 70
262 35
377 342
283 151
490 118
487 397
241 188
266 66
308 32
471 394
82 6
450 66
315 148
369 498
347 137
418 223
46 84
436 381
373 222
194 338
158 111
312 338
106 212
47 420
433 87
423 57
65 201
318 376
64 389
166 30
457 1
194 64
445 402
14 320
8 62
155 292
363 348
388 50
381 234
17 338
132 109
495 309
156 383
184 52
164 84
279 456
76 278
291 41
495 432
185 197
258 80
439 371
147 264
201 373
209 201
195 306
28 195
460 432
485 135
354 137
322 349
127 246
202 245
395 405
237 106
72 468
30 239
35 259
453 181
337 356
49 435
394 473
25 370
68 226
441 75
202 174
76 145
361 210
334 292
283 287
96 11
159 12
130 140
357 363
151 86
164 21
286 236
186 116
305 187
65 466
240 447
211 111
269 47
456 380
275 335
289 493
182 87
212 357
337 419
240 300
328 384
160 314
357 436
16 41
85 272
411 102
202 183
329 441
311 338
495 29
428 2
123 422
388 437
464 480
88 2
379 392
384 441
364 493
394 486
76 215
154 245
109 331
112 257
162 129
168 412
193 308
84 164
487 56
322 64
393 314
28 304
339 392
146 306
336 463
8 354
297 55
42 338
152 262
316 167
206 9
347 197
87 103
276 105
111 219
462 227
201 247
379 291
474 206
368 256
155 93
475 197
185 145
349 303
436 294
249 307
280 495
291 77
317 189
59 257
309 184
181 403
95 405
372 90
76 158
417 465
195 223
477 118
83 152
470 126
8 377
206 190
415 389
244 355
275 217
237 150
170 252
406 271
430 479
404 483
269 434
335 97
139 436
375 313
191 282
295 477
111 180
266 93
460 486
426 467
474 122
398 251
140 222
214 312
98 327
415 226
358 72
430 393
377 281
29 450
391 408
228 173
473 10
415 291
474 172
452 438
212 325
238 351
331 23
364 59
74 418
371 487
217 264
394 340
325 28
457 34
15 242
123 158
16 496
140 281
397 156
163 98
148 385
230 212
374 396
481 145
207 71
215 17
88 492
154 70
467 316
169 399
79 399
326 383
101 203
8 386
66 24
471 355
408 32
150 260
361 296
222 348
58 421
44 29
367 266
317 486
47 428
191 68
361 54
425 131
247 135
230 284
341 434
212 239
75 269
230 431
254 488
1 223
205 335
147 183
403 478
77 279
386 231
379 11
319 454
156 461
122 303
370 154
378 470
102 188
86 146
132 23
32 313
364 220
30 12
2 426
18 353
390 266
364 148
316 330
24 157
163 260
183 370
179 21
438 167
110 489
199 323
274 159
81 109
393 457
250 239
28 254
113 432
492 322
3 374
391 53
134 383
402 300
150 251
245 460
442 249
418 220
217 196
441 332
434 465
252 40
472 370
345 404
385 305
436 462
327 180
115 24
364 16
86 493
248 390
109 306
151 495
417 133
384 297
202 46
116 20
59 172
85 414
104 376
52 15
351 246
242 57
261 427
101 81
224 438
63 436
16 271
241 422
194 231
304 447
306 332
51 8
435 27
455 164
34 439
497 60
74 151
263 160
119 55
491 213
490 349
403 339
363 461
344 369
103 140
331 365
217 430
4 100
398 153
59 173
464 318
14 40
340 124
316 17
215 107
180 403
448 49
390 255
208 235
302 189
225 201
482 12
451 486
436 70
360 293
74 76
117 70
160 437
228 222
257 247
367 128
340 120
378 116
363 0
358 405
43 468
317 95
444 367
352 130
370 162
338 207
227 117
233 209
474 113
301 196
256 231
168 190
216 264
351 17
112 343
52 482
39 330
494 132
29 97
176 312
21 471
352 202
417 227
41 24
227 439
364 465
362 391
246 490
424 12
288 213
403 115
405 177
123 228
88 239
186 269
13 89
34 164
328 39
222 419
281 52
378 481
99 296
263 130
303 105
131 239
316 377
3 356
387 424
291 443
35 412
306 441
47 194
155 14
191 43
402 168
481 51
335 223
336 335
330 23
272 114
23 198
166 356
424 87
268 58
87 380
35 333
1 128
0 240
103 470
311 472
255 343
235 307
444 491
139 110
151 282
281 397
84 44
328 45
1 343
486 134
263 111
446 299
364 308
383 94
395 124
157 500
121 270
209 298
311 346
378 319
469 72
202 146
193 419
280 166
426 126
82 59
3 334
153 323
198 104
319 111
236 44
231 446
194 80
62 337
356 174
447 418
414 337
163 304
452 203
415 379
99 415
229 301
463 473
95 19
487 419
224 152
25 209
294 434
107 274
294 102
176 462
254 142
9 413
178 146
265 338
407 67
426 455
134 485
19 300
167 369
359 289
176 372
468 307
156 490
465 449
170 362
19 84
131 46
178 77
60 180
118 416
142 409
33 384
195 144
438 114
434 333
495 3
189 162
45 162
15 350
85 195
10 332
450 394
428 466
453 439
438 129
342 261
317 68
184 472
259 393
405 244
244 458
1 245
10 136
10 81
329 65
168 333
212 193
126 310
274 492
26 131
440 8
343 262
104 61
59 146
269 330
48 191
179 394
218 254
26 77
368 96
83 306
246 76
78 38
478 219
80 192
415 62
424 123
252 85
46 213
314 243
405 32
486 13
490 217
354 102
93 442
341 496
131 466
279 215
416 120
144 214
150 155
380 91
194 70
447 223
245 492
39 79
217 429
1 477
338 334
185 273
219 277
444 53
158 314
393 431
337 269
438 453
285 86
251 89
340 246
497 403
276 118
392 460
111 481
209 253
160 58
22 68
145 31
65 460
414 451
359 204
141 198
275 212
235 206
223 342
119 345
421 156
458 485
443 108
199 286
342 274
282 299
126 17
363 484
243 69
46 390
184 286
341 364
62 154
426 177
385 58
407 249
209 157
448 68
331 484
459 24
99 406
240 253
276 11
326 275
83 425
94 258
391 435
213 235
121 469
429 328
221 331
461 310
231 57
264 205
444 158
346 114
226 28
78 320
147 124
150 189
113 50
240 488
491 331
4 45
211 273
274 378
448 464
158 194
48 106
322 317
230 68
287 228
219 369
4 45
259 317
279 126
45 317
195 219
17 350
255 140
439 340
402 103
48 286
49 433
417 16
276 290
151 365
436 397
291 119
232 372
415 329
273 336
421 289
485 420
400 179
190 255
186 47
405 97
280 141
300 125
85 403
499 179
453 462
0 47
102 129
302 359
409 46
384 498
51 148
418 475
178 423
443 286
86 135
136 266
326 115
222 139
235 148
350 286
370 440
203 422
491 17
253 82
214 179
182 480
235 48
388 156
6 184
415 160
382 475
12 179
226 357
387 6
205 340
319 269
133 91
352 350
318 359
12 481
324 363
433 419
173 117
317 175
140 388
239 301
453 77
401 393
353 442
157 294
400 263
344 368
500 99
220 47
114 402
118 420
239 360
68 469
414 296
261 306
247 176
346 180
331 329
303 470
107 126
229 355
148 367
416 489
40 216
173 357
497 257
262 279
374 459
499 91
462 28
24 166
365 63
207 66
428 135
304 291
450 329
270 317
26 198
421 340
460 423
374 238
278 149
99 239
330 312
253 85
107 327
290 336
87 8
371 128
64 440
98 176
151 217
145 378
100 435
190 264
302 439
61 269
295 21
446 219
177 349
94 464
288 413
491 101
331 65
90 48
58 430
453 420
449 53
493 90
234 162
147 334
93 17
157 87
450 67
28 477
298 431
199 355
428 381
131 263
209 101
179 424
241 133
117 120
71 444
70 388
179 364
311 303
319 369
262 403
313 299
120 472
405 249
16 405
208 269
416 173
370 471
101 64
171 89
135 319
269 247
135 467
23 237
16 61
330 480
294 109
444 416
82 489
464 62
85 286
67 276
449 212
397 222
394 41
294 494
283 238
55 61
394 394
495 100
6 214
173 81
98 281
462 263
148 11
359 366
99 398
141 331
171 499
276 307
407 90
167 284
394 55
168 197
453 488
100 344
488 480
60 43
302 297
14 267
102 121
219 386
114 184
235 26
412 303
481 248
178 382
154 34
47 340
414 391
199 500
197 307
275 116
485 355
167 445
414 184
493 497
104 158
387 291
150 114
105 384
423 223
423 469
429 52
488 344
220 388
165 42
296 171
117 144
460 471
497 482
190 157
12 325
223 340
182 480
319 382
262 448
361 273
321 378
281 256
232 15
32 305
278 268
370 464
60 454
2 52
169 378
358 268
485 358
60 23
2 191
170 290
164 127
348 365
420 252
268 60
33 465
206 160
6 89
208 22
36 379
15 278
337 289
264 143
430 57
295 364
294 258
221 151
302 379
212 234
31 309
278 219
440 293
280 7
212 61
62 99
417 407
197 435
58 31
373 470
262 175
241 287
353 475
166 117
387 429
118 217
451 97
324 104
225 47
43 402
204 147
132 17
360 474
336 474
179 362
347 427
157 225
268 374
211 136
498 180
122 357
485 454
83 356
158 315
388 461
172 161
151 457
58 377
245 258
254 111
374 90
91 493
328 97
295 193
242 370
231 102
90 282
71 84
167 35
98 287
287 285
185 351
296 451
320 311
226 143
368 293
19 78
448 250
385 492
59 190
185 189
434 130
189 445
459 79
350 191
328 17
416 18
60 316
279 431
276 26
419 10
462 80
389 353
491 291
166 459
458 409
440 160
259 359
361 8
80 80
274 162
57 290
489 360
131 9
241 298
168 116
325 135
156 7
161 110
229 168
352 492
322 142
119 172
213 273
411 459
420 146
467 425
154 264
382 109
24 204
293 298
369 287
96 481
471 360
204 435
381 314
110 335
386 402
389 342
276 98
232 156
447 481
197 213
59 322
412 51
214 134
177 441
493 76
28 422
362 153
11 15
299 297
145 237
423 397
461 497
257 8
97 414
226 99
157 46
144 343
394 31
102 58
334 16
201 37
50 138
10 179
412 268
411 133
413 106
55 21
329 28
104 335
400 117
174 335
326 243
237 7
365 441
498 276
137 411
247 455
34 475
17 484
447 322
427 286
469 125
416 462
93 165
422 41
55 458
149 460
310 435
176 417
386 256
353 266
486 110
355 79
197 448
101 227
320 11
252 111
245 26
